 0,17,12,-48,-29,-41,-15,
 1,18,12,-47,-30,-42,-15,
 2,17,12,-48,-30,-42,-15,
 3,18,12,-47,-30,-42,-15,
 4,17,12,-47,-30,-43,-15,
 5,18,12,-47,-30,-42,-15,
 6,17,12,-47,-30,-42,-15,
 7,17,12,-46,-30,-42,-15,
 8,18,12,-47,-31,-42,-16,
 9,17,12,-46,-30,-42,-16,
 10,17,12,-46,-30,-42,-16,
 11,17,13,-46,-30,-43,-16,
 12,18,12,-45,-31,-42,-16,
 13,17,10,-44,-30,-42,-16,
 14,18,10,-44,-30,-42,-17,
 15,18,8,-42,-29,-42,-17,
 16,18,7,-40,-27,-42,-18,
 17,17,6,-37,-25,-42,-19,
 18,18,3,-35,-24,-40,-21,
 19,18,1,-32,-21,-39,-22,
 20,18,0,-27,-17,-37,-26,
 21,18,-2,-21,-12,-34,-29,
 22,18,-5,-15,-7,-31,-34,
 23,17,-7,-10,-3,-28,-39,
 24,15,-10,-3,-1,-26,-46,
 25,15,-11,2,5,-23,-53,
 26,14,-11,13,9,-19,-62,
 27,14,-12,21,12,-15,-73,
 28,11,-11,24,14,-11,-85,
 29,10,-12,31,18,-8,-99,
 30,9,-11,42,20,-4,-115,
 31,7,-11,54,19,-1,-131,
 32,6,-16,61,16,2,-142,
 33,4,-15,56,20,6,-151,
 34,2,-18,55,21,7,-134,
 35,1,-20,51,28,11,-125,
 36,-1,-21,61,35,12,-122,
 37,-5,-20,69,36,15,-119,
 38,-6,-18,63,38,17,-115,
 39,-8,-18,72,38,16,-116,
 40,-10,-17,70,38,17,-116,
 41,-10,-24,78,40,18,-116,
 42,-13,-39,79,39,18,-118,
 43,-14,-34,88,39,19,-121,
 44,-14,-37,92,43,20,-122,
 45,-14,-38,94,46,21,-121,
 46,-14,-41,101,49,24,-117,
 47,-17,-49,100,51,25,-114,
 48,-16,-60,97,51,28,-117,
 49,-16,-63,95,49,29,-122,
 50,-17,-63,94,51,31,-124,
 51,-20,-67,94,55,32,-120,
 52,-20,-68,94,57,32,-118,
 53,-21,-67,97,56,29,-123,
 54,-22,-70,93,56,29,-125,
 55,-21,-67,96,60,29,-117,
 56,-23,-67,100,60,30,-114,
 57,-23,-67,97,58,33,-120,
 58,-22,-63,96,60,35,-115,
 59,-21,-66,97,64,36,-113,
 60,-21,-61,92,62,34,-121,
 61,-22,-68,96,61,31,-116,
 62,-23,-66,99,65,29,-112,
 63,-25,-71,96,61,31,-118,
 64,-24,-69,98,63,33,-113,
 65,-22,-72,97,65,36,-117,
 66,-21,-66,99,61,36,-113,
 67,-21,-73,91,65,32,-108,
 68,-22,-67,95,60,30,-108,
 69,-24,-63,89,65,31,-107,
 70,-26,-64,91,63,34,-116,
 71,-28,-62,88,68,36,-111,
 72,-27,-64,92,64,32,-117,
 73,-29,-71,92,71,29,-114,
 74,-30,-68,93,66,29,-110,
 75,-34,-70,102,71,32,-109,
 76,-37,-68,101,67,32,-106,
 77,-37,-69,93,67,32,-114,
 78,-38,-68,88,70,29,-111,
 79,-40,-67,98,68,30,-107,
 80,-43,-65,96,69,33,-109,
 81,-45,-66,91,72,35,-107,
 82,-43,-67,92,71,30,-110,
 83,-39,-70,93,69,28,-118,
 84,-40,-65,91,72,31,-113,
 85,-44,-59,91,75,36,-108,
 86,-41,-64,82,77,33,-109,
 87,-37,-65,87,75,29,-113,
 88,-41,-73,89,76,33,-114,
 89,-42,-68,83,72,37,-114,
 90,-40,-68,84,73,35,-113,
 91,-42,-69,91,74,31,-111,
 92,-46,-69,91,73,34,-112,
 93,-46,-71,89,75,36,-112,
 94,-41,-73,93,75,34,-105,
 95,-46,-64,95,80,31,-112,
 96,-45,-65,91,78,33,-113,
 97,-43,-78,89,82,34,-112,
 98,-49,-71,93,82,32,-109,
 99,-47,-65,85,84,29,-110,
 100,-45,-70,95,76,32,-108,
 101,-48,-66,93,76,34,-110,
 102,-45,-76,92,83,33,-117,
 103,-45,-67,98,77,30,-119,
 104,-46,-62,91,78,32,-114,
 105,-42,-67,95,81,35,-116,
 106,-47,-66,97,75,32,-111,
 107,-44,-67,92,80,28,-111,
 108,-44,-63,99,83,31,-115,
 109,-49,-69,96,80,35,-116,
 110,-44,-70,97,77,34,-111,
 111,-51,-68,92,77,32,-114,
 112,-45,-76,93,74,32,-117,
 113,-50,-68,95,81,37,-112,
 114,-44,-65,90,84,37,-118,
 115,-46,-71,90,78,33,-107,
 116,-44,-73,85,84,31,-111,
 117,-47,-69,94,78,33,-117,
 118,-45,-72,90,80,36,-111,
 119,-47,-66,93,81,36,-115,
 120,-42,-57,98,80,33,-111,
 121,-47,-60,103,81,31,-122,
 122,-44,-65,93,78,34,-116,
 123,-50,-61,102,79,37,-115,
 124,-45,-72,99,82,38,-116,
 125,-50,-71,93,83,37,-111,
 126,-46,-68,94,83,33,-119,
 127,-49,-71,94,78,32,-112,
 128,-44,-71,92,77,35,-106,
 129,-50,-74,91,73,36,-105,
 130,-46,-69,81,77,34,-107,
 131,-43,-74,73,78,34,-108,
 132,-46,-59,74,73,34,-107,
 133,-41,-65,87,83,32,-113,
 134,-43,-63,86,81,29,-113,
 135,-45,-60,96,81,28,-107,
 136,-40,-66,99,79,27,-105,
 137,-46,-59,100,76,28,-111,
 138,-50,-74,97,84,27,-106,
 139,-45,-73,96,83,27,-109,
 140,-48,-72,100,84,24,-105,
 141,-52,-79,100,91,19,-105,
 142,-49,-75,103,89,10,-101,
 143,-52,-69,97,86,0,-103,
 144,-54,-65,103,91,-10,-106,
 145,-50,-73,102,88,-17,-108,
 146,-48,-66,95,93,-18,-106,
 147,-50,-72,101,91,-17,-102,
 148,-46,-62,97,85,-25,-102,
 149,-45,-71,98,87,-27,-100,
 150,-43,-64,97,89,-24,-104,
 151,-46,-82,90,80,-31,-102,
 152,-50,-73,99,85,-30,-102,
 153,-50,-79,97,87,-28,-101,
 154,-47,-68,98,92,-25,-97,
 155,-47,-71,97,90,-28,-104,
 156,-50,-62,103,90,-30,-100,
 157,-53,-67,103,87,-30,-100,
 158,-56,-68,105,92,-30,-99,
 159,-55,-79,98,97,-34,-95,
 160,-52,-77,101,90,-35,-95,
 161,-52,-69,96,96,-34,-103,
 162,-46,-81,103,93,-46,-102,
 163,-48,-69,105,92,-63,-98,
 164,-46,-77,94,99,-76,-97,
 165,-44,-66,89,96,-68,-96,
 166,-43,-73,94,90,-71,-98,
 167,-41,-79,100,88,-63,-96,
 168,-42,-64,102,99,-71,-96,
 169,-46,-80,97,102,-67,-96,
 170,-44,-81,100,96,-70,-105,
 171,-48,-79,99,96,-66,-103,
 172,-48,-75,101,96,-65,-104,
 173,-48,-65,97,111,-71,-104,
 174,-48,-81,105,106,-71,-110,
 175,-49,-70,103,105,-70,-108,
 176,-49,-68,107,98,-72,-109,
 177,-51,-83,102,98,-72,-120,
 178,-49,-80,106,103,-71,-113,
 179,-47,-75,105,112,-70,-115,
 180,-45,-82,108,108,-72,-112,
 181,-49,-78,99,115,-70,-114,
 182,-53,-76,97,117,-76,-118,
 183,-51,-84,101,118,-79,-116,
 184,-51,-86,100,110,-79,-118,
 185,-45,-75,97,107,-75,-123,
 186,-46,-82,98,110,-80,-117,
 187,-48,-82,105,108,-84,-116,
 188,-52,-83,105,118,-80,-121,
 189,-51,-65,105,122,-82,-117,
 190,-51,-87,107,95,-83,-124,
 191,-54,-88,117,115,-75,-115,
 192,-51,-87,113,121,-84,-117,
 193,-54,-91,107,132,-84,-110,
 194,-60,-76,112,122,-80,-115,
 195,-52,-84,105,115,-88,-108,
 196,-51,-86,112,118,-77,-111,
 197,-51,-86,109,108,-85,-113,
 198,-55,-84,110,118,-80,-116,
 199,-55,-86,107,117,-85,-120,
 200,-47,-94,100,106,-87,-113,
 201,-53,-89,101,123,-80,-113,
 202,-54,-78,106,121,-89,-113,
 203,-47,-82,104,118,-84,-115,
 204,-52,-86,108,121,-88,-113,
 205,-57,-84,98,106,-86,-116,
 206,-50,-87,110,104,-90,-125,
 207,-57,-77,113,112,-87,-117,
 208,-58,-88,104,111,-96,-116,
 209,-51,-91,108,116,-88,-116,
 210,-55,-89,101,126,-93,-118,
 211,-58,-86,114,126,-90,-113,
 212,-53,-87,101,125,-87,-110,
 213,-55,-95,110,114,-97,-105,
 214,-51,-90,105,109,-89,-110,
 215,-55,-91,111,118,-89,-112,
 216,-54,-85,110,110,-87,-119,
 217,-51,-91,109,112,-87,-126,
 218,-52,-86,112,115,-92,-119,
 219,-53,-88,104,112,-89,-114,
 220,-52,-85,106,118,-88,-111,
 221,-51,-93,103,116,-88,-114,
 222,-56,-82,106,118,-91,-118,
 223,-50,-87,109,116,-105,-113,
 224,-55,-90,104,112,-91,-114,
 225,-53,-93,102,109,-81,-113,
 226,-60,-90,110,112,-85,-113,
 227,-56,-90,106,122,-93,-115,
 228,-53,-88,111,112,-93,-112,
 229,-53,-79,109,106,-86,-112,
 230,-50,-83,114,115,-92,-113,
 231,-58,-83,105,127,-101,-110,
 232,-57,-86,109,114,-101,-106,
 233,-56,-87,110,113,-93,-106,
 234,-51,-87,107,115,-87,-107,
 235,-52,-99,117,117,-99,-105,
 236,-59,-95,114,120,-98,-110,
 237,-52,-92,105,115,-92,-104,
 238,-49,-92,113,120,-98,-104,
 239,-58,-88,106,123,-101,-105,
 240,-54,-88,104,117,-94,-107,
 241,-59,-89,108,120,-94,-108,
 242,-60,-93,102,128,-101,-104,
 243,-57,-96,105,120,-95,-105,
 244,-60,-90,110,117,-99,-108,
 245,-58,-94,110,111,-107,-107,
 246,-56,-96,105,118,-97,-112,
 247,-53,-100,113,121,-101,-114,
 248,-59,-97,107,119,-115,-105,
 249,-59,-84,102,123,-105,-108,
 250,-56,-91,109,122,-110,-106,
 251,-57,-102,110,119,-117,-108,
 252,-55,-98,113,119,-103,-113,
 253,-52,-94,105,122,-98,-109,
 254,-49,-94,104,117,-99,-111,
 255,-49,-93,106,126,-101,-106,
 256,-57,-101,110,121,-102,-106,
 257,-56,-108,99,120,-101,-108,
 258,-49,-94,103,123,-96,-113,
 259,-54,-100,103,133,-112,-102,
 260,-57,-98,107,129,-101,-108,
 261,-56,-88,103,140,-111,-107,
 262,-59,-91,105,130,-105,-104,
 263,-61,-103,104,133,-107,-104,
 264,-57,-94,113,135,-111,-103,
 265,-54,-100,107,130,-96,-103,
 266,-60,-96,107,138,-108,-107,
 267,-55,-102,104,141,-101,-94,
 268,-55,-104,113,144,-109,-100,
 269,-59,-97,104,135,-98,-108,
 270,-59,-92,101,129,-101,-103,
 271,-58,-97,106,135,-95,-108,
 272,-54,-101,105,144,-108,-99,
 273,-54,-101,102,133,-111,-99,
 274,-54,-97,107,129,-116,-95,
 275,-53,-100,103,129,-108,-96,
 276,-58,-101,103,130,-107,-94,
 277,-53,-104,110,135,-96,-94,
 278,-60,-113,106,132,-106,-101,
 279,-54,-107,103,128,-104,-103,
 280,-55,-96,109,129,-118,-98,
 281,-60,-103,98,127,-99,-95,
 282,-53,-99,104,139,-111,-98,
 283,-57,-105,109,139,-106,-103,
 284,-57,-101,114,132,-106,-97,
 285,-52,-98,107,128,-101,-101,
 286,-54,-99,116,132,-105,-93,
 287,-57,-98,106,128,-114,-96,
 288,-57,-106,112,127,-104,-97,
 289,-56,-106,107,131,-119,-103,
 290,-57,-105,109,123,-116,-107,
 291,-59,-101,104,141,-112,-112,
 292,-56,-98,103,139,-109,-114,
 293,-61,-98,95,135,-105,-107,
 294,-58,-103,109,132,-113,-112,
 295,-61,-102,110,135,-109,-115,
 296,-63,-104,104,135,-108,-106,
 297,-59,-103,100,139,-122,-108,
 298,-56,-109,101,136,-117,-110,
 299,-64,-105,104,121,-114,-106,
 300,-56,-113,106,139,-107,-107,
 301,-58,-91,99,138,-114,-106,
 302,-60,-105,101,139,-106,-100,
 303,-60,-110,104,130,-120,-109,
 304,-59,-111,102,141,-112,-98,
 305,-55,-106,105,143,-110,-100,
 306,-54,-107,107,147,-113,-91,
 307,-54,-110,110,139,-119,-94,
 308,-55,-99,95,135,-99,-95,
 309,-58,-107,110,153,-102,-96,
 310,-61,-104,101,165,-109,-99,
 311,-64,-107,109,142,-119,-98,
 312,-63,-99,113,128,-122,-98,
 313,-63,-107,113,141,-110,-93,
 314,-59,-103,119,166,-108,-96,
 315,-58,-104,113,160,-115,-94,
 316,-56,-107,106,127,-122,-100,
 317,-58,-106,108,149,-115,-93,
 318,-59,-112,116,167,-118,-90,
 319,-61,-109,110,150,-108,-94,
 320,-54,-105,110,142,-113,-94,
 321,-57,-103,110,147,-115,-91,
 322,-57,-102,101,149,-107,-93,
 323,-60,-107,100,154,-108,-90,
 324,-59,-100,98,141,-121,-98,
 325,-57,-102,108,140,-108,-98,
 326,-57,-104,101,144,-111,-95,
 327,-59,-105,110,141,-112,-95,
 328,-58,-102,109,128,-113,-92,
 329,-59,-114,116,147,-113,-96,
 330,-59,-112,113,143,-118,-92,
 331,-63,-105,103,141,-122,-97,
 332,-62,-106,107,133,-111,-93,
 333,-61,-111,100,146,-121,-99,
 334,-63,-106,101,153,-118,-97,
 335,-61,-108,103,140,-124,-102,
 336,-61,-108,110,133,-108,-101,
 337,-61,-109,103,150,-101,-98,
 338,-58,-108,108,147,-119,-96,
 339,-60,-112,104,136,-123,-93,
 340,-58,-110,103,136,-113,-98,
 341,-56,-115,99,141,-112,-101,
 342,-54,-99,100,145,-115,-97,
 343,-61,-100,111,141,-125,-95,
 344,-57,-107,106,143,-127,-94,
 345,-55,-113,115,148,-120,-94,
 346,-59,-106,114,135,-117,-91,
 347,-60,-110,101,156,-124,-93,
 348,-59,-110,108,162,-124,-91,
 349,-59,-109,108,147,-134,-98,
 350,-62,-118,103,138,-124,-93,
 351,-58,-118,101,163,-135,-91,
 352,-58,-108,105,164,-119,-92,
 353,-56,-110,109,139,-124,-90,
 354,-63,-110,106,172,-126,-96,
 355,-56,-111,104,166,-134,-90,
 356,-58,-116,105,136,-128,-93,
 357,-61,-113,108,162,-129,-90,
 358,-54,-108,105,165,-123,-89,
 359,-55,-110,105,147,-123,-90,
 360,-62,-111,100,160,-122,-83,
 361,-60,-113,115,164,-134,-87,
 362,-62,-108,110,138,-119,-83,
 363,-64,-113,100,140,-115,-78,
 364,-59,-110,107,160,-125,-79,
 365,-59,-115,109,147,-140,-80,
 366,-56,-112,102,132,-125,-83,
 367,-56,-110,103,152,-125,-81,
 368,-59,-115,96,157,-106,-84,
 369,-56,-120,96,141,-130,-82,
 370,-54,-108,100,152,-131,-82,
 371,-61,-109,97,156,-124,-84,
 372,-59,-117,100,148,-122,-83,
 373,-59,-121,107,155,-116,-75,
 374,-60,-116,102,157,-128,-79,
 375,-57,-118,98,144,-121,-79,
 376,-62,-111,106,162,-114,-84,
 377,-58,-122,104,165,-116,-83,
 378,-57,-121,112,138,-109,-78,
 379,-61,-112,99,174,-117,-79,
 380,-60,-114,94,176,-137,-83,
 381,-59,-111,101,152,-127,-75,
 382,-65,-121,98,174,-121,-77,
 383,-59,-127,106,165,-127,-74,
 384,-59,-118,103,147,-135,-78,
 385,-59,-120,102,165,-124,-78,
 386,-62,-116,105,154,-128,-84,
 387,-65,-110,103,147,-120,-78,
 388,-62,-120,104,176,-126,-77,
 389,-60,-118,98,162,-131,-81,
 390,-59,-125,107,150,-140,-78,
 391,-55,-120,106,167,-126,-77,
 392,-64,-121,99,147,-132,-79,
 393,-61,-118,103,141,-128,-82,
 394,-61,-114,97,160,-123,-80,
 395,-61,-120,103,148,-112,-77,
 396,-58,-126,103,154,-128,-76,
 397,-62,-124,103,164,-141,-73,
 398,-62,-116,100,143,-123,-64,
 399,-59,-116,93,163,-114,-51,
 400,-59,-116,99,155,-131,-30,
 401,-61,-124,101,154,-143,-5,
 402,-57,-130,100,164,-129,26,
 403,-63,-121,96,167,-121,48,
 404,-62,-121,107,158,-114,60,
 405,-59,-116,104,168,-123,58,
 406,-63,-125,103,164,-125,67,
 407,-59,-125,100,167,-129,77,
 408,-59,-123,101,174,-133,73,
 409,-64,-126,101,160,-138,72,
 410,-61,-110,105,176,-120,67,
 411,-57,-118,103,161,-121,71,
 412,-60,-123,102,134,-123,74,
 413,-57,-119,94,170,-120,74,
 414,-63,-130,92,156,-130,75,
 415,-59,-118,97,174,-131,76,
 416,-60,-136,92,177,-139,74,
 417,-60,-126,91,147,-133,73,
 418,-55,-125,92,159,-121,77,
 419,-61,-121,95,172,-121,81,
 420,-61,-138,93,156,-129,81,
 421,-59,-131,97,166,-149,82,
 422,-64,-120,100,160,-120,81,
 423,-59,-122,98,156,-123,84,
 424,-59,-123,96,157,-119,83,
 425,-61,-120,95,152,-107,89,
 426,-57,-113,89,175,-134,90,
 427,-57,-121,94,153,-134,87,
 428,-57,-123,100,161,-130,92,
 429,-64,-131,90,161,-127,92,
 430,-59,-129,100,156,-130,102,
 431,-56,-123,97,180,-134,104,
 432,-64,-128,91,156,-124,104,
 433,-60,-130,98,177,-129,105,
 434,-59,-122,101,192,-142,105,
 435,-65,-122,92,162,-133,108,
 436,-61,-124,96,189,-129,104,
 437,-63,-130,106,158,-137,103,
 438,-65,-117,94,183,-125,112,
 439,-62,-120,102,182,-131,112,
 440,-62,-127,98,159,-144,113,
 441,-65,-132,92,192,-128,110,
 442,-62,-120,101,163,-134,118,
 443,-60,-127,100,182,-135,114,
 444,-59,-127,96,169,-125,114,
 445,-56,-119,102,163,-118,114,
 446,-62,-125,92,174,-112,118,
 447,-58,-136,97,154,-149,116,
 448,-63,-129,86,174,-125,116,
 449,-63,-127,94,160,-96,115,
 450,-61,-116,95,170,-135,111,
 451,-61,-130,99,169,-122,115,
 452,-60,-121,93,165,-138,117,
 453,-63,-129,97,171,-135,117,
 454,-63,-128,98,170,-129,117,
 455,-66,-128,95,188,-127,120,
 456,-60,-124,102,166,-140,115,
 457,-66,-131,89,185,-129,108,
 458,-61,-129,93,198,-119,105,
 459,-58,-127,97,168,-134,111,
 460,-59,-137,102,195,-145,108,
 461,-59,-136,98,173,-140,108,
 462,-62,-129,94,182,-148,105,
 463,-67,-126,96,167,-111,107,
 464,-64,-131,95,165,-129,109,
 465,-65,-133,92,183,-133,106,
 466,-62,-120,97,172,-122,111,
 467,-60,-127,90,177,-139,106,
 468,-58,-126,92,155,-135,105,
 469,-64,-126,91,173,-129,107,
 470,-64,-131,90,158,-121,108,
 471,-59,-122,91,180,-143,116,
 472,-59,-125,90,176,-142,109,
 473,-59,-133,91,165,-129,112,
 474,-58,-134,92,169,-128,105,
 475,-66,-130,94,171,-113,102,
 476,-65,-148,92,171,-125,101,
 477,-65,-127,89,148,-128,109,
 478,-61,-124,87,185,-106,104,
 479,-66,-127,84,177,-144,104,
 480,-64,-132,92,183,-158,103,
 481,-59,-133,97,186,-124,110,
 482,-61,-142,94,174,-111,113,
 483,-61,-121,85,199,-158,104,
 484,-63,-133,90,171,-110,106,
 485,-62,-130,84,198,-119,108,
 486,-62,-132,88,154,-128,114,
 487,-63,-126,90,188,-123,110,
 488,-58,-137,83,165,-160,104,
 489,-65,-130,86,188,-131,115,
 490,-59,-125,87,164,-131,109,
 491,-67,-141,91,177,-132,111,
 492,-66,-130,89,177,-144,109,
 493,-62,-138,86,158,-106,104,
 494,-64,-137,88,182,-147,104,
 495,-63,-122,85,166,-125,105,
 496,-58,-122,82,179,-127,105,
 497,-58,-130,83,157,-136,104,
 498,-60,-131,82,186,-122,108,
 499,-62,-129,85,155,-143,110,
 500,-61,-134,84,184,-120,106,
 501,-60,-123,85,176,-128,97,
 502,-61,-133,87,182,-139,102,
 503,-66,-138,81,183,-136,108,
 504,-61,-137,93,178,-124,105,
 505,-59,-130,85,186,-149,110,
 506,-59,-138,92,166,-116,102,
 507,-65,-141,81,197,-137,106,
 508,-64,-140,84,170,-157,103,
 509,-59,-142,84,179,-127,103,
 510,-59,-136,86,149,-140,101,
 511,-62,-132,89,173,-124,100,
 512,-61,-143,92,165,-139,110,
 513,-63,-139,90,181,-148,104,
 514,-57,-135,87,165,-120,109,
 515,-58,-136,86,184,-116,108,
 516,-57,-134,88,151,-148,107,
 517,-62,-129,85,190,-114,117,
 518,-61,-127,89,172,-140,116,
 519,-61,-137,86,161,-116,119,
 520,-55,-128,76,183,-119,118,
 521,-57,-130,82,162,-131,113,
 522,-61,-139,84,192,-127,114,
 523,-59,-127,80,171,-132,111,
 524,-54,-127,83,195,-130,120,
 525,-53,-136,90,175,-109,119,
 526,-56,-134,91,195,-131,116,
 527,-59,-134,82,172,-130,118,
 528,-61,-127,88,192,-118,112,
 529,-63,-132,88,166,-127,110,
 530,-59,-124,78,183,-113,117,
 531,-57,-132,88,164,-142,110,
 532,-57,-137,84,180,-119,112,
 533,-57,-141,82,173,-133,113,
 534,-59,-136,87,177,-135,114,
 535,-64,-141,82,159,-128,117,
 536,-63,-139,80,173,-112,111,
 537,-61,-132,87,162,-127,119,
 538,-58,-134,77,176,-110,128,
 539,-60,-144,86,168,-128,128,
 540,-59,-133,80,180,-125,126,
 541,-58,-130,88,173,-135,125,
 542,-61,-136,89,186,-129,125,
 543,-64,-137,86,191,-108,121,
 544,-62,-138,84,194,-129,124,
 545,-60,-137,82,188,-132,115,
 546,-60,-142,80,170,-114,111,
 547,-58,-143,81,201,-120,111,
 548,-58,-155,79,186,-123,111,
 549,-61,-148,80,180,-132,116,
 550,-53,-134,82,166,-123,108,
 551,-56,-134,81,181,-113,114,
 552,-59,-144,79,178,-134,112,
 553,-58,-141,79,182,-122,112,
 554,-54,-143,81,171,-121,112,
 555,-57,-134,85,183,-130,108,
 556,-60,-140,88,145,-125,111,
 557,-57,-144,85,171,-102,118,
 558,-62,-143,82,169,-109,113,
 559,-60,-142,84,175,-124,113,
 560,-62,-143,84,152,-132,117,
 561,-64,-142,82,171,-90,121,
 562,-60,-135,78,155,-131,111,
 563,-60,-136,81,175,-118,118,
 564,-61,-132,83,167,-122,117,
 565,-56,-140,81,194,-123,116,
 566,-57,-135,74,163,-106,126,
 567,-58,-137,78,202,-105,111,
 568,-58,-133,82,170,-141,113,
 569,-55,-147,85,204,-113,114,
 570,-62,-136,85,169,-116,109,
 571,-58,-148,81,190,-113,116,
 572,-59,-151,77,149,-127,124,
 573,-66,-144,82,177,-137,124,
 574,-59,-146,84,158,-109,111,
 575,-57,-140,81,187,-127,112,
 576,-59,-146,85,160,-123,110,
 577,-53,-149,78,181,-112,116,
 578,-57,-141,80,155,-120,119,
 579,-57,-141,81,173,-136,116,
 580,-51,-142,83,165,-109,118,
 581,-54,-147,77,173,-138,116,
 582,-57,-152,88,178,-107,128,
 583,-55,-155,81,170,-129,125,
 584,-60,-152,85,182,-114,115,
 585,-57,-143,80,181,-118,130,
 586,-61,-142,83,208,-119,127,
 587,-62,-153,79,171,-120,123,
 588,-63,-148,80,199,-105,127,
 589,-60,-142,84,176,-113,126,
 590,-62,-145,78,199,-117,121,
 591,-61,-143,78,165,-106,118,
 592,-61,-149,84,189,-125,121,
 593,-60,-144,80,164,-99,129,
 594,-59,-145,73,178,-123,128,
 595,-59,-152,75,158,-110,123,
 596,-62,-141,81,178,-119,116,
 597,-59,-145,78,158,-123,124,
 598,-56,-148,78,176,-101,127,
 599,-59,-140,79,154,-96,119,
 600,-58,-145,78,186,-131,127,
 601,-58,-141,77,155,-104,123,
 602,-59,-146,79,176,-101,131,
 603,-59,-153,78,148,-109,125,
 604,-62,-149,76,173,-100,120,
 605,-62,-149,78,156,-122,119,
 606,-64,-148,80,195,-100,115,
 607,-63,-151,79,167,-100,128,
 608,-55,-152,74,190,-119,124,
 609,-58,-142,80,176,-122,119,
 610,-56,-155,85,173,-87,125,
 611,-51,-147,81,175,-105,113,
 612,-55,-147,85,161,-125,117,
 613,-54,-153,84,172,-107,118,
 614,-55,-154,79,166,-115,114,
 615,-59,-154,80,165,-90,109,
 616,-64,-144,84,161,-118,106,
 617,-56,-145,81,171,-107,114,
 618,-56,-143,88,170,-104,114,
 619,-57,-149,83,179,-108,116,
 620,-58,-145,88,151,-115,117,
 621,-60,-158,84,165,-101,118,
 622,-62,-158,86,156,-106,118,
 623,-56,-156,85,162,-121,127,
 624,-60,-141,82,139,-82,124,
 625,-62,-143,85,175,-106,130,
 626,-60,-146,78,150,-93,119,
 627,-55,-155,83,190,-94,119,
 628,-56,-152,78,161,-112,124,
 629,-63,-159,84,189,-99,121,
 630,-60,-150,90,177,-116,114,
 631,-62,-154,89,176,-111,111,
 632,-61,-151,94,156,-105,123,
 633,-57,-142,87,168,-92,119,
 634,-59,-147,86,166,-104,115,
 635,-62,-154,82,158,-120,113,
 636,-63,-142,85,175,-92,109,
 637,-63,-145,86,149,-117,117,
 638,-56,-142,88,172,-101,115,
 639,-62,-151,96,148,-90,117,
 640,-52,-148,93,181,-108,118,
 641,-61,-145,96,137,-89,119,
 642,-59,-155,96,175,-90,123,
 643,-54,-156,94,154,-110,123,
 644,-53,-149,97,180,-114,121,
 645,-55,-157,92,147,-71,119,
 646,-58,-157,97,170,-69,120,
 647,-61,-146,94,172,-100,119,
 648,-53,-151,99,155,-102,123,
 649,-61,-151,94,188,-111,127,
 650,-54,-152,94,150,-106,123,
 651,-58,-159,86,183,-76,117,
 652,-57,-149,94,153,-92,113,
 653,-60,-143,92,179,-100,120,
 654,-58,-152,99,137,-93,117,
 655,-56,-152,97,183,-96,108,
 656,-57,-158,102,149,-101,110,
 657,-59,-164,99,165,-108,118,
 658,-61,-151,102,155,-93,117,
 659,-56,-153,96,169,-95,125,
 660,-53,-154,97,164,-106,123,
 661,-62,-156,95,157,-95,115,
 662,-60,-148,98,164,-87,116,
 663,-58,-166,101,156,-107,123,
 664,-55,-169,96,170,-84,122,
 665,-59,-156,97,133,-86,122,
 666,-64,-147,103,173,-102,114,
 667,-57,-149,104,143,-80,115,
 668,-59,-164,109,169,-78,114,
 669,-56,-172,109,168,-107,121,
 670,-60,-160,104,158,-101,117,
 671,-58,-157,100,180,-72,111,
 672,-56,-152,99,156,-71,109,
 673,-60,-151,98,171,-79,115,
 674,-59,-163,101,147,-109,116,
 675,-55,-161,104,180,-86,111,
 676,-59,-158,106,156,-85,111,
 677,-56,-154,103,164,-90,96,
 678,-57,-168,104,172,-106,109,
 679,-56,-160,104,147,-87,111,
 680,-60,-164,105,170,-95,118,
 681,-61,-169,109,151,-94,118,
 682,-54,-155,105,163,-86,116,
 683,-61,-160,106,135,-92,113,
 684,-60,-153,106,167,-95,123,
 685,-55,-162,100,160,-99,121,
 686,-59,-156,101,145,-93,120,
 687,-61,-157,100,154,-76,119,
 688,-52,-148,104,130,-82,111,
 689,-57,-164,107,162,-83,113,
 690,-61,-156,102,139,-99,114,
 691,-54,-154,104,164,-91,112,
 692,-59,-163,109,163,-76,107,
 693,-57,-162,105,166,-88,118,
 694,-61,-152,102,163,-95,110,
 695,-54,-148,102,130,-69,113,
 696,-60,-164,106,177,-86,111,
 697,-61,-170,108,149,-85,119,
 698,-56,-157,104,167,-88,113,
 699,-60,-159,112,169,-93,119,
 700,-62,-156,107,137,-77,107,
 701,-60,-163,108,165,-84,116,
 702,-58,-164,107,143,-92,117,
 703,-58,-159,112,158,-77,125,
 704,-56,-163,112,153,-79,120,
 705,-55,-158,113,153,-82,120,
 706,-59,-170,112,145,-85,122,
 707,-52,-148,110,129,-70,118,
 708,-59,-157,111,169,-88,121,
 709,-59,-157,112,141,-89,120,
 710,-54,-164,113,155,-84,115,
 711,-56,-165,108,146,-82,114,
 712,-58,-158,112,137,-80,107,
 713,-52,-163,114,154,-84,120,
 714,-55,-160,107,132,-66,114,
 715,-57,-175,115,157,-71,109,
 716,-53,-158,120,155,-91,111,
 717,-59,-155,113,134,-85,112,
 718,-58,-157,111,159,-76,102,
 719,-54,-161,116,144,-72,109,
 720,-60,-173,108,141,-73,107,
 721,-54,-158,112,171,-80,107,
 722,-60,-156,115,133,-88,102,
 723,-61,-175,115,171,-84,99,
 724,-52,-164,112,152,-79,103,
 725,-58,-167,115,142,-75,100,
 726,-56,-163,108,150,-71,104,
 727,-55,-157,112,125,-87,116,
 728,-57,-175,117,145,-70,111,
 729,-51,-157,115,139,-72,103,
 730,-53,-147,116,133,-70,105,
 731,-56,-165,110,151,-69,104,
 732,-53,-179,119,123,-81,109,
 733,-58,-164,119,154,-78,108,
 734,-57,-158,114,148,-72,106,
 735,-54,-171,121,135,-80,111,
 736,-58,-173,122,148,-76,106,
 737,-55,-166,124,138,-73,104,
 738,-55,-151,127,146,-64,98,
 739,-58,-164,121,139,-76,101,
 740,-51,-165,114,125,-74,101,
 741,-59,-170,122,160,-63,106,
 742,-53,-145,125,157,-71,101,
 743,-56,-159,117,138,-76,98,
 744,-58,-164,118,161,-73,97,
 745,-51,-157,124,153,-67,104,
 746,-55,-163,117,139,-76,98,
 747,-51,-166,127,168,-69,96,
 748,-56,-157,129,148,-70,100,
 749,-57,-164,127,147,-71,100,
 750,-47,-157,124,155,-63,94,
 751,-56,-158,131,130,-64,93,
 752,-52,-169,131,154,-72,99,
 753,-57,-163,133,143,-61,94,
 754,-54,-168,126,130,-64,100,
 755,-56,-165,132,152,-64,96,
 756,-55,-163,135,137,-64,98,
 757,-56,-154,131,135,-64,104,
 758,-60,-156,134,152,-62,110,
 759,-54,-166,135,124,-59,107,
 760,-56,-159,132,144,-65,110,
 761,-58,-178,126,136,-60,106,
 762,-58,-173,126,112,-53,99,
 763,-53,-161,133,132,-47,101,
 764,-58,-155,126,125,-53,105,
 765,-50,-162,132,125,-47,109,
 766,-55,-161,124,143,-58,102,
 767,-56,-159,133,132,-58,101,
 768,-54,-164,133,126,-57,94,
 769,-52,-180,132,147,-61,96,
 770,-53,-157,139,141,-61,98,
 771,-60,-157,141,132,-57,94,
 772,-52,-155,143,149,-55,99,
 773,-60,-165,139,148,-57,91,
 774,-51,-153,138,124,-49,95,
 775,-58,-155,133,153,-47,97,
 776,-58,-182,128,138,-49,92,
 777,-53,-167,131,112,-42,97,
 778,-57,-171,125,137,-47,94,
 779,-55,-183,135,149,-38,91,
 780,-56,-154,131,119,-45,99,
 781,-52,-150,143,152,-43,101,
 782,-53,-168,140,140,-45,96,
 783,-55,-167,145,117,-38,99,
 784,-52,-165,141,136,-33,106,
 785,-55,-175,135,134,-40,98,
 786,-51,-164,135,120,-43,101,
 787,-58,-163,143,133,-42,92,
 788,-48,-164,132,126,-30,95,
 789,-57,-176,144,116,21,97,
 790,-54,-159,149,127,45,92,
 791,-57,-168,143,137,60,97,
 792,-55,-186,143,118,75,100,
 793,-48,-166,147,118,71,95,
 794,-56,-168,148,143,57,94,
 795,-53,-164,151,123,54,96,
 796,-57,-157,137,104,66,98,
 797,-50,-156,144,144,75,97,
 798,-58,-168,146,131,76,97,
 799,-51,-151,143,119,74,99,
 800,-54,-166,151,126,81,96,
 801,-55,-176,148,140,77,102,
 802,-50,-164,141,124,79,99,
 803,-53,-172,157,122,78,100,
 804,-52,-177,153,147,89,95,
 805,-60,-151,147,155,73,102,
 806,-53,-159,151,119,70,97,
 807,-54,-179,144,131,86,101,
 808,-53,-163,143,150,81,100,
 809,-58,-180,150,129,77,110,
 810,-56,-184,158,113,78,109,
 811,-49,-169,152,150,79,110,
 812,-56,-164,144,135,73,109,
 813,-53,-177,150,121,77,103,
 814,-59,-163,151,133,86,102,
 815,-52,-173,149,131,90,101,
 816,-55,-165,142,112,88,102,
 817,-54,-157,153,107,88,106,
 818,-59,-170,158,137,91,98,
 819,-51,-170,156,121,96,96,
 820,-53,-164,151,115,85,98,
 821,-58,-185,156,128,91,95,
 822,-55,-174,156,130,75,93,
 823,-52,-167,147,117,90,93,
 824,-52,-178,153,108,93,97,
 825,-54,-184,162,133,94,98,
 826,-51,-168,162,126,97,96,
 827,-54,-169,166,116,86,94,
 828,-49,-169,164,115,83,93,
 829,-52,-165,160,124,91,89,
 830,-51,-178,148,122,90,91,
 831,-51,-168,163,124,97,87,
 832,-48,-171,162,120,94,88,
 833,-56,-173,167,124,93,85,
 834,-53,-163,162,128,86,90,
 835,-57,-179,166,118,89,87,
 836,-49,-162,155,121,88,83,
 837,-52,-163,156,126,103,78,
 838,-53,-183,151,120,95,86,
 839,-50,-169,158,109,92,87,
 840,-50,-160,158,129,90,82,
 841,-50,-182,156,139,99,83,
 842,-55,-165,163,124,98,85,
 843,-52,-171,168,103,100,84,
 844,-60,-176,157,127,110,88,
 845,-52,-169,160,145,105,84,
 846,-56,-170,170,142,104,81,
 847,-52,-168,165,118,97,81,
 848,-54,-161,162,117,105,84,
 849,-56,-174,159,136,102,84,
 850,-52,-170,156,118,92,84,
 851,-54,-177,156,119,95,83,
 852,-52,-177,162,117,101,84,
 853,-57,-167,165,111,105,84,
 854,-57,-170,167,118,104,88,
 855,-55,-181,164,124,92,82,
 856,-52,-163,164,109,94,86,
 857,-57,-172,163,124,99,84,
 858,-52,-154,158,113,102,89,
 859,-55,-166,164,114,104,90,
 860,-55,-186,161,113,101,94,
 861,-52,-170,165,121,105,94,
 862,-53,-177,163,115,105,90,
 863,-51,-165,163,110,103,84,
 864,-50,-167,171,111,106,88,
 865,-52,-185,176,115,104,91,
 866,-55,-160,178,133,111,90,
 867,-48,-185,175,110,120,87,
 868,-54,-176,165,105,103,91,
 869,-51,-163,169,105,96,94,
 870,-51,-182,165,119,110,90,
 871,-54,-159,175,112,111,91,
 872,-56,-176,176,106,115,91,
 873,-55,-182,160,105,109,95,
 874,-58,-157,177,121,107,92,
 875,-52,-184,172,111,102,92,
 876,-56,-174,175,105,97,92,
 877,-50,-161,170,102,109,94,
 878,-58,-193,171,114,108,97,
 879,-58,-177,170,115,114,100,
 880,-51,-179,176,124,105,97,
 881,-54,-164,172,109,91,95,
 882,-51,-170,178,102,97,98,
 883,-56,-181,163,116,115,96,
 884,-50,-163,167,124,116,92,
 885,-54,-179,167,131,104,94,
 886,-54,-172,161,130,108,93,
 887,-57,-171,163,108,100,92,
 888,-56,-179,169,116,101,94,
 889,-51,-170,163,128,123,96,
 890,-56,-169,173,125,98,90,
 891,-55,-186,165,117,92,93,
 892,-58,-167,173,106,113,92,
 893,-50,-178,167,119,105,93,
 894,-54,-158,172,125,113,98,
 895,-54,-184,168,115,115,91,
 896,-57,-181,176,107,97,94,
 897,-54,-174,177,112,93,98,
 898,-52,-181,168,120,102,99,
 899,-53,-167,163,115,119,102,
 900,-50,-173,168,103,121,97,
 901,-48,-177,173,101,114,98,
 902,-52,-173,172,122,114,95,
 903,-55,-181,181,123,121,94,
 904,-47,-153,173,119,117,98,
 905,-52,-181,167,116,103,88,
 906,-50,-174,173,107,110,94,
 907,-55,-167,177,96,100,93,
 908,-49,-183,171,110,121,99,
 909,-56,-178,174,122,118,99,
 910,-49,-170,170,109,113,105,
 911,-54,-188,182,113,110,105,
 912,-51,-167,174,109,109,100,
 913,-57,-185,174,110,123,103,
 914,-57,-168,167,108,110,99,
 915,-56,-170,169,109,98,104,
 916,-53,-186,174,100,112,100,
 917,-53,-175,182,105,108,105,
 918,-59,-178,178,102,112,108,
 919,-51,-181,181,112,105,105,
 920,-55,-167,182,108,94,109,
 921,-52,-171,177,107,93,103,
 922,-55,-172,178,101,100,102,
 923,-55,-178,174,100,110,107,
 924,-52,-164,173,95,111,106,
 925,-54,-172,175,120,125,106,
 926,-56,-185,181,106,108,97,
 927,-57,-165,173,103,111,97,
 928,-48,-173,175,101,111,103,
 929,-51,-179,178,98,95,96,
 930,-55,-173,185,119,121,96,
 931,-58,-181,183,118,115,95,
 932,-49,-173,179,111,120,89,
 933,-57,-171,178,113,103,93,
 934,-54,-191,185,111,115,94,
 935,-59,-173,178,118,104,92,
 936,-52,-182,175,128,128,97,
 937,-58,-186,183,124,117,93,
 938,-54,-165,188,120,109,91,
 939,-52,-184,188,102,121,97,
 940,-54,-173,187,121,99,97,
 941,-49,-175,181,133,105,90,
 942,-52,-178,176,134,97,89,
 943,-51,-171,176,133,112,92,
 944,-56,-174,180,117,121,91,
 945,-48,-179,183,112,123,90,
 946,-55,-162,186,119,96,92,
 947,-50,-186,175,129,118,97,
 948,-53,-164,186,122,107,96,
 949,-48,-161,184,118,104,92,
 950,-54,-184,172,114,98,91,
 951,-55,-168,179,103,103,89,
 952,-52,-181,180,105,88,91,
 953,-54,-178,172,115,108,95,
 954,-51,-174,184,129,114,98,
 955,-55,-187,182,114,129,94,
 956,-50,-169,185,112,104,91,
 957,-57,-176,192,101,126,92,
 958,-51,-178,198,113,115,90,
 959,-56,-156,189,118,107,89,
 960,-56,-175,187,111,107,92,
 961,-53,-170,191,109,131,93,
 962,-56,-170,186,102,96,90,
 963,-49,-187,186,109,103,92,
 964,-54,-173,174,115,98,90,
 965,-54,-173,188,108,104,93,
 966,-54,-171,178,97,114,93,
 967,-52,-164,183,106,108,93,
 968,-48,-184,187,109,97,91,
 969,-56,-174,194,113,113,85,
 970,-52,-171,191,118,98,88,
 971,-56,-185,189,107,111,92,
 972,-51,-175,190,100,115,92,
 973,-58,-178,191,94,106,89,
 974,-52,-194,202,103,108,87,
 975,-57,-175,190,111,111,90,
 976,-57,-182,190,113,134,91,
 977,-57,-186,192,109,91,88,
 978,-51,-177,195,102,113,87,
 979,-53,-168,193,102,109,84,
 980,-53,-191,185,104,128,86,
 981,-51,-172,191,108,112,90,
 982,-54,-178,194,112,105,85,
 983,-51,-178,196,107,109,86,
 984,-52,-169,193,115,113,87,
 985,-51,-178,189,109,130,91,
 986,-48,-170,177,102,101,85,
 987,-49,-175,188,102,117,85,
 988,-53,-180,193,112,91,88,
 989,-56,-177,190,120,120,89,
 990,-52,-167,193,117,114,87,
 991,-52,-179,193,110,121,85,
 992,-52,-172,192,107,122,89,
 993,-56,-176,185,105,93,89,
 994,-50,-182,184,117,112,91,
 995,-54,-175,192,115,90,94,
 996,-57,-186,188,108,102,95,
 997,-55,-191,187,104,90,89,
 998,-53,-156,181,109,99,86,
 999,-50,-171,195,121,114,93,
 1000,-54,-180,197,125,110,94,
 1001,-50,-167,190,122,124,94,
 1002,-56,-171,190,112,115,98,
 1003,-48,-186,196,110,106,98,
 1004,-53,-168,191,120,102,98,
 1005,-53,-178,199,131,108,104,
 1006,-52,-188,201,128,127,102,
 1007,-56,-178,203,129,109,104,
 1008,-51,-169,208,115,105,107,
 1009,-55,-185,196,112,112,106,
 1010,-51,-175,200,118,104,107,
 1011,-58,-180,193,123,119,106,
 1012,-52,-176,194,120,98,112,
 1013,-54,-178,191,119,100,116,
 1014,-54,-169,193,126,97,113,
 1015,-52,-184,192,114,111,110,
 1016,-55,-173,196,110,117,113,
 1017,-49,-171,186,107,104,111,
 1018,-52,-180,192,112,113,114,
 1019,-49,-183,192,118,109,113,
 1020,-56,-188,194,125,89,107,
 1021,-46,-178,195,117,112,111,
 1022,-51,-177,197,117,115,109,
 1023,-52,-175,191,121,123,111,
 1024,-50,-175,196,117,111,107,
 1025,-51,-175,194,112,92,104,
 1026,-53,-163,198,114,107,106,
 1027,-53,-175,187,110,101,105,
 1028,-52,-181,191,120,131,108,
 1029,-56,-173,194,119,117,114,
 1030,-48,-172,195,111,99,105,
 1031,-56,-177,196,122,98,103,
 1032,-50,-180,193,110,100,108,
 1033,-50,-168,196,122,104,111,
 1034,-55,-167,188,120,118,109,
 1035,-48,-166,194,115,103,104,
 1036,-54,-178,189,116,104,106,
 1037,-55,-168,191,111,84,104,
 1038,-59,-165,191,116,90,109,
 1039,-51,-181,186,116,111,107,
 1040,-52,-163,193,118,105,109,
 1041,-52,-174,201,109,127,106,
 1042,-54,-176,201,112,128,108,
 1043,-53,-182,204,112,97,111,
 1044,-51,-167,197,114,113,107,
 1045,-53,-180,189,125,101,111,
 1046,-51,-192,192,120,99,109,
 1047,-53,-167,196,112,127,108,
 1048,-48,-172,192,119,89,114,
 1049,-49,-172,193,116,89,113,
 1050,-57,-192,189,124,103,114,
 1051,-50,-177,199,135,90,108,
 1052,-53,-166,198,135,81,105,
 1053,-52,-172,191,119,90,115,
 1054,-52,-169,195,108,69,121,
 1055,-50,-170,187,123,90,113,
 1056,-53,-167,192,136,100,117,
 1057,-55,-186,192,146,117,110,
 1058,-49,-176,192,126,128,115,
 1059,-48,-181,204,123,104,112,
 1060,-49,-170,193,127,104,108,
 1061,-54,-178,207,133,115,99,
 1062,-48,-176,204,140,99,97,
 1063,-52,-161,195,135,108,97,
 1064,-48,-175,192,121,113,103,
 1065,-56,-175,201,120,100,105,
 1066,-52,-177,202,124,107,106,
 1067,-48,-170,197,128,111,100,
 1068,-48,-157,196,119,106,105,
 1069,-53,-177,190,117,115,104,
 1070,-49,-175,199,115,94,103,
 1071,-48,-159,192,134,104,102,
 1072,-50,-173,198,135,124,107,
 1073,-51,-180,190,120,94,111,
 1074,-56,-187,190,110,114,110,
 1075,-47,-178,194,114,97,116,
 1076,-49,-177,190,119,91,117,
 1077,-50,-173,203,125,101,108,
 1078,-57,-167,199,116,81,107,
 1079,-47,-179,199,109,95,113,
 1080,-51,-176,199,117,124,113,
 1081,-52,-163,197,111,124,110,
 1082,-53,-167,193,124,101,108,
 1083,-52,-179,199,124,99,110,
 1084,-50,-178,190,116,80,119,
 1085,-55,-169,197,121,108,109,
 1086,-53,-170,194,111,108,115,
 1087,-48,-186,196,113,106,118,
 1088,-47,-181,201,126,135,116,
 1089,-53,-180,203,123,103,116,
 1090,-48,-154,205,114,86,116,
 1091,-55,-168,194,116,93,112,
 1092,-49,-172,195,119,72,115,
 1093,-55,-186,195,120,84,117,
 1094,-48,-169,199,123,93,109,
 1095,-50,-173,192,118,93,113,
 1096,-46,-180,195,114,120,111,
 1097,-54,-168,197,120,113,116,
 1098,-49,-178,197,131,86,112,
 1099,-55,-180,188,133,96,119,
 1100,-47,-172,198,121,109,120,
 1101,-51,-172,195,117,85,122,
 1102,-50,-180,200,133,106,118,
 1103,-56,-183,189,136,86,115,
 1104,-55,-176,187,137,102,122,
 1105,-52,-170,193,126,103,132,
 1106,-51,-174,189,110,85,121,
 1107,-51,-182,203,137,95,127,
 1108,-52,-172,192,148,90,120,
 1109,-51,-184,196,149,78,119,
 1110,-53,-172,198,136,96,124,
 1111,-51,-174,200,118,96,130,
 1112,-57,-172,200,134,105,125,
 1113,-54,-173,203,139,90,117,
 1114,-50,-181,200,139,74,112,
 1115,-51,-175,206,133,92,123,
 1116,-56,-173,204,125,90,120,
 1117,-49,-172,202,142,81,124,
 1118,-57,-174,194,132,85,130,
 1119,-50,-180,199,115,112,116,
 1120,-55,-173,187,104,63,121,
 1121,-53,-176,189,117,53,126,
 1122,-55,-163,186,133,69,128,
 1123,-46,-167,183,122,84,124,
 1124,-49,-170,179,105,75,120,
 1125,-48,-175,183,104,98,125,
 1126,-48,-174,189,127,76,133,
 1127,-47,-168,197,139,111,136,
 1128,-52,-167,194,117,93,135,
 1129,-57,-169,190,127,70,123,
 1130,-49,-162,205,120,99,127,
 1131,-55,-170,192,135,80,129,
 1132,-58,-176,201,131,109,124,
 1133,-58,-176,202,122,101,130,
 1134,-54,-171,192,117,116,119,
 1135,-55,-170,197,120,119,120,
 1136,-51,-168,195,127,92,118,
 1137,-56,-169,202,116,77,126,
 1138,-45,-166,202,118,84,123,
 1139,-53,-163,187,109,81,117,
 1140,-52,-167,193,124,92,117,
 1141,-46,-179,190,120,79,127,
 1142,-51,-162,196,134,91,126,
 1143,-46,-179,190,121,97,124,
 1144,-55,-175,198,114,97,121,
 1145,-48,-177,204,119,108,121,
 1146,-54,-179,202,133,105,124,
 1147,-52,-167,196,129,86,129,
 1148,-48,-178,201,126,95,126,
 1149,-56,-175,199,120,74,124,
 1150,-48,-174,185,132,105,126,
 1151,-54,-174,194,151,90,126,
 1152,-49,-175,194,146,102,130,
 1153,-52,-171,204,126,100,131,
 1154,-50,-170,201,137,84,122,
 1155,-54,-170,197,144,91,122,
 1156,-51,-173,188,140,76,122,
 1157,-50,-175,194,128,73,123,
 1158,-53,-165,188,124,88,120,
 1159,-49,-173,200,140,100,129,
 1160,-51,-173,200,143,123,128,
 1161,-50,-171,197,132,102,137,
 1162,-55,-178,194,121,78,135,
 1163,-53,-167,192,131,94,132,
 1164,-53,-171,195,137,90,130,
 1165,-56,-175,186,126,87,141,
 1166,-50,-179,187,115,73,137,
 1167,-56,-162,195,119,87,132,
 1168,-52,-164,194,131,107,129,
 1169,-58,-177,193,132,74,124,
 1170,-54,-171,200,115,91,127,
 1171,-51,-167,197,127,76,119,
 1172,-57,-175,194,130,88,127,
 1173,-49,-173,199,128,90,126,
 1174,-55,-179,190,134,85,125,
 1175,-53,-185,201,132,98,123,
 1176,-54,-180,205,114,103,130,
 1177,-46,-172,195,134,87,115,
 1178,-51,-174,185,135,79,121,
 1179,-53,-178,191,127,59,133,
 1180,-47,-170,188,127,100,128,
 1181,-54,-174,194,120,74,131,
 1182,-55,-165,196,123,98,125,
 1183,-47,-175,192,130,84,121,
 1184,-51,-173,195,132,96,125,
 1185,-48,-178,196,120,96,123,
 1186,-55,-183,196,131,83,126,
 1187,-52,-190,201,128,93,115,
 1188,-49,-182,203,129,73,119,
 1189,-54,-167,194,128,91,121,
 1190,-48,-174,200,123,84,121,
 1191,-51,-184,196,132,85,117,
 1192,-48,-178,194,135,93,113,
 1193,-49,-178,201,130,81,120,
 1194,-48,-181,203,131,88,122,
 1195,-50,-174,190,131,83,114,
 1196,-52,-172,197,133,59,126,
 1197,-47,-183,199,147,65,126,
 1198,-49,-184,193,135,66,127,
 1199,-57,-174,189,135,87,118,
 1200,-50,-175,202,147,93,121,
 1201,-50,-179,200,152,94,128,
 1202,-54,-184,199,127,91,124,
 1203,-49,-175,203,121,84,135,
 1204,-55,-176,207,138,75,132,
 1205,-49,-179,208,142,73,140,
 1206,-54,-175,199,125,89,131,
 1207,-48,-169,190,120,60,125,
 1208,-50,-175,192,128,77,121,
 1209,-55,-183,189,139,72,119,
 1210,-47,-176,191,130,79,126,
 1211,-50,-178,193,125,88,120,
 1212,-55,-188,203,127,94,123,
 1213,-51,-181,199,136,88,125,
 1214,-53,-177,197,126,68,121,
 1215,-56,-182,195,117,86,127,
 1216,-49,-180,193,110,71,133,
 1217,-54,-179,196,132,79,141,
 1218,-52,-181,199,131,78,136,
 1219,-45,-184,200,105,86,127,
 1220,-49,-181,200,108,78,131,
 1221,-54,-184,205,128,95,120,
 1222,-48,-170,199,135,70,130,
 1223,-49,-184,192,126,80,117,
 1224,-52,-185,200,125,75,120,
 1225,-46,-172,198,116,85,123,
 1226,-49,-185,206,115,68,130,
 1227,-55,-175,192,124,87,123,
 1228,-49,-189,200,133,77,123,
 1229,-48,-174,204,117,84,116,
 1230,-56,-169,188,114,81,114,
 1231,-53,-188,194,130,97,115,
 1232,-50,-174,201,131,82,128,
 1233,-55,-181,200,125,76,112,
 1234,-52,-183,198,119,82,112,
 1235,-53,-179,198,123,70,116,
 1236,-45,-183,191,121,68,119,
 1237,-49,-171,187,114,48,115,
 1238,-50,-178,192,104,62,116,
 1239,-54,-169,188,112,55,113,
 1240,-47,-175,195,147,87,119,
 1241,-50,-183,200,135,85,118,
 1242,-51,-182,201,121,86,124,
 1243,-51,-187,205,121,75,117,
 1244,-48,-179,198,130,83,122,
 1245,-50,-191,199,141,64,119,
 1246,-52,-181,208,145,85,112,
 1247,-50,-190,210,129,81,114,
 1248,-49,-178,206,127,87,114,
 1249,-53,-186,203,134,76,112,
 1250,-54,-174,201,128,84,112,
 1251,-50,-179,202,131,65,124,
 1252,-49,-182,198,123,78,131,
 1253,-57,-173,204,136,79,131,
 1254,-51,-184,202,136,92,128,
 1255,-52,-176,201,134,79,128,
 1256,-48,-186,204,123,74,130,
 1257,-51,-171,201,121,72,128,
 1258,-53,-188,195,129,81,125,
 1259,-50,-184,196,134,73,128,
 1260,-49,-181,200,119,69,116,
 1261,-53,-182,204,119,76,129,
 1262,-51,-191,206,116,68,117,
 1263,-51,-184,197,126,75,121,
 1264,-48,-196,197,140,65,122,
 1265,-52,-174,207,119,83,120,
 1266,-52,-185,207,103,66,113,
 1267,-50,-181,197,112,84,121,
 1268,-49,-175,197,135,72,120,
 1269,-48,-189,199,137,83,111,
 1270,-48,-189,196,128,73,105,
 1271,-48,-194,209,110,71,110,
 1272,-45,-188,208,113,63,120,
 1273,-47,-192,204,122,61,120,
 1274,-52,-185,203,130,90,115,
 1275,-44,-188,204,118,68,119,
 1276,-46,-176,209,113,76,112,
 1277,-48,-194,206,113,67,116,
 1278,-52,-193,203,129,77,114,
 1279,-54,-176,203,120,70,118,
 1280,-45,-194,200,116,83,110,
 1281,-46,-183,208,125,74,107,
 1282,-52,-201,199,133,86,109,
 1283,-52,-176,203,135,79,104,
 1284,-49,-188,209,130,65,103,
 1285,-48,-195,201,122,71,112,
 1286,-46,-171,204,124,63,104,
 1287,-53,-184,193,134,90,104,
 1288,-54,-179,203,130,65,103,
 1289,-52,-192,202,131,82,108,
 1290,-45,-183,202,117,63,107,
 1291,-48,-180,200,120,65,101,
 1292,-50,-191,193,133,84,103,
 1293,-54,-182,205,140,68,98,
 1294,-54,-189,206,137,70,96,
 1295,-47,-192,203,119,65,94,
 1296,-47,-174,197,125,63,105,
 1297,-49,-194,210,136,61,103,
 1298,-52,-186,200,136,69,100,
 1299,-54,-193,198,126,78,96,
 1300,-50,-192,204,121,62,95,
 1301,-51,-187,205,120,80,95,
 1302,-50,-186,198,133,85,101,
 1303,-48,-179,196,135,76,110,
 1304,-52,-188,200,130,85,99,
 1305,-51,-186,205,120,76,105,
 1306,-54,-181,202,115,79,102,
 1307,-46,-190,203,133,82,99,
 1308,-48,-196,206,125,90,99,
 1309,-49,-190,204,117,74,101,
 1310,-51,-190,198,116,69,98,
 1311,-53,-193,202,114,77,101,
 1312,-50,-199,190,122,70,99,
 1313,-53,-189,196,118,71,97,
 1314,-47,-197,201,116,86,96,
 1315,-47,-193,205,120,68,97,
 1316,-46,-192,210,112,79,90,
 1317,-48,-180,211,118,64,95,
 1318,-52,-200,211,130,63,94,
 1319,-51,-195,218,125,62,100,
 1320,-50,-195,213,123,68,96,
 1321,-47,-196,194,114,77,93,
 1322,-47,-198,201,119,69,91,
 1323,-45,-195,203,119,65,98,
 1324,-49,-205,209,123,81,98,
 1325,-52,-195,206,115,62,91,
 1326,-48,-193,197,107,70,98,
 1327,-49,-209,199,108,74,94,
 1328,-48,-199,202,123,64,103,
 1329,-48,-193,198,135,66,95,
 1330,-46,-195,208,112,72,100,
 1331,-48,-193,211,118,61,100,
 1332,-52,-200,197,110,73,96,
 1333,-49,-202,196,117,75,95,
 1334,-55,-195,198,125,71,96,
 1335,-49,-200,205,128,74,101,
 1336,-47,-193,206,124,69,96,
 1337,-45,-199,203,124,73,98,
 1338,-49,-205,200,117,68,95,
 1339,-53,-205,206,119,62,94,
 1340,-50,-202,209,125,65,99,
 1341,-51,-193,198,123,68,91,
 1342,-45,-202,198,124,64,90,
 1343,-47,-206,207,127,62,91,
 1344,-48,-198,208,113,73,91,
 1345,-47,-207,200,117,75,99,
 1346,-47,-208,199,119,78,93,
 1347,-49,-206,208,136,64,91,
 1348,-52,-209,207,134,72,93,
 1349,-50,-217,206,130,74,96,
 1350,-54,-215,195,120,73,99,
 1351,-51,-208,204,125,57,95,
 1352,-49,-189,202,130,76,93,
 1353,-46,-204,207,128,80,94,
 1354,-46,-200,201,113,68,92,
 1355,-46,-203,202,118,72,91,
 1356,-48,-206,205,110,67,93,
 1357,-51,-206,206,121,55,88,
 1358,-49,-196,205,121,74,86,
 1359,-52,-208,197,126,81,90,
 1360,-49,-210,203,109,62,91,
 1361,-51,-204,207,111,71,88,
 1362,-50,-210,210,115,65,83,
 1363,-49,-207,211,112,71,89,
 1364,-46,-205,207,119,72,88,
 1365,-46,-199,208,113,63,86,
 1366,-48,-211,211,106,52,85,
 1367,-49,-214,205,112,61,83,
 1368,-49,-218,198,116,68,84,
 1369,-51,-210,204,114,73,87,
 1370,-52,-201,196,116,67,83,
 1371,-48,-210,194,113,70,83,
 1372,-50,-216,205,107,64,83,
 1373,-49,-213,210,106,75,85,
 1374,-46,-202,199,93,69,85,
 1375,-46,-216,207,109,70,83,
 1376,-47,-208,205,118,65,77,
 1377,-50,-215,208,113,74,75,
 1378,-48,-203,208,104,75,78,
 1379,-50,-212,212,99,73,73,
 1380,-48,-200,199,103,67,73,
 1381,-51,-213,208,113,66,79,
 1382,-47,-204,214,107,66,75,
 1383,-50,-207,201,114,63,81,
 1384,-47,-205,214,107,66,79,
 1385,-47,-209,208,96,74,75,
 1386,-48,-212,204,103,56,80,
 1387,-46,-200,195,105,70,79,
 1388,-49,-209,206,97,73,77,
 1389,-53,-205,196,112,67,74,
 1390,-52,-203,206,109,62,75,
 1391,-49,-209,204,108,63,75,
 1392,-50,-209,200,104,67,68,
 1393,-49,-199,216,102,71,50,
 1394,-49,-204,206,101,66,30,
 1395,-47,-213,207,99,59,0,
 1396,-47,-218,205,101,65,-30,
 1397,-46,-219,207,116,63,-57,
 1398,-49,-222,202,115,58,-49,
 1399,-50,-204,204,116,70,-56,
 1400,-50,-213,210,108,67,-74,
 1401,-51,-206,202,110,58,-81,
 1402,-49,-215,216,104,59,-80,
 1403,-51,-214,206,105,72,-80,
 1404,-49,-213,209,109,64,-76,
 1405,-54,-201,206,119,62,-76,
 1406,-49,-209,208,125,68,-80,
 1407,-46,-205,198,125,72,-87,
 1408,-47,-214,204,112,68,-84,
 1409,-49,-222,203,106,67,-81,
 1410,-53,-204,200,93,58,-89,
 1411,-51,-208,198,106,70,-87,
 1412,-53,-212,204,117,63,-87,
 1413,-50,-212,199,125,70,-84,
 1414,-49,-223,213,119,67,-92,
 1415,-47,-218,213,124,76,-91,
 1416,-49,-219,214,121,74,-89,
 1417,-50,-217,215,98,71,-94,
 1418,-51,-218,219,104,70,-93,
 1419,-54,-214,217,108,65,-93,
 1420,-52,-229,215,106,64,-94,
 1421,-56,-211,217,116,63,-98,
 1422,-48,-215,206,120,74,-99,
 1423,-50,-224,215,119,65,-104,
 1424,-45,-216,214,111,63,-103,
 1425,-47,-224,208,108,62,-104,
 1426,-48,-218,210,103,70,-103,
 1427,-51,-214,212,107,72,-104,
 1428,-52,-213,205,106,53,-109,
 1429,-51,-209,201,105,52,-113,
 1430,-49,-216,215,104,57,-114,
 1431,-48,-214,215,104,71,-118,
 1432,-49,-219,210,103,71,-117,
 1433,-48,-204,209,100,63,-120,
 1434,-51,-235,210,104,63,-116,
 1435,-54,-209,210,102,62,-111,
 1436,-48,-217,212,103,62,-109,
 1437,-52,-222,211,105,67,-108,
 1438,-48,-231,206,103,65,-109,
 1439,-48,-217,225,99,68,-109,
 1440,-49,-232,220,102,65,-117,
 1441,-52,-223,206,100,72,-125,
 1442,-56,-225,207,98,68,-122,
 1443,-50,-224,206,97,67,-121,
 1444,-49,-215,206,102,70,-124,
 1445,-52,-217,209,102,66,-120,
 1446,-51,-207,197,97,52,-119,
 1447,-55,-222,213,99,64,-119,
 1448,-50,-231,203,104,75,-126,
 1449,-49,-219,207,106,82,-120,
 1450,-48,-209,211,102,76,-125,
 1451,-52,-232,208,97,64,-123,
 1452,-57,-217,215,88,65,-119,
 1453,-53,-220,213,95,67,-127,
 1454,-51,-213,208,93,60,-123,
 1455,-49,-224,215,88,58,-127,
 1456,-51,-220,212,90,65,-118,
 1457,-56,-228,218,96,62,-119,
 1458,-53,-225,214,103,69,-125,
 1459,-50,-228,214,120,73,-116,
 1460,-54,-216,218,102,73,-121,
 1461,-53,-224,216,90,75,-111,
 1462,-55,-212,212,96,60,-115,
 1463,-49,-215,206,100,67,-113,
 1464,-49,-231,219,93,58,-118,
 1465,-56,-216,229,88,68,-119,
 1466,-54,-215,224,92,69,-109,
 1467,-52,-213,201,98,66,-106,
 1468,-51,-228,219,102,64,-110,
 1469,-53,-218,218,111,61,-103,
 1470,-52,-220,218,105,72,-106,
 1471,-48,-222,215,99,69,-108,
 1472,-54,-228,211,101,71,-115,
 1473,-55,-224,212,102,66,-107,
 1474,-47,-226,222,100,72,-107,
 1475,-50,-240,217,93,65,-112,
 1476,-55,-224,216,101,68,-107,
 1477,-47,-221,220,99,68,-106,
 1478,-48,-245,215,97,63,-109,
 1479,-53,-234,211,100,67,-109,
 1480,-48,-224,213,95,66,-113,
 1481,-49,-225,210,99,76,-110,
 1482,-51,-241,201,91,74,-108,
 1483,-46,-234,209,97,68,-106,
 1484,-46,-226,219,99,68,-105,
 1485,-50,-234,209,102,57,-112,
 1486,-54,-242,218,99,64,-112,
 1487,-48,-236,216,96,69,-109,
 1488,-55,-218,219,101,77,-106,
 1489,-48,-224,221,102,69,-109,
 1490,-55,-223,218,104,65,-111,
 1491,-54,-221,215,102,62,-100,
 1492,-47,-231,207,101,57,-116,
 1493,-50,-231,219,113,70,-110,
 1494,-52,-220,216,103,76,-117,
 1495,-47,-235,212,112,68,-115,
 1496,-50,-233,219,99,72,-115,
 1497,-50,-222,219,109,77,-115,
 1498,-50,-231,205,108,63,-113,
 1499,-53,-244,208,108,64,-111,
 1500,-48,-233,217,100,67,-122,
 1501,-57,-226,224,109,79,-119,
 1502,-55,-232,223,110,73,-130,
 1503,-54,-223,225,115,73,-123,
 1504,-53,-224,228,119,69,-131,
 1505,-49,-220,230,116,69,-120,
 1506,-55,-226,223,118,72,-134,
 1507,-53,-213,219,117,77,-130,
 1508,-56,-232,212,110,77,-135,
 1509,-51,-227,220,102,70,-136,
 1510,-51,-227,218,106,72,-142,
 1511,-50,-235,219,99,71,-133,
 1512,-50,-223,228,105,70,-128,
 1513,-53,-227,224,104,76,-128,
 1514,-52,-255,214,98,74,-136,
 1515,-58,-224,228,107,75,-128,
 1516,-50,-209,227,111,70,-124,
 1517,-53,-239,220,110,74,-120,
 1518,-51,-233,219,131,73,-118,
 1519,-56,-218,220,120,76,-124,
 1520,-49,-239,227,116,74,-125,
 1521,-53,-229,210,108,76,-128,
 1522,-51,-229,216,106,78,-125,
 1523,-50,-237,220,107,75,-130,
 1524,-47,-234,220,102,74,-130,
 1525,-54,-231,220,93,74,-122,
 1526,-52,-224,211,100,82,-125,
 1527,-51,-240,217,103,76,-126,
 1528,-51,-236,218,113,78,-126,
 1529,-53,-233,228,109,73,-122,
 1530,-54,-229,224,118,79,-129,
 1531,-53,-224,217,117,86,-123,
 1532,-57,-242,225,110,88,-128,
 1533,-58,-213,222,100,79,-122,
 1534,-54,-228,220,106,73,-128,
 1535,-54,-214,220,108,72,-128,
 1536,-53,-230,221,108,85,-128,
 1537,-58,-235,229,105,85,-119,
 1538,-54,-219,210,103,79,-116,
 1539,-51,-216,222,106,77,-120,
 1540,-56,-232,213,108,74,-118,
 1541,-55,-235,222,109,73,-115,
 1542,-52,-226,215,115,79,-119,
 1543,-55,-231,228,108,70,-108,
 1544,-56,-215,211,107,71,-118,
 1545,-49,-230,216,104,79,-114,
 1546,-57,-247,222,104,80,-116,
 1547,-56,-221,210,103,90,-116,
 1548,-58,-227,220,100,72,-114,
 1549,-57,-221,216,103,71,-115,
 1550,-56,-218,225,101,75,-110,
 1551,-54,-231,224,103,76,-123,
 1552,-55,-216,215,104,74,-114,
 1553,-53,-239,220,102,74,-119,
 1554,-57,-221,227,103,80,-122,
 1555,-55,-225,216,108,80,-121,
 1556,-53,-253,219,109,71,-118,
 1557,-49,-223,223,104,82,-116,
 1558,-51,-221,215,100,71,-117,
 1559,-52,-233,207,93,78,-114,
 1560,-51,-224,210,101,79,-115,
 1561,-57,-228,217,99,82,-115,
 1562,-51,-215,216,99,70,-114,
 1563,-53,-215,213,100,65,-121,
 1564,-51,-236,227,95,83,-120,
 1565,-57,-215,232,98,82,-111,
 1566,-60,-231,219,107,76,-112,
 1567,-59,-224,209,103,80,-111,
 1568,-57,-233,216,110,72,-115,
 1569,-61,-224,226,99,67,-116,
 1570,-53,-221,222,98,68,-115,
 1571,-58,-232,217,91,79,-116,
 1572,-57,-231,221,96,87,-117,
 1573,-52,-232,221,98,80,-114,
 1574,-56,-217,216,100,72,-118,
 1575,-54,-221,229,94,77,-117,
 1576,-56,-229,224,97,77,-119,
 1577,-56,-220,218,92,85,-115,
 1578,-55,-250,213,99,87,-123,
 1579,-55,-225,217,105,76,-126,
 1580,-56,-230,226,104,74,-120,
 1581,-61,-239,227,101,77,-124,
 1582,-61,-217,225,102,91,-132,
 1583,-56,-246,226,101,88,-124,
 1584,-60,-220,220,105,78,-119,
 1585,-59,-235,218,104,86,-126,
 1586,-58,-227,219,99,92,-119,
 1587,-59,-230,221,96,82,-115,
 1588,-56,-241,226,103,87,-118,
 1589,-57,-236,218,101,87,-112,
 1590,-57,-247,230,98,95,-110,
 1591,-60,-240,227,92,87,-121,
 1592,-53,-243,227,105,78,-108,
 1593,-54,-234,224,100,82,-116,
 1594,-58,-225,227,104,79,-113,
 1595,-56,-237,226,100,83,-116,
 1596,-58,-223,214,106,81,-120,
 1597,-60,-230,214,99,84,-115,
 1598,-61,-231,218,103,90,-122,
 1599,-59,-236,220,105,94,-112,
 1600,-57,-235,221,99,89,-112,
 1601,-56,-229,220,109,87,-113,
 1602,-60,-238,222,112,85,-114,
 1603,-59,-221,220,109,83,-110,
 1604,-62,-234,214,109,79,-111,
 1605,-55,-220,219,105,86,-112,
 1606,-55,-239,220,112,73,-114,
 1607,-57,-225,217,106,80,-117,
 1608,-57,-247,225,103,91,-113,
 1609,-57,-228,229,104,89,-118,
 1610,-60,-227,225,101,86,-120,
 1611,-60,-224,220,107,84,-108,
 1612,-58,-231,217,111,79,-107,
 1613,-53,-245,224,117,82,-106,
 1614,-54,-224,216,115,83,-105,
 1615,-59,-241,218,114,80,-101,
 1616,-53,-220,227,111,72,-100,
 1617,-55,-218,226,117,76,-100,
 1618,-57,-222,216,110,90,-104,
 1619,-58,-218,220,112,82,-93,
 1620,-58,-225,213,110,93,-96,
 1621,-58,-214,216,112,88,-102,
 1622,-60,-219,214,116,77,-101,
 1623,-63,-217,222,117,82,-105,
 1624,-62,-249,223,117,89,-101,
 1625,-62,-218,222,127,83,-104,
 1626,-63,-233,217,125,91,-101,
 1627,-59,-223,218,120,101,-102,
 1628,-59,-230,222,121,86,-101,
 1629,-62,-223,219,120,89,-103,
 1630,-61,-235,225,113,87,-103,
 1631,-61,-232,217,109,89,-108,
 1632,-60,-228,211,111,94,-116,
 1633,-63,-221,209,115,86,-106,
 1634,-59,-218,218,111,90,-105,
 1635,-64,-233,224,127,94,-111,
 1636,-59,-226,216,132,85,-109,
 1637,-63,-239,214,127,86,-109,
 1638,-56,-215,226,121,91,-114,
 1639,-59,-237,223,128,86,-113,
 1640,-59,-222,213,119,82,-106,
 1641,-58,-242,214,117,90,-107,
 1642,-62,-222,218,116,92,-112,
 1643,-60,-236,214,119,80,-104,
 1644,-64,-214,223,114,95,-101,
 1645,-57,-242,213,121,89,-109,
 1646,-63,-222,229,122,88,-100,
 1647,-65,-220,216,125,84,-102,
 1648,-60,-225,224,118,89,-107,
 1649,-66,-218,213,122,81,-106,
 1650,-60,-219,224,116,86,-109,
 1651,-65,-228,218,121,89,-103,
 1652,-65,-230,221,117,95,-104,
 1653,-63,-224,222,129,92,-100,
 1654,-64,-231,224,126,93,-101,
 1655,-65,-212,219,120,79,-98,
 1656,-62,-230,207,109,73,-100,
 1657,-65,-215,219,115,102,-103,
 1658,-64,-236,229,116,104,-104,
 1659,-61,-219,221,116,96,-106,
 1660,-58,-232,225,121,100,-102,
 1661,-64,-213,221,119,86,-103,
 1662,-59,-236,225,126,81,-113,
 1663,-63,-214,221,118,79,-107,
 1664,-62,-228,214,113,96,-110,
 1665,-62,-218,225,111,88,-112,
 1666,-54,-220,224,107,84,-105,
 1667,-63,-217,220,116,92,-106,
 1668,-63,-224,224,119,91,-103,
 1669,-65,-224,217,119,97,-113,
 1670,-61,-236,221,126,84,-105,
 1671,-64,-231,215,117,82,-112,
 1672,-63,-211,210,109,92,-107,
 1673,-68,-227,221,111,100,-104,
 1674,-66,-221,221,113,84,-105,
 1675,-64,-213,217,115,90,-102,
 1676,-66,-213,223,121,90,-110,
 1677,-61,-222,224,116,79,-107,
 1678,-59,-199,216,121,90,-104,
 1679,-62,-227,216,122,90,-105,
 1680,-62,-214,217,117,90,-106,
 1681,-67,-229,210,115,91,-104,
 1682,-64,-212,213,110,99,-104,
 1683,-65,-237,222,127,85,-100,
 1684,-60,-210,223,122,91,-100,
 1685,-59,-232,222,117,96,-100,
 1686,-63,-213,212,118,92,-97,
 1687,-59,-222,219,106,94,-99,
 1688,-61,-212,220,110,82,-100,
 1689,-57,-238,216,123,84,-94,
 1690,-67,-223,218,126,93,-95,
 1691,-59,-241,216,114,90,-90,
 1692,-65,-206,224,126,90,-96,
 1693,-67,-222,210,111,75,-90,
 1694,-66,-201,214,119,73,-91,
 1695,-57,-223,217,123,87,-88,
 1696,-66,-209,221,119,83,-83,
 1697,-60,-233,219,118,95,-84,
 1698,-65,-199,211,121,108,-86,
 1699,-59,-214,221,123,100,-90,
 1700,-64,-217,230,124,102,-94,
 1701,-61,-222,229,129,102,-90,
 1702,-65,-208,227,126,78,-90,
 1703,-65,-226,221,116,94,-89,
 1704,-62,-216,225,124,104,-94,
 1705,-60,-219,215,122,98,-89,
 1706,-61,-197,209,129,81,-90,
 1707,-64,-210,218,123,62,-94,
 1708,-63,-198,211,132,83,-89,
 1709,-64,-217,210,137,100,-82,
 1710,-60,-202,210,124,87,-88,
 1711,-66,-212,219,125,104,-91,
 1712,-69,-206,220,126,90,-90,
 1713,-69,-221,214,127,80,-94,
 1714,-68,-224,224,129,103,-88,
 1715,-67,-223,226,132,85,-90,
 1716,-66,-201,223,141,94,-85,
 1717,-66,-202,223,122,80,-91,
 1718,-63,-209,220,121,75,-91,
 1719,-67,-190,216,122,89,-86,
 1720,-63,-214,228,133,85,-89,
 1721,-68,-208,219,134,100,-94,
 1722,-58,-209,216,133,91,-94,
 1723,-65,-207,221,124,99,-92,
 1724,-58,-226,212,121,81,-89,
 1725,-65,-208,223,124,80,-89,
 1726,-67,-213,220,124,100,-86,
 1727,-61,-206,226,135,89,-75,
 1728,-68,-223,231,128,89,-59,
 1729,-71,-196,228,129,100,-35,
 1730,-68,-217,229,118,86,-4,
 1731,-63,-203,216,115,76,22,
 1732,-64,-221,224,114,88,53,
 1733,-61,-196,224,118,93,58,
 1734,-63,-215,223,125,100,65,
 1735,-67,-197,208,123,91,82,
 1736,-65,-225,220,125,105,87,
 1737,-61,-208,217,120,104,87,
 1738,-68,-224,221,116,102,84,
 1739,-70,-204,215,125,103,76,
 1740,-70,-193,220,126,80,80,
 1741,-67,-200,223,119,97,81,
 1742,-65,-204,214,119,90,81,
 1743,-60,-209,217,110,95,85,
 1744,-65,-203,224,117,89,88,
 1745,-66,-213,219,124,84,83,
 1746,-70,-205,223,126,102,83,
 1747,-70,-216,211,126,92,84,
 1748,-67,-205,224,116,98,87,
 1749,-70,-217,224,112,93,93,
 1750,-65,-195,220,113,77,93,
 1751,-70,-213,223,117,95,92,
 1752,-69,-196,213,122,73,93,
 1753,-65,-210,210,135,101,95,
 1754,-66,-199,223,121,95,95,
 1755,-65,-210,211,110,82,99,
 1756,-63,-199,229,109,95,102,
 1757,-69,-204,224,124,79,102,
 1758,-67,-205,221,130,82,108,
 1759,-63,-207,225,124,86,106,
 1760,-69,-206,221,121,96,108,
 1761,-65,-196,215,109,84,116,
 1762,-59,-201,220,115,93,112,
 1763,-69,-192,219,125,91,114,
 1764,-64,-205,212,126,85,115,
 1765,-65,-196,219,128,92,115,
 1766,-68,-200,219,129,81,120,
 1767,-65,-188,223,130,100,114,
 1768,-61,-212,224,122,82,120,
 1769,-71,-196,213,129,82,119,
 1770,-71,-211,219,134,94,122,
 1771,-65,-196,221,148,93,122,
 1772,-71,-195,213,147,93,128,
 1773,-70,-201,223,137,89,125,
 1774,-68,-200,217,129,89,132,
 1775,-69,-197,216,132,71,129,
 1776,-67,-180,205,141,78,125,
 1777,-61,-207,215,146,88,125,
 1778,-64,-187,213,138,76,136,
 1779,-62,-207,221,129,86,131,
 1780,-58,-190,210,122,74,129,
 1781,-61,-210,214,129,105,140,
 1782,-68,-192,212,129,102,131,
 1783,-64,-207,211,135,82,131,
 1784,-65,-195,213,135,89,127,
 1785,-62,-195,222,118,84,120,
 1786,-69,-169,218,122,66,126,
 1787,-64,-181,206,134,63,125,
 1788,-72,-186,209,136,73,124,
 1789,-70,-188,202,125,52,124,
 1790,-68,-198,207,126,81,120,
 1791,-67,-192,204,124,91,127,
 1792,-72,-194,207,121,101,123,
 1793,-65,-173,205,130,92,120,
 1794,-62,-204,205,133,94,113,
 1795,-64,-181,198,121,93,115,
 1796,-64,-184,208,116,93,121,
 1797,-59,-194,212,127,92,117,
 1798,-62,-182,219,132,83,111,
 1799,-68,-198,219,138,89,111,
 1800,-67,-184,214,131,87,115,
 1801,-65,-204,219,116,84,114,
 1802,-61,-184,213,116,78,113,
 1803,-62,-188,214,122,81,114,
 1804,-66,-189,219,122,89,113,
 1805,-62,-175,222,127,85,119,
 1806,-68,-187,212,116,100,113,
 1807,-64,-184,219,125,82,117,
 1808,-64,-185,213,110,85,110,
 1809,-70,-177,218,119,70,107,
 1810,-72,-175,217,109,76,111,
 1811,-65,-192,214,119,84,122,
 1812,-64,-182,206,126,76,111,
 1813,-66,-197,207,120,87,111,
 1814,-61,-176,218,118,82,113,
 1815,-66,-196,209,111,101,118,
 1816,-63,-181,215,129,85,110,
 1817,-59,-181,216,126,87,117,
 1818,-61,-198,208,121,82,108,
 1819,-64,-179,217,116,73,114,
 1820,-59,-185,218,122,91,102,
 1821,-62,-175,210,131,79,102,
 1822,-67,-195,215,130,97,106,
 1823,-69,-191,203,132,89,106,
 1824,-63,-187,207,125,81,109,
 1825,-69,-187,213,124,75,113,
 1826,-71,-172,215,140,73,102,
 1827,-69,-175,219,144,76,103,
 1828,-70,-176,217,142,69,103,
 1829,-71,-182,207,124,80,105,
 1830,-71,-180,224,120,74,101,
 1831,-65,-165,220,118,80,101,
 1832,-64,-181,220,134,86,106,
 1833,-64,-176,218,137,84,108,
 1834,-64,-170,213,136,82,98,
 1835,-66,-179,217,134,74,96,
 1836,-62,-174,213,120,83,98,
 1837,-63,-177,214,128,79,97,
 1838,-63,-176,213,139,90,95,
 1839,-65,-170,212,130,88,94,
 1840,-67,-175,214,134,82,98,
 1841,-62,-159,202,131,80,104,
 1842,-66,-178,216,121,73,98,
 1843,-62,-179,220,128,81,97,
 1844,-68,-168,218,125,71,98,
 1845,-66,-173,206,131,77,104,
 1846,-65,-174,212,128,68,109,
 1847,-65,-179,211,121,72,111,
 1848,-60,-176,203,119,72,116,
 1849,-64,-168,212,131,69,118,
 1850,-65,-176,209,125,80,116,
 1851,-65,-172,213,122,82,107,
 1852,-62,-172,206,115,79,108,
 1853,-62,-180,212,119,87,108,
 1854,-63,-166,209,123,82,106,
 1855,-66,-172,221,129,91,110,
 1856,-62,-169,217,122,79,114,
 1857,-62,-159,219,115,84,116,
 1858,-64,-176,211,112,88,111,
 1859,-62,-174,215,114,67,111,
 1860,-64,-151,208,127,72,114,
 1861,-60,-175,209,130,63,115,
 1862,-66,-160,208,121,85,119,
 1863,-59,-164,216,121,80,120,
 1864,-66,-167,210,121,81,123,
 1865,-65,-172,217,116,76,120,
 1866,-64,-173,213,127,63,116,
 1867,-63,-178,207,127,81,111,
 1868,-67,-151,213,113,70,108,
 1869,-59,-159,215,111,67,120,
 1870,-63,-158,203,119,63,112,
 1871,-56,-153,199,119,64,111,
 1872,-61,-172,203,118,64,110,
 1873,-60,-159,206,108,59,109,
 1874,-58,-157,204,111,77,109,
 1875,-57,-157,202,116,74,117,
 1876,-60,-160,198,116,84,113,
 1877,-55,-153,207,124,80,115,
 1878,-62,-175,215,127,63,117,
 1879,-62,-164,220,132,78,126,
 1880,-62,-171,216,122,72,132,
 1881,-57,-170,212,111,75,126,
 1882,-62,-156,202,114,78,124,
 1883,-61,-156,215,115,62,124,
 1884,-62,-177,208,125,67,125,
 1885,-61,-172,210,131,74,113,
 1886,-62,-152,216,137,81,110,
 1887,-63,-169,213,127,92,118,
 1888,-62,-155,217,117,87,110,
 1889,-60,-158,203,114,81,109,
 1890,-62,-166,199,128,71,109,
 1891,-59,-160,207,137,71,114,
 1892,-61,-158,215,131,79,106,
 1893,-57,-153,217,123,74,112,
 1894,-54,-170,216,125,66,109,
 1895,-60,-167,213,122,69,110,
 1896,-58,-158,205,124,69,112,
 1897,-57,-162,199,132,71,111,
 1898,-61,-149,205,127,74,106,
 1899,-56,-148,209,118,74,110,
 1900,-59,-162,207,111,62,109,
 1901,-58,-147,212,108,66,106,
 1902,-59,-148,205,130,66,102,
 1903,-57,-148,215,132,71,104,
 1904,-57,-165,209,126,68,112,
 1905,-65,-146,211,114,77,112,
 1906,-58,-146,205,106,72,99,
 1907,-62,-152,200,111,65,98,
 1908,-56,-153,201,121,57,98,
 1909,-62,-136,207,122,60,101,
 1910,-63,-156,212,114,70,108,
 1911,-56,-152,213,122,68,102,
 1912,-56,-143,206,107,64,103,
 1913,-57,-145,212,98,61,105,
 1914,-60,-158,206,107,59,102,
 1915,-57,-150,195,104,74,106,
 1916,-57,-145,206,111,71,103,
 1917,-55,-146,205,111,73,99,
 1918,-52,-166,206,104,60,101,
 1919,-56,-151,200,113,65,108,
 1920,-52,-163,210,113,72,106,
 1921,-54,-156,213,104,84,113,
 1922,-60,-141,214,110,74,108,
 1923,-54,-143,208,115,64,106,
 1924,-58,-150,197,108,64,111,
 1925,-57,-152,196,110,51,109,
 1926,-53,-150,198,107,59,107,
 1927,-54,-143,199,99,69,98,
 1928,-58,-146,202,106,65,101,
 1929,-55,-155,204,105,68,94,
 1930,-54,-152,206,105,58,96,
 1931,-52,-151,207,107,55,99,
 1932,-56,-135,208,104,61,97,
 1933,-52,-142,199,95,60,100,
 1934,-53,-155,200,108,60,108,
 1935,-61,-140,195,96,53,112,
 1936,-55,-141,197,97,60,111,
 1937,-57,-145,203,103,61,106,
 1938,-53,-139,200,109,52,108,
 1939,-50,-150,193,116,55,108,
 1940,-57,-141,210,102,70,111,
 1941,-57,-139,208,100,65,117,
 1942,-55,-145,206,100,56,113,
 1943,-55,-138,209,90,65,109,
 1944,-55,-126,207,102,46,109,
 1945,-55,-136,201,105,45,108,
 1946,-55,-138,201,115,56,110,
 1947,-54,-149,191,107,50,107,
 1948,-55,-139,197,117,56,113,
 1949,-52,-135,202,111,61,107,
 1950,-52,-143,202,104,70,112,
 1951,-54,-144,202,101,66,107,
 1952,-55,-137,209,98,65,118,
 1953,-54,-143,212,105,60,108,
 1954,-54,-137,213,114,49,105,
 1955,-55,-134,201,113,46,112,
 1956,-51,-145,207,113,60,113,
 1957,-54,-131,195,111,67,109,
 1958,-55,-141,196,117,57,109,
 1959,-55,-133,199,113,53,111,
 1960,-54,-131,200,102,56,104,
 1961,-55,-144,200,108,60,102,
 1962,-46,-140,201,107,57,96,
 1963,-51,-140,198,105,58,93,
 1964,-46,-138,194,116,58,95,
 1965,-55,-136,203,116,64,96,
 1966,-48,-138,202,111,61,99,
 1967,-49,-138,207,116,65,109,
 1968,-51,-141,209,109,60,106,
 1969,-54,-125,213,102,69,102,
 1970,-48,-122,208,95,59,98,
 1971,-52,-135,206,100,49,101,
 1972,-54,-135,203,102,56,101,
 1973,-47,-139,201,115,54,101,
 1974,-53,-132,197,109,57,102,
 1975,-48,-135,190,110,47,102,
 1976,-44,-133,188,106,51,102,
 1977,-49,-143,191,105,60,105,
 1978,-44,-131,193,104,62,98,
 1979,-50,-136,184,93,51,96,
 1980,-46,-145,189,96,53,102,
 1981,-49,-145,191,96,59,105,
 1982,-45,-136,195,100,51,100,
 1983,-53,-136,195,98,52,95,
 1984,-46,-128,202,115,52,95,
 1985,-52,-133,202,118,50,89,
 1986,-46,-129,193,104,44,98,
 1987,-51,-125,189,95,44,93,
 1988,-47,-134,189,92,58,93,
 1989,-46,-127,191,93,52,101,
 1990,-51,-127,198,96,49,92,
 1991,-45,-127,191,84,36,91,
 1992,-49,-135,191,92,43,93,
 1993,-51,-129,196,105,53,90,
 1994,-44,-126,184,103,45,87,
 1995,-46,-133,191,104,54,90,
 1996,-53,-123,193,106,52,91,
 1997,-45,-131,195,103,39,90,
 1998,-46,-133,191,91,47,92,
 1999,-46,-136,191,98,42,91,
 2000,-46,-129,183,99,52,87,
 2001,-48,-124,183,94,52,90,
 2002,-46,-121,191,97,56,85,
 2003,-45,-120,184,94,40,84,
 2004,-44,-126,193,95,36,81,
 2005,-48,-124,195,96,48,83,
 2006,-50,-121,189,94,45,80,
 2007,-48,-128,183,101,48,80,
 2008,-43,-133,190,100,47,82,
 2009,-42,-131,183,95,39,80,
 2010,-41,-131,193,93,49,77,
 2011,-42,-127,194,91,47,81,
 2012,-45,-115,196,88,55,78,
 2013,-43,-121,188,88,52,84,
 2014,-44,-126,183,84,49,82,
 2015,-45,-122,185,86,47,78,
 2016,-45,-114,179,88,47,81,
 2017,-46,-126,184,85,52,77,
 2018,-45,-130,179,91,56,79,
 2019,-43,-125,183,80,51,81,
 2020,-42,-125,180,91,52,81,
 2021,-43,-124,180,90,55,78,
 2022,-40,-122,184,87,48,81,
 2023,-41,-129,189,93,53,83,
 2024,-43,-120,190,91,51,80,
 2025,-47,-128,192,85,58,79,
 2026,-46,-128,188,87,44,84,
 2027,-47,-114,186,87,40,79,
 2028,-43,-121,183,87,38,79,
 2029,-39,-121,179,86,37,81,
 2030,-43,-126,180,87,45,79,
 2031,-45,-119,180,86,52,83,
 2032,-47,-116,182,80,50,77,
 2033,-42,-117,179,83,49,81,
 2034,-42,-119,178,85,46,80,
 2035,-43,-123,183,88,49,77,
 2036,-42,-120,180,85,42,79,
 2037,-41,-115,188,85,48,83,
 2038,-40,-115,185,81,39,80,
 2039,-46,-112,185,83,45,77,
 2040,-46,-114,189,84,39,83,
 2041,-41,-114,186,79,36,80,
 2042,-42,-110,181,81,43,79,
 2043,-42,-105,186,77,43,84,
 2044,-41,-118,190,83,47,83,
 2045,-41,-108,189,87,41,82,
 2046,-39,-116,182,89,39,84,
 2047,-44,-107,186,89,39,81,
 2048,-40,-115,187,89,35,82,
 2049,-41,-113,191,86,39,78,
 2050,-45,-103,181,86,35,80,
 2051,-38,-116,186,84,42,83,
 2052,-44,-107,191,86,37,81,
 2053,-39,-117,180,84,34,81,
 2054,-43,-111,182,84,33,78,
 2055,-36,-113,179,85,35,78,
 2056,-41,-104,178,79,28,79,
 2057,-39,-109,183,84,41,81,
 2058,-42,-115,184,87,38,77,
 2059,-43,-113,184,82,32,79,
 2060,-40,-114,179,79,37,75,
 2061,-42,-109,183,84,35,75,
 2062,-37,-120,179,73,30,74,
 2063,-41,-114,186,82,25,73,
 2064,-40,-110,188,77,34,73,
 2065,-38,-114,186,81,32,74,
 2066,-44,-106,181,74,34,73,
 2067,-40,-108,174,76,32,66,
 2068,-39,-119,178,82,33,70,
 2069,-43,-109,183,81,33,76,
 2070,-41,-110,183,78,34,74,
 2071,-37,-119,179,73,30,75,
 2072,-42,-117,178,78,31,74,
 2073,-38,-113,188,82,35,67,
 2074,-35,-114,183,79,30,70,
 2075,-37,-117,177,81,28,72,
 2076,-39,-106,183,78,30,70,
 2077,-38,-117,178,80,31,73,
 2078,-37,-111,183,79,32,69,
 2079,-41,-117,189,80,35,73,
 2080,-43,-112,192,76,33,70,
 2081,-40,-102,188,72,31,77,
 2082,-37,-109,178,70,35,70,
 2083,-38,-118,181,74,31,74,
 2084,-40,-117,172,74,34,68,
 2085,-39,-107,180,78,37,72,
 2086,-37,-101,178,77,33,71,
 2087,-35,-105,186,72,26,72,
 2088,-36,-110,187,78,33,74,
 2089,-39,-114,179,73,37,71,
 2090,-41,-114,183,76,33,73,
 2091,-41,-110,178,78,37,78,
 2092,-39,-108,179,73,37,74,
 2093,-37,-114,190,79,32,76,
 2094,-36,-111,192,72,34,79,
 2095,-36,-115,190,77,34,75,
 2096,-39,-121,194,71,36,74,
 2097,-40,-118,197,76,33,79,
 2098,-40,-115,192,71,37,78,
