 0,23,25,-109,-48,-40,-84,
 1,23,26,-108,-48,-39,-83,
 2,23,26,-109,-48,-40,-83,
 3,23,26,-109,-48,-41,-83,
 4,23,26,-108,-49,-40,-82,
 5,23,25,-108,-48,-40,-82,
 6,23,26,-108,-48,-40,-81,
 7,24,26,-108,-48,-40,-81,
 8,22,25,-107,-47,-40,-82,
 9,23,25,-107,-48,-40,-81,
 10,22,26,-107,-48,-40,-81,
 11,23,25,-108,-48,-40,-81,
 12,23,25,-106,-48,-40,-81,
 13,22,25,-106,-48,-40,-81,
 14,22,26,-106,-48,-40,-80,
 15,22,25,-106,-48,-39,-80,
 16,22,25,-106,-47,-40,-81,
 17,22,25,-106,-48,-40,-81,
 18,22,26,-105,-48,-40,-81,
 19,22,26,-104,-48,-40,-81,
 20,22,25,-104,-48,-40,-81,
 21,22,24,-103,-48,-40,-81,
 22,22,25,-102,-48,-39,-81,
 23,22,25,-99,-48,-39,-82,
 24,22,25,-99,-49,-39,-82,
 25,21,24,-96,-49,-38,-84,
 26,22,24,-94,-49,-37,-86,
 27,22,23,-91,-49,-37,-87,
 28,22,24,-87,-49,-37,-89,
 29,21,23,-84,-50,-36,-92,
 30,21,22,-78,-49,-35,-96,
 31,21,21,-73,-49,-34,-101,
 32,21,20,-68,-50,-32,-106,
 33,21,18,-60,-51,-30,-111,
 34,21,16,-53,-52,-27,-118,
 35,20,14,-45,-51,-24,-127,
 36,20,12,-37,-52,-21,-135,
 37,19,10,-28,-52,-18,-143,
 38,19,7,-17,-53,-16,-154,
 39,19,4,-7,-53,-13,-163,
 40,20,0,2,-54,-9,-165,
 41,19,0,14,-55,-6,-172,
 42,18,-4,25,-55,-4,-174,
 43,18,-7,32,-56,0,-151,
 44,18,-12,41,-57,0,-117,
 45,16,-15,51,-57,4,-113,
 46,15,-16,60,-57,5,-114,
 47,14,-17,63,-59,8,-116,
 48,13,-17,54,-60,10,-118,
 49,10,-16,54,-60,12,-121,
 50,9,-14,52,-61,14,-125,
 51,7,-13,60,-61,15,-128,
 52,6,-13,69,-62,17,-129,
 53,4,-15,67,-63,20,-124,
 54,2,-15,70,-64,21,-120,
 55,0,-15,75,-65,21,-118,
 56,0,-16,74,-67,22,-116,
 57,-2,-18,76,-69,22,-119,
 58,-4,-20,84,-70,23,-122,
 59,-6,-22,84,-72,22,-123,
 60,-8,-23,94,-74,23,-121,
 61,-10,-24,101,-74,24,-117,
 62,-10,-25,99,-72,23,-113,
 63,-12,-26,107,-72,24,-114,
 64,-14,-28,106,-72,26,-118,
 65,-15,-27,112,-71,27,-121,
 66,-17,-28,108,-71,29,-124,
 67,-17,-27,103,-72,30,-122,
 68,-17,-24,106,-71,32,-118,
 69,-18,-21,108,-71,33,-119,
 70,-16,-20,107,-70,35,-124,
 71,-18,-21,109,-70,37,-126,
 72,-18,-27,107,-71,37,-121,
 73,-18,-32,104,-70,36,-113,
 74,-18,-33,106,-70,35,-118,
 75,-18,-40,104,-72,34,-123,
 76,-19,-43,103,-69,35,-119,
 77,-21,-44,101,-70,35,-114,
 78,-23,-43,104,-70,35,-119,
 79,-24,-44,103,-70,36,-119,
 80,-24,-47,102,-70,38,-113,
 81,-24,-53,104,-69,38,-112,
 82,-25,-66,104,-68,36,-116,
 83,-25,-71,103,-68,36,-114,
 84,-26,-70,99,-67,35,-112,
 85,-25,-66,101,-66,33,-118,
 86,-24,-64,105,-64,30,-111,
 87,-23,-66,102,-62,29,-108,
 88,-24,-68,102,-58,31,-112,
 89,-23,-68,97,-54,33,-108,
 90,-23,-65,96,-51,35,-111,
 91,-24,-67,103,-45,37,-115,
 92,-27,-69,99,-38,36,-112,
 93,-27,-69,97,-31,35,-118,
 94,-27,-66,101,-22,33,-111,
 95,-27,-63,94,-14,32,-114,
 96,-25,-65,99,-8,34,-105,
 97,-24,-64,93,-1,36,-112,
 98,-23,-59,93,6,37,-108,
 99,-23,-58,96,10,37,-116,
 100,-22,-61,90,10,37,-110,
 101,-24,-60,92,14,34,-117,
 102,-25,-57,95,20,31,-108,
 103,-26,-59,99,25,31,-112,
 104,-28,-62,97,22,32,-108,
 105,-30,-63,96,23,34,-112,
 106,-31,-62,93,23,34,-115,
 107,-32,-66,92,34,35,-111,
 108,-33,-66,91,41,33,-112,
 109,-34,-63,93,45,31,-107,
 110,-36,-67,93,49,32,-108,
 111,-37,-65,94,52,34,-113,
 112,-41,-63,95,55,36,-108,
 113,-45,-67,92,57,36,-109,
 114,-48,-64,88,59,35,-112,
 115,-47,-64,96,61,32,-112,
 116,-46,-62,90,58,31,-106,
 117,-46,-55,92,55,33,-109,
 118,-48,-59,89,56,35,-113,
 119,-49,-56,85,56,37,-106,
 120,-48,-60,88,55,37,-101,
 121,-45,-59,85,53,34,-106,
 122,-43,-61,84,55,31,-112,
 123,-46,-64,86,58,33,-113,
 124,-47,-62,81,60,36,-109,
 125,-47,-65,85,60,39,-108,
 126,-45,-64,82,56,40,-107,
 127,-42,-69,83,55,38,-104,
 128,-43,-63,88,60,35,-104,
 129,-46,-61,87,59,34,-107,
 130,-45,-60,87,55,36,-108,
 131,-45,-56,80,56,39,-104,
 132,-45,-62,87,59,40,-107,
 133,-49,-56,88,61,39,-105,
 134,-51,-65,87,58,37,-106,
 135,-48,-63,91,57,34,-103,
 136,-44,-67,93,60,35,-104,
 137,-45,-67,88,58,36,-103,
 138,-48,-64,90,55,39,-104,
 139,-47,-67,89,59,38,-102,
 140,-44,-62,93,54,38,-108,
 141,-49,-56,87,57,35,-107,
 142,-51,-61,88,58,34,-106,
 143,-50,-67,91,54,32,-105,
 144,-47,-64,75,57,34,-104,
 145,-44,-62,70,62,32,-103,
 146,-47,-63,78,58,32,-99,
 147,-46,-68,70,59,32,-98,
 148,-42,-70,75,60,34,-99,
 149,-43,-62,82,58,36,-105,
 150,-46,-57,80,61,36,-100,
 151,-44,-58,86,58,36,-97,
 152,-44,-62,82,64,35,-101,
 153,-50,-64,89,60,34,-99,
 154,-52,-62,93,63,33,-102,
 155,-49,-67,95,58,31,-102,
 156,-51,-68,93,65,29,-97,
 157,-54,-65,98,64,29,-102,
 158,-49,-61,91,63,29,-94,
 159,-48,-57,87,64,29,-95,
 160,-49,-59,92,61,29,-105,
 161,-46,-60,90,67,29,-98,
 162,-48,-64,89,65,29,-100,
 163,-50,-67,84,61,29,-98,
 164,-46,-64,79,67,29,-97,
 165,-46,-61,90,67,28,-99,
 166,-47,-59,82,62,25,-97,
 167,-44,-64,90,61,22,-101,
 168,-50,-67,84,66,16,-103,
 169,-47,-67,91,67,7,-98,
 170,-49,-66,94,64,0,-98,
 171,-54,-63,87,62,-11,-95,
 172,-50,-58,90,61,-19,-98,
 173,-54,-63,88,63,-22,-98,
 174,-50,-65,88,66,-26,-96,
 175,-50,-63,85,69,-34,-97,
 176,-53,-58,85,71,-38,-94,
 177,-46,-57,87,73,-42,-99,
 178,-50,-67,91,71,-46,-101,
 179,-45,-68,85,73,-48,-99,
 180,-52,-73,89,67,-54,-98,
 181,-48,-61,87,64,-60,-94,
 182,-53,-60,94,64,-64,-98,
 183,-49,-71,88,65,-64,-97,
 184,-52,-72,90,66,-61,-92,
 185,-50,-68,93,71,-62,-93,
 186,-51,-61,95,73,-63,-95,
 187,-51,-64,95,67,-64,-94,
 188,-52,-65,95,68,-61,-97,
 189,-49,-70,92,74,-61,-96,
 190,-52,-66,93,69,-64,-98,
 191,-47,-56,98,68,-64,-94,
 192,-51,-64,90,78,-61,-92,
 193,-47,-69,95,77,-62,-88,
 194,-50,-67,94,76,-65,-91,
 195,-45,-66,97,77,-61,-89,
 196,-53,-63,92,80,-66,-96,
 197,-48,-68,93,79,-68,-89,
 198,-52,-65,96,80,-65,-98,
 199,-51,-67,95,74,-70,-97,
 200,-51,-62,98,84,-67,-94,
 201,-55,-73,96,76,-69,-95,
 202,-51,-66,89,83,-69,-96,
 203,-54,-61,100,89,-69,-99,
 204,-49,-72,97,86,-68,-96,
 205,-49,-69,101,80,-65,-96,
 206,-53,-71,96,83,-67,-94,
 207,-50,-72,97,83,-73,-94,
 208,-52,-69,93,82,-68,-96,
 209,-55,-73,90,87,-73,-98,
 210,-49,-67,95,83,-70,-98,
 211,-52,-68,84,85,-72,-97,
 212,-52,-67,98,86,-76,-100,
 213,-49,-69,98,84,-78,-103,
 214,-53,-68,93,82,-82,-107,
 215,-53,-75,92,84,-78,-103,
 216,-50,-75,94,88,-76,-101,
 217,-54,-63,90,89,-77,-101,
 218,-55,-72,94,88,-80,-100,
 219,-51,-70,89,90,-83,-102,
 220,-48,-70,92,83,-80,-102,
 221,-52,-72,97,93,-84,-100,
 222,-52,-71,95,92,-84,-103,
 223,-49,-65,93,90,-79,-101,
 224,-49,-68,97,89,-81,-104,
 225,-51,-69,97,94,-84,-108,
 226,-54,-63,101,91,-82,-103,
 227,-51,-67,92,90,-79,-105,
 228,-48,-77,99,96,-86,-104,
 229,-51,-70,104,94,-85,-107,
 230,-53,-73,97,96,-84,-102,
 231,-53,-69,96,96,-84,-99,
 232,-49,-69,99,92,-86,-102,
 233,-49,-77,102,97,-80,-107,
 234,-48,-73,104,93,-84,-102,
 235,-53,-74,102,99,-91,-105,
 236,-54,-73,98,90,-87,-103,
 237,-54,-68,97,102,-84,-109,
 238,-47,-71,96,92,-87,-105,
 239,-49,-79,101,100,-85,-108,
 240,-48,-68,90,98,-89,-112,
 241,-53,-75,100,95,-95,-112,
 242,-54,-67,100,103,-81,-109,
 243,-51,-80,106,104,-93,-107,
 244,-56,-73,99,110,-88,-109,
 245,-56,-71,103,100,-93,-104,
 246,-58,-74,104,99,-89,-107,
 247,-58,-74,102,109,-92,-104,
 248,-57,-81,103,109,-96,-105,
 249,-53,-75,105,111,-94,-104,
 250,-53,-70,103,110,-92,-109,
 251,-52,-76,104,100,-92,-105,
 252,-52,-72,101,110,-95,-100,
 253,-53,-74,107,109,-91,-104,
 254,-51,-74,104,110,-96,-103,
 255,-52,-81,112,113,-97,-108,
 256,-52,-68,104,112,-91,-100,
 257,-53,-80,102,104,-96,-100,
 258,-53,-79,101,106,-92,-108,
 259,-54,-85,98,114,-94,-103,
 260,-55,-79,104,119,-90,-100,
 261,-52,-82,105,119,-94,-107,
 262,-60,-80,103,116,-99,-104,
 263,-59,-75,103,122,-96,-105,
 264,-60,-84,111,125,-100,-101,
 265,-59,-77,99,115,-96,-95,
 266,-59,-83,102,129,-91,-102,
 267,-54,-78,104,127,-88,-98,
 268,-57,-78,99,123,-88,-98,
 269,-52,-80,102,123,-94,-99,
 270,-53,-80,103,115,-90,-100,
 271,-52,-80,106,115,-94,-103,
 272,-54,-83,111,115,-94,-102,
 273,-61,-72,107,122,-96,-99,
 274,-59,-81,106,131,-99,-100,
 275,-63,-75,103,122,-104,-99,
 276,-57,-80,107,130,-92,-103,
 277,-52,-87,104,136,-95,-100,
 278,-54,-77,107,138,-100,-97,
 279,-57,-85,108,143,-106,-105,
 280,-61,-79,105,129,-99,-101,
 281,-59,-80,103,128,-91,-101,
 282,-52,-80,104,121,-102,-99,
 283,-52,-85,101,122,-100,-100,
 284,-58,-74,103,132,-96,-98,
 285,-58,-84,100,133,-99,-99,
 286,-53,-83,107,138,-106,-100,
 287,-51,-79,112,141,-90,-98,
 288,-55,-83,109,134,-95,-97,
 289,-55,-84,101,137,-99,-95,
 290,-55,-92,113,128,-110,-96,
 291,-56,-78,116,121,-93,-102,
 292,-60,-97,97,125,-98,-99,
 293,-60,-93,105,132,-113,-95,
 294,-59,-87,107,137,-106,-96,
 295,-61,-95,110,139,-106,-96,
 296,-56,-92,101,137,-103,-101,
 297,-59,-92,114,136,-109,-93,
 298,-59,-89,107,135,-104,-97,
 299,-56,-87,107,131,-103,-93,
 300,-62,-84,110,130,-112,-94,
 301,-57,-93,108,138,-102,-100,
 302,-56,-89,107,136,-94,-97,
 303,-63,-91,111,137,-111,-97,
 304,-56,-91,108,136,-97,-97,
 305,-60,-90,103,136,-105,-96,
 306,-60,-90,106,139,-113,-100,
 307,-63,-95,105,134,-100,-94,
 308,-61,-93,104,138,-105,-96,
 309,-55,-95,100,137,-115,-95,
 310,-62,-92,106,132,-100,-93,
 311,-55,-90,106,132,-109,-95,
 312,-62,-99,106,139,-107,-93,
 313,-60,-93,107,129,-96,-94,
 314,-61,-98,106,137,-116,-99,
 315,-59,-96,98,143,-98,-94,
 316,-63,-92,105,146,-108,-94,
 317,-64,-95,109,138,-112,-92,
 318,-62,-95,105,147,-101,-92,
 319,-57,-98,113,137,-114,-90,
 320,-62,-101,112,145,-102,-93,
 321,-58,-93,106,141,-122,-93,
 322,-60,-94,104,140,-109,-92,
 323,-54,-97,105,135,-106,-94,
 324,-61,-98,106,141,-112,-95,
 325,-57,-95,105,150,-108,-96,
 326,-62,-105,109,151,-120,-92,
 327,-59,-102,102,148,-97,-99,
 328,-57,-97,104,143,-117,-93,
 329,-60,-105,110,152,-104,-94,
 330,-55,-97,98,151,-122,-91,
 331,-63,-97,101,155,-114,-93,
 332,-57,-99,106,154,-116,-93,
 333,-55,-96,103,149,-104,-90,
 334,-66,-102,111,150,-115,-92,
 335,-59,-100,104,143,-112,-94,
 336,-60,-102,109,148,-112,-90,
 337,-62,-104,110,156,-118,-91,
 338,-63,-96,112,164,-113,-91,
 339,-57,-104,111,151,-108,-97,
 340,-64,-104,106,162,-124,-94,
 341,-64,-104,100,154,-110,-92,
 342,-59,-101,102,174,-122,-89,
 343,-62,-94,103,182,-104,-88,
 344,-65,-94,104,174,-123,-92,
 345,-64,-101,103,170,-103,-91,
 346,-63,-102,100,167,-114,-93,
 347,-62,-100,106,173,-107,-90,
 348,-64,-99,108,177,-113,-91,
 349,-59,-105,110,179,-118,-93,
 350,-59,-98,106,180,-106,-91,
 351,-61,-106,103,171,-128,-93,
 352,-65,-98,106,176,-118,-98,
 353,-66,-108,104,179,-109,-96,
 354,-59,-106,101,176,-122,-97,
 355,-66,-105,107,167,-113,-97,
 356,-65,-105,112,164,-123,-95,
 357,-64,-99,111,179,-125,-91,
 358,-65,-109,102,177,-110,-87,
 359,-59,-112,111,159,-122,-90,
 360,-59,-114,102,165,-126,-91,
 361,-56,-106,103,172,-114,-89,
 362,-59,-106,105,172,-118,-89,
 363,-65,-103,102,182,-109,-92,
 364,-62,-108,101,179,-106,-91,
 365,-64,-108,109,171,-127,-90,
 366,-62,-104,109,177,-124,-92,
 367,-58,-106,102,176,-117,-91,
 368,-58,-106,105,180,-115,-91,
 369,-59,-110,109,176,-119,-90,
 370,-56,-110,108,174,-117,-91,
 371,-60,-110,108,168,-113,-88,
 372,-60,-115,99,182,-119,-88,
 373,-67,-114,103,166,-120,-87,
 374,-67,-109,104,155,-115,-85,
 375,-70,-117,113,165,-118,-83,
 376,-68,-110,104,181,-124,-85,
 377,-67,-107,101,176,-124,-91,
 378,-67,-107,106,169,-120,-91,
 379,-62,-104,104,173,-120,-86,
 380,-65,-108,113,182,-119,-89,
 381,-68,-118,105,177,-120,-83,
 382,-66,-115,96,181,-122,-86,
 383,-68,-109,111,181,-118,-83,
 384,-68,-106,116,177,-123,-88,
 385,-66,-118,113,194,-125,-82,
 386,-61,-116,114,174,-125,-85,
 387,-64,-108,108,189,-119,-80,
 388,-63,-107,115,216,-123,-84,
 389,-66,-107,108,187,-123,-76,
 390,-65,-105,113,168,-129,-77,
 391,-66,-117,111,197,-131,-77,
 392,-65,-109,107,204,-120,-81,
 393,-66,-121,111,201,-129,-78,
 394,-63,-118,105,183,-123,-77,
 395,-64,-118,110,205,-120,-79,
 396,-63,-113,112,205,-132,-76,
 397,-59,-113,110,183,-127,-78,
 398,-62,-116,113,186,-126,-78,
 399,-60,-117,113,200,-117,-79,
 400,-68,-112,107,193,-135,-74,
 401,-68,-118,112,180,-127,-71,
 402,-68,-118,111,194,-134,-72,
 403,-67,-113,106,185,-127,-74,
 404,-66,-114,99,179,-139,-77,
 405,-60,-117,109,177,-131,-78,
 406,-65,-115,102,194,-132,-80,
 407,-68,-118,106,180,-128,-75,
 408,-64,-116,102,172,-132,-72,
 409,-63,-121,102,191,-138,-72,
 410,-61,-111,108,182,-144,-76,
 411,-62,-120,109,177,-145,-75,
 412,-65,-118,112,189,-122,-71,
 413,-67,-115,100,197,-132,-72,
 414,-64,-117,102,187,-134,-71,
 415,-63,-116,104,192,-138,-69,
 416,-63,-112,107,195,-140,-72,
 417,-66,-122,95,185,-139,-67,
 418,-61,-113,97,173,-126,-70,
 419,-61,-113,105,211,-128,-68,
 420,-63,-123,104,201,-139,-69,
 421,-67,-119,103,180,-134,-73,
 422,-64,-125,108,215,-128,-70,
 423,-65,-122,109,200,-131,-73,
 424,-64,-120,108,194,-132,-76,
 425,-62,-113,105,229,-140,-71,
 426,-64,-118,99,206,-136,-67,
 427,-67,-116,108,195,-135,-68,
 428,-66,-123,113,224,-122,-72,
 429,-62,-127,111,203,-121,-72,
 430,-68,-123,116,197,-130,-72,
 431,-65,-116,106,220,-127,-72,
 432,-60,-119,102,203,-126,-71,
 433,-67,-115,111,194,-127,-65,
 434,-68,-121,114,220,-135,-53,
 435,-64,-118,113,186,-130,-34,
 436,-67,-121,107,205,-123,-10,
 437,-61,-118,106,204,-117,17,
 438,-66,-122,112,183,-129,37,
 439,-70,-124,107,201,-124,61,
 440,-65,-124,109,202,-132,62,
 441,-68,-124,102,186,-137,66,
 442,-60,-122,114,204,-139,66,
 443,-68,-124,113,204,-131,69,
 444,-69,-125,110,197,-126,67,
 445,-66,-130,108,221,-141,71,
 446,-68,-125,117,193,-131,69,
 447,-64,-120,112,195,-140,72,
 448,-71,-121,101,221,-131,75,
 449,-67,-124,109,194,-136,72,
 450,-67,-129,106,225,-127,74,
 451,-70,-128,98,235,-130,73,
 452,-66,-120,103,202,-136,72,
 453,-69,-128,110,234,-136,77,
 454,-69,-128,107,225,-133,80,
 455,-67,-120,107,215,-139,78,
 456,-66,-123,101,230,-140,80,
 457,-70,-122,101,203,-134,76,
 458,-68,-124,110,219,-118,78,
 459,-66,-127,109,211,-138,79,
 460,-65,-131,98,218,-146,80,
 461,-72,-129,106,218,-135,84,
 462,-75,-132,101,196,-131,87,
 463,-71,-124,96,228,-129,84,
 464,-65,-128,99,213,-138,88,
 465,-71,-133,104,200,-136,86,
 466,-69,-129,107,222,-121,91,
 467,-67,-133,107,201,-130,92,
 468,-64,-137,109,213,-132,89,
 469,-71,-136,98,197,-134,93,
 470,-68,-135,98,221,-136,93,
 471,-72,-132,99,229,-133,95,
 472,-65,-130,113,202,-139,94,
 473,-70,-128,100,231,-135,100,
 474,-68,-132,108,206,-129,96,
 475,-65,-135,109,243,-139,100,
 476,-70,-132,105,223,-148,94,
 477,-66,-124,110,233,-140,97,
 478,-69,-130,101,240,-126,100,
 479,-66,-128,99,212,-127,100,
 480,-72,-126,103,240,-147,97,
 481,-69,-135,108,208,-148,95,
 482,-73,-134,119,227,-140,98,
 483,-65,-134,112,234,-122,98,
 484,-71,-134,107,218,-138,97,
 485,-72,-136,109,226,-148,101,
 486,-74,-128,110,208,-145,98,
 487,-74,-134,113,235,-132,99,
 488,-69,-132,103,213,-133,97,
 489,-70,-133,112,223,-145,100,
 490,-70,-137,106,212,-133,103,
 491,-74,-136,108,217,-118,102,
 492,-71,-131,113,219,-150,98,
 493,-66,-138,110,221,-148,95,
 494,-73,-133,110,228,-139,97,
 495,-73,-138,111,218,-135,104,
 496,-65,-129,109,231,-139,100,
 497,-73,-140,102,210,-148,102,
 498,-68,-135,108,246,-134,101,
 499,-67,-132,100,223,-136,99,
 500,-69,-128,112,248,-153,106,
 501,-69,-127,105,243,-148,106,
 502,-71,-133,108,225,-134,103,
 503,-68,-133,111,234,-145,101,
 504,-72,-131,111,222,-151,106,
 505,-72,-139,108,233,-135,104,
 506,-69,-131,108,221,-139,105,
 507,-76,-127,107,231,-143,107,
 508,-74,-132,108,211,-141,105,
 509,-70,-140,105,233,-134,107,
 510,-75,-140,110,217,-133,101,
 511,-74,-137,107,239,-136,99,
 512,-70,-133,103,215,-127,98,
 513,-76,-130,107,233,-127,105,
 514,-71,-127,109,213,-124,109,
 515,-71,-137,106,237,-159,102,
 516,-71,-139,104,215,-129,99,
 517,-72,-145,105,232,-124,101,
 518,-69,-142,104,214,-142,99,
 519,-74,-141,105,255,-143,106,
 520,-74,-140,104,232,-146,100,
 521,-68,-138,99,255,-151,109,
 522,-69,-138,104,216,-147,115,
 523,-70,-144,112,251,-132,106,
 524,-69,-134,116,223,-149,106,
 525,-72,-128,109,241,-147,109,
 526,-71,-133,107,219,-139,101,
 527,-74,-135,114,230,-141,103,
 528,-69,-139,105,224,-155,108,
 529,-73,-141,106,242,-145,102,
 530,-67,-133,112,208,-136,104,
 531,-70,-134,105,241,-151,108,
 532,-76,-142,107,212,-127,114,
 533,-76,-136,112,241,-147,115,
 534,-73,-138,116,213,-153,104,
 535,-75,-145,110,241,-128,107,
 536,-77,-135,107,212,-137,110,
 537,-72,-140,112,247,-150,108,
 538,-67,-142,109,224,-150,112,
 539,-74,-131,112,258,-138,119,
 540,-71,-145,111,226,-133,118,
 541,-67,-137,111,256,-151,118,
 542,-68,-152,106,227,-138,109,
 543,-72,-135,109,250,-130,114,
 544,-74,-141,107,212,-155,107,
 545,-68,-136,116,250,-129,107,
 546,-71,-144,108,226,-139,112,
 547,-68,-143,111,242,-152,114,
 548,-74,-151,110,219,-126,120,
 549,-73,-147,106,230,-142,110,
 550,-73,-137,115,228,-145,106,
 551,-70,-142,113,222,-132,108,
 552,-74,-142,109,222,-121,109,
 553,-66,-140,101,225,-122,110,
 554,-73,-145,107,238,-158,115,
 555,-71,-153,107,216,-132,116,
 556,-70,-142,109,244,-129,114,
 557,-73,-138,114,215,-143,113,
 558,-73,-134,113,248,-132,115,
 559,-75,-149,100,213,-157,112,
 560,-72,-153,105,261,-133,111,
 561,-68,-148,104,220,-142,118,
 562,-72,-140,99,253,-151,118,
 563,-72,-140,110,223,-148,116,
 564,-70,-138,106,230,-138,122,
 565,-71,-140,110,233,-124,118,
 566,-70,-151,111,213,-163,114,
 567,-75,-149,112,229,-131,127,
 568,-68,-147,106,217,-148,121,
 569,-72,-148,107,242,-134,122,
 570,-65,-145,105,215,-125,118,
 571,-70,-150,104,246,-149,124,
 572,-68,-146,103,215,-137,114,
 573,-73,-148,107,242,-126,118,
 574,-69,-138,106,221,-129,122,
 575,-69,-135,108,248,-131,128,
 576,-73,-137,108,236,-125,126,
 577,-74,-142,102,249,-143,122,
 578,-72,-151,108,251,-139,121,
 579,-71,-149,105,221,-98,125,
 580,-75,-142,105,260,-145,124,
 581,-68,-136,104,229,-134,120,
 582,-75,-140,106,247,-137,123,
 583,-72,-152,98,231,-158,121,
 584,-68,-152,99,250,-124,120,
 585,-74,-151,102,228,-147,122,
 586,-68,-141,102,232,-140,123,
 587,-71,-145,104,239,-119,128,
 588,-67,-146,103,213,-120,122,
 589,-68,-149,105,240,-151,124,
 590,-71,-151,101,217,-139,124,
 591,-72,-145,104,236,-126,120,
 592,-70,-136,97,223,-139,129,
 593,-72,-149,104,248,-127,122,
 594,-76,-146,104,226,-133,123,
 595,-72,-148,99,260,-146,123,
 596,-67,-149,106,240,-132,126,
 597,-70,-147,109,248,-140,127,
 598,-72,-146,98,240,-137,123,
 599,-67,-143,106,221,-124,129,
 600,-76,-152,109,235,-134,122,
 601,-74,-144,104,212,-148,125,
 602,-68,-140,99,245,-128,131,
 603,-70,-140,105,238,-131,127,
 604,-67,-134,105,231,-129,126,
 605,-72,-150,100,235,-127,129,
 606,-72,-139,102,207,-145,122,
 607,-71,-146,108,246,-115,126,
 608,-65,-144,107,224,-140,124,
 609,-72,-139,104,233,-146,133,
 610,-70,-138,109,234,-135,122,
 611,-71,-154,109,237,-117,121,
 612,-72,-148,106,238,-143,125,
 613,-74,-139,106,238,-130,122,
 614,-72,-145,106,259,-128,127,
 615,-66,-151,102,217,-144,128,
 616,-71,-143,106,266,-141,130,
 617,-68,-149,106,219,-151,131,
 618,-70,-153,109,244,-131,126,
 619,-75,-146,112,242,-119,133,
 620,-68,-139,108,214,-132,127,
 621,-75,-148,107,238,-143,129,
 622,-68,-156,113,210,-119,134,
 623,-77,-160,109,244,-137,128,
 624,-74,-149,98,221,-140,134,
 625,-74,-145,110,241,-131,136,
 626,-72,-145,104,226,-142,134,
 627,-67,-144,107,222,-122,130,
 628,-71,-152,102,234,-145,131,
 629,-66,-146,109,213,-139,126,
 630,-69,-134,97,255,-126,138,
 631,-69,-139,108,211,-126,132,
 632,-65,-139,99,261,-140,125,
 633,-68,-157,112,218,-137,131,
 634,-72,-142,107,252,-126,128,
 635,-73,-141,102,237,-124,132,
 636,-66,-141,100,215,-148,135,
 637,-67,-146,107,227,-157,127,
 638,-68,-152,104,214,-121,137,
 639,-72,-153,105,225,-146,128,
 640,-65,-144,108,216,-134,123,
 641,-71,-154,106,231,-121,127,
 642,-69,-145,107,238,-139,126,
 643,-67,-147,105,206,-134,121,
 644,-72,-148,108,224,-117,121,
 645,-70,-148,109,208,-131,127,
 646,-70,-142,109,239,-147,128,
 647,-68,-155,105,224,-120,128,
 648,-73,-155,99,246,-136,125,
 649,-73,-159,102,228,-125,127,
 650,-69,-158,97,242,-139,120,
 651,-66,-145,96,244,-129,132,
 652,-65,-149,100,214,-119,129,
 653,-71,-156,102,237,-133,119,
 654,-70,-143,98,213,-137,127,
 655,-71,-145,108,232,-128,123,
 656,-64,-147,97,207,-128,126,
 657,-74,-143,100,223,-152,124,
 658,-66,-141,102,224,-121,123,
 659,-71,-151,103,207,-136,126,
 660,-67,-152,105,227,-126,126,
 661,-70,-147,105,211,-129,129,
 662,-72,-143,104,230,-138,126,
 663,-67,-148,106,199,-121,129,
 664,-71,-148,102,233,-124,133,
 665,-72,-145,104,208,-137,128,
 666,-67,-146,100,246,-130,128,
 667,-73,-138,99,234,-106,125,
 668,-67,-148,104,243,-129,126,
 669,-68,-156,97,240,-132,125,
 670,-71,-148,107,224,-119,124,
 671,-68,-147,105,226,-147,134,
 672,-75,-148,99,211,-125,128,
 673,-71,-151,107,229,-131,126,
 674,-67,-145,111,193,-118,128,
 675,-72,-159,108,231,-131,131,
 676,-69,-146,107,208,-126,125,
 677,-67,-157,101,217,-127,134,
 678,-72,-144,102,226,-117,120,
 679,-70,-154,99,216,-130,124,
 680,-67,-152,101,233,-134,126,
 681,-65,-155,104,207,-110,130,
 682,-69,-137,106,219,-130,129,
 683,-67,-157,108,211,-119,124,
 684,-70,-162,101,234,-132,122,
 685,-66,-148,102,205,-124,132,
 686,-65,-142,102,230,-110,120,
 687,-67,-143,104,201,-118,136,
 688,-71,-149,107,229,-141,128,
 689,-64,-154,104,208,-135,126,
 690,-62,-156,106,225,-91,136,
 691,-61,-154,104,204,-115,129,
 692,-67,-139,106,220,-146,129,
 693,-69,-153,106,213,-128,130,
 694,-68,-152,110,204,-116,133,
 695,-67,-161,109,221,-114,127,
 696,-66,-147,109,185,-133,121,
 697,-69,-155,105,221,-116,123,
 698,-69,-150,98,192,-112,127,
 699,-65,-149,104,220,-128,133,
 700,-63,-171,102,193,-133,130,
 701,-65,-151,106,228,-118,119,
 702,-69,-152,105,201,-107,120,
 703,-68,-156,109,237,-137,124,
 704,-66,-155,97,195,-109,128,
 705,-61,-157,110,235,-112,121,
 706,-61,-149,108,195,-130,120,
 707,-62,-153,112,237,-108,125,
 708,-63,-160,104,199,-121,120,
 709,-66,-152,111,219,-120,123,
 710,-67,-153,114,190,-118,129,
 711,-66,-149,105,214,-126,120,
 712,-66,-154,106,191,-117,121,
 713,-66,-154,113,204,-114,118,
 714,-62,-151,104,185,-109,118,
 715,-63,-150,106,213,-132,125,
 716,-59,-147,107,189,-126,128,
 717,-62,-146,101,211,-100,119,
 718,-60,-156,106,197,-132,119,
 719,-60,-153,102,211,-120,129,
 720,-61,-160,104,183,-109,124,
 721,-60,-145,104,225,-118,118,
 722,-62,-149,107,183,-114,118,
 723,-61,-146,105,229,-106,124,
 724,-62,-148,109,184,-117,116,
 725,-60,-160,102,231,-126,122,
 726,-59,-153,105,195,-114,120,
 727,-66,-150,107,232,-94,123,
 728,-66,-154,106,192,-129,116,
 729,-63,-154,100,214,-120,116,
 730,-63,-149,104,176,-122,113,
 731,-64,-152,108,210,-132,122,
 732,-63,-150,112,189,-107,120,
 733,-60,-159,109,206,-118,115,
 734,-63,-152,108,181,-130,118,
 735,-63,-156,104,203,-114,127,
 736,-60,-153,108,184,-120,118,
 737,-57,-150,104,197,-118,113,
 738,-58,-146,113,184,-125,119,
 739,-60,-161,108,179,-112,119,
 740,-62,-157,114,206,-111,116,
 741,-58,-146,112,190,-123,115,
 742,-65,-139,108,206,-108,112,
 743,-65,-151,108,180,-110,118,
 744,-63,-150,108,209,-129,118,
 745,-64,-147,110,179,-114,127,
 746,-61,-141,109,211,-102,116,
 747,-57,-146,104,192,-109,115,
 748,-55,-160,108,207,-104,118,
 749,-59,-162,105,192,-98,115,
 750,-61,-156,105,180,-101,118,
 751,-63,-155,108,197,-107,121,
 752,-62,-156,110,182,-104,114,
 753,-58,-150,107,205,-100,111,
 754,-59,-160,111,158,-91,112,
 755,-64,-149,113,191,-144,111,
 756,-64,-148,117,166,-129,115,
 757,-56,-142,115,196,-103,114,
 758,-56,-155,114,181,-113,116,
 759,-63,-161,111,185,-112,114,
 760,-61,-154,117,187,-106,115,
 761,-55,-157,113,174,-118,111,
 762,-57,-141,113,190,-125,114,
 763,-56,-158,115,178,-109,114,
 764,-59,-161,121,207,-113,106,
 765,-62,-147,115,168,-106,116,
 766,-57,-142,115,197,-114,117,
 767,-51,-164,114,195,-103,106,
 768,-56,-158,110,173,-106,110,
 769,-56,-158,114,217,-102,112,
 770,-56,-152,109,159,-122,106,
 771,-60,-155,116,189,-106,116,
 772,-53,-161,114,188,-98,117,
 773,-55,-165,111,175,-104,106,
 774,-60,-162,117,187,-126,111,
 775,-54,-157,116,165,-109,113,
 776,-59,-148,116,195,-98,108,
 777,-62,-143,119,178,-100,111,
 778,-58,-156,116,153,-107,103,
 779,-62,-160,115,179,-103,103,
 780,-59,-149,119,153,-104,105,
 781,-62,-153,113,173,-106,102,
 782,-59,-162,120,172,-111,95,
 783,-55,-150,120,167,-105,99,
 784,-59,-148,120,180,-95,99,
 785,-56,-151,124,146,-98,101,
 786,-59,-156,121,179,-108,108,
 787,-52,-164,119,181,-107,103,
 788,-53,-158,121,166,-107,103,
 789,-59,-150,125,184,-104,102,
 790,-55,-147,117,144,-113,102,
 791,-63,-153,127,165,-102,107,
 792,-54,-161,123,188,-94,93,
 793,-59,-157,124,142,-85,99,
 794,-54,-148,117,195,-112,96,
 795,-61,-156,123,190,-112,96,
 796,-55,-144,114,163,-104,95,
 797,-59,-158,118,191,-87,98,
 798,-53,-155,118,166,-102,102,
 799,-61,-151,125,173,-112,93,
 800,-53,-155,128,181,-96,95,
 801,-58,-161,125,154,-89,99,
 802,-54,-159,128,173,-86,94,
 803,-59,-155,121,170,-94,100,
 804,-55,-152,123,152,-94,99,
 805,-53,-144,119,171,-105,100,
 806,-57,-164,126,171,-104,96,
 807,-53,-155,125,143,-96,94,
 808,-57,-148,120,174,-107,94,
 809,-51,-140,128,162,-103,94,
 810,-51,-154,126,153,-100,93,
 811,-51,-152,122,167,-91,95,
 812,-52,-155,129,161,-97,92,
 813,-61,-150,134,149,-93,93,
 814,-54,-154,133,176,-97,93,
 815,-52,-149,133,172,-105,100,
 816,-60,-165,132,148,-108,96,
 817,-53,-152,120,183,-92,97,
 818,-55,-151,133,158,-103,92,
 819,-58,-145,131,146,-99,90,
 820,-51,-162,132,179,-101,97,
 821,-56,-147,121,188,-102,90,
 822,-59,-157,130,146,-96,90,
 823,-54,-151,128,169,-95,91,
 824,-52,-146,125,187,-101,96,
 825,-56,-168,131,150,-103,92,
 826,-58,-154,134,163,-89,92,
 827,-51,-143,133,173,-86,101,
 828,-57,-146,134,144,-96,91,
 829,-59,-158,127,141,-93,92,
 830,-57,-160,134,167,-92,90,
 831,-52,-160,135,153,-93,90,
 832,-56,-148,133,131,-90,95,
 833,-57,-143,136,166,-86,90,
 834,-52,-152,133,153,-89,89,
 835,-52,-158,127,127,-90,89,
 836,-57,-154,127,152,-93,88,
 837,-55,-151,131,148,-85,96,
 838,-54,-158,134,133,-87,95,
 839,-51,-154,134,133,-91,94,
 840,-58,-153,135,148,-92,89,
 841,-58,-151,131,142,-89,87,
 842,-50,-158,128,132,-78,87,
 843,-50,-158,128,149,-78,86,
 844,-50,-153,137,145,-84,84,
 845,-56,-146,134,130,-84,86,
 846,-57,-151,129,143,-77,87,
 847,-52,-149,133,153,-79,83,
 848,-50,-165,133,141,-80,85,
 849,-50,-156,139,134,-84,88,
 850,-51,-157,141,155,-63,85,
 851,-53,-152,135,149,-82,89,
 852,-55,-153,136,141,-84,91,
 853,-56,-162,145,140,-84,92,
 854,-51,-155,144,158,-76,87,
 855,-51,-152,138,165,-93,86,
 856,-48,-155,140,143,-83,82,
 857,-49,-164,134,131,-85,82,
 858,-51,-164,132,163,-87,79,
 859,-51,-160,130,161,-84,85,
 860,-56,-154,139,140,-95,86,
 861,-56,-159,135,133,-86,80,
 862,-56,-161,141,157,-90,83,
 863,-50,-153,134,156,-73,77,
 864,-54,-155,137,132,-87,79,
 865,-48,-150,144,125,-76,78,
 866,-51,-158,143,151,-83,78,
 867,-51,-154,143,151,-80,79,
 868,-50,-156,139,137,-75,78,
 869,-49,-147,144,120,-72,78,
 870,-49,-161,141,143,-76,82,
 871,-51,-157,145,143,-83,79,
 872,-51,-164,144,134,-74,79,
 873,-48,-161,140,120,-79,77,
 874,-50,-155,141,127,-65,82,
 875,-52,-157,134,133,-72,78,
 876,-53,-169,143,129,-73,77,
 877,-54,-161,135,126,-65,81,
 878,-51,-151,149,123,-71,79,
 879,-52,-157,149,128,-56,78,
 880,-50,-154,152,132,-60,78,
 881,-53,-156,149,118,-60,72,
 882,-52,-161,150,111,-61,74,
 883,-52,-152,154,131,-55,70,
 884,-51,-152,151,136,-57,76,
 885,-52,-154,156,124,-65,76,
 886,-49,-169,151,119,-61,77,
 887,-50,-147,149,107,-50,72,
 888,-46,-162,148,122,-59,71,
 889,-49,-162,144,120,-48,68,
 890,-49,-164,145,125,-56,73,
 891,-50,-162,145,118,-57,76,
 892,-47,-150,139,114,-47,73,
 893,-46,-146,147,130,-53,69,
 894,-46,-149,147,132,-47,70,
 895,-45,-154,145,127,-48,74,
 896,-53,-162,152,122,-51,72,
 897,-52,-157,157,112,-45,69,
 898,-50,-153,156,131,-42,70,
 899,-49,-159,151,138,-46,75,
 900,-52,-157,148,131,-48,71,
 901,-52,-154,151,126,-46,67,
 902,-54,-155,152,113,-40,73,
 903,-52,-161,150,119,-4,75,
 904,-49,-159,152,135,29,67,
 905,-45,-158,148,133,42,72,
 906,-45,-154,148,135,57,71,
 907,-47,-147,143,128,66,73,
 908,-49,-162,153,116,58,73,
 909,-51,-151,151,124,45,70,
 910,-49,-157,162,133,47,72,
 911,-50,-160,162,136,65,67,
 912,-46,-146,162,118,65,69,
 913,-46,-170,158,116,71,68,
 914,-45,-162,157,108,71,68,
 915,-46,-156,149,114,75,64,
 916,-52,-149,151,130,64,67,
 917,-52,-163,145,119,67,67,
 918,-51,-163,153,111,74,64,
 919,-50,-157,154,109,71,67,
 920,-46,-154,151,101,77,63,
 921,-43,-157,153,109,77,71,
 922,-48,-157,160,114,70,68,
 923,-48,-151,159,118,69,63,
 924,-51,-159,152,111,79,66,
 925,-53,-152,148,108,85,67,
 926,-51,-161,157,106,84,63,
 927,-46,-162,150,92,83,64,
 928,-46,-151,153,101,84,66,
 929,-47,-155,154,105,89,64,
 930,-51,-152,160,108,91,63,
 931,-50,-160,162,105,90,65,
 932,-49,-162,160,100,93,68,
 933,-45,-162,162,100,79,65,
 934,-46,-154,157,95,89,61,
 935,-45,-165,165,102,93,59,
 936,-50,-169,154,110,85,62,
 937,-53,-155,162,115,94,64,
 938,-52,-156,164,98,85,65,
 939,-49,-158,158,102,106,65,
 940,-47,-162,162,102,90,63,
 941,-46,-165,160,88,104,63,
 942,-50,-154,161,101,90,61,
 943,-50,-157,154,99,95,64,
 944,-50,-162,168,104,102,66,
 945,-46,-161,165,107,96,68,
 946,-47,-168,163,102,106,71,
 947,-52,-150,167,102,95,72,
 948,-51,-149,158,91,105,73,
 949,-49,-152,152,87,109,72,
 950,-46,-164,170,94,106,73,
 951,-47,-152,159,93,106,73,
 952,-52,-166,165,100,115,73,
 953,-51,-161,171,104,111,71,
 954,-46,-168,167,101,113,72,
 955,-46,-163,168,98,101,71,
 956,-49,-156,169,101,99,69,
 957,-49,-157,155,85,102,67,
 958,-51,-161,169,92,107,62,
 959,-50,-167,162,95,114,57,
 960,-46,-159,168,99,101,51,
 961,-49,-157,164,106,105,42,
 962,-51,-156,174,103,103,32,
 963,-49,-171,167,104,115,23,
 964,-46,-165,168,98,108,11,
 965,-45,-163,161,87,106,-3,
 966,-47,-154,168,84,103,-18,
 967,-52,-175,163,92,105,-31,
 968,-50,-157,162,93,114,-40,
 969,-47,-160,171,109,115,-51,
 970,-46,-150,174,112,115,-45,
 971,-49,-160,173,109,118,-41,
 972,-50,-172,177,110,109,-44,
 973,-47,-172,180,108,107,-44,
 974,-48,-161,177,97,117,-47,
 975,-48,-157,169,95,117,-51,
 976,-50,-155,171,96,119,-54,
 977,-51,-166,159,93,115,-56,
 978,-47,-161,167,106,114,-58,
 979,-45,-148,169,109,114,-60,
 980,-45,-162,166,104,117,-62,
 981,-50,-168,171,111,110,-65,
 982,-50,-161,164,114,109,-67,
 983,-48,-168,180,112,115,-68,
 984,-47,-158,174,106,112,-65,
 985,-43,-167,164,100,103,-61,
 986,-51,-154,168,92,104,-60,
 987,-51,-165,164,94,105,-58,
 988,-50,-167,173,95,114,-59,
 989,-45,-151,174,99,103,-60,
 990,-47,-168,172,101,109,-62,
 991,-51,-174,169,100,97,-63,
 992,-50,-164,168,109,113,-66,
 993,-46,-154,173,103,121,-67,
 994,-45,-158,168,102,111,-68,
 995,-45,-168,172,103,110,-66,
 996,-50,-164,174,98,101,-67,
 997,-50,-161,181,98,119,-65,
 998,-49,-168,175,91,115,-64,
 999,-46,-167,182,91,109,-65,
 1000,-47,-163,170,95,105,-64,
 1001,-48,-171,175,91,101,-64,
 1002,-50,-159,169,94,132,-64,
 1003,-49,-163,181,97,123,-64,
 1004,-47,-170,180,90,112,-64,
 1005,-47,-168,178,99,112,-64,
 1006,-49,-161,182,99,110,-64,
 1007,-50,-167,180,94,127,-64,
 1008,-51,-167,178,91,120,-64,
 1009,-50,-165,171,87,123,-62,
 1010,-47,-167,165,88,119,-61,
 1011,-49,-160,172,85,116,-58,
 1012,-52,-172,169,82,114,-54,
 1013,-52,-170,171,89,120,-49,
 1014,-51,-167,177,90,119,-40,
 1015,-47,-161,175,87,121,-32,
 1016,-46,-167,172,88,117,-21,
 1017,-46,-168,173,94,112,-10,
 1018,-51,-177,170,91,118,5,
 1019,-51,-165,180,85,119,23,
 1020,-51,-166,186,90,120,40,
 1021,-51,-167,185,86,113,58,
 1022,-47,-171,170,87,111,66,
 1023,-48,-168,180,87,114,49,
 1024,-49,-165,170,88,116,39,
 1025,-51,-162,181,88,121,49,
 1026,-53,-176,180,92,125,60,
 1027,-52,-172,178,88,124,64,
 1028,-50,-166,187,88,120,60,
 1029,-48,-167,175,96,112,58,
 1030,-49,-163,175,93,118,59,
 1031,-48,-170,175,92,114,65,
 1032,-51,-162,183,85,114,64,
 1033,-52,-153,189,89,144,62,
 1034,-55,-162,194,89,115,63,
 1035,-54,-170,185,87,105,71,
 1036,-51,-182,188,87,121,74,
 1037,-50,-164,185,85,123,73,
 1038,-49,-161,178,86,118,76,
 1039,-48,-154,183,84,131,76,
 1040,-50,-174,177,91,122,70,
 1041,-50,-167,180,92,121,73,
 1042,-49,-171,189,87,115,71,
 1043,-50,-162,189,91,133,67,
 1044,-52,-174,174,94,137,75,
 1045,-49,-167,173,92,116,72,
 1046,-55,-170,190,90,113,72,
 1047,-53,-175,188,87,126,73,
 1048,-52,-162,192,82,127,70,
 1049,-49,-180,183,83,133,76,
 1050,-48,-167,178,87,121,73,
 1051,-48,-158,192,85,125,80,
 1052,-50,-154,189,80,124,78,
 1053,-50,-167,192,88,119,81,
 1054,-49,-172,190,87,111,80,
 1055,-49,-166,188,90,117,78,
 1056,-49,-160,180,90,135,80,
 1057,-51,-160,180,94,121,76,
 1058,-50,-173,178,87,101,79,
 1059,-53,-162,192,92,123,81,
 1060,-50,-169,192,93,116,81,
 1061,-54,-163,189,91,128,85,
 1062,-53,-171,187,83,119,86,
 1063,-53,-167,184,88,122,80,
 1064,-52,-177,186,88,126,77,
 1065,-55,-170,189,85,109,79,
 1066,-52,-166,184,91,122,83,
 1067,-53,-175,180,90,131,80,
 1068,-49,-180,180,95,142,80,
 1069,-53,-175,186,86,111,80,
 1070,-51,-174,185,95,115,84,
 1071,-54,-177,195,101,110,84,
 1072,-53,-174,192,88,122,84,
 1073,-48,-165,184,90,125,81,
 1074,-49,-167,181,90,132,82,
 1075,-48,-162,190,94,111,84,
 1076,-52,-168,188,98,113,84,
 1077,-51,-179,187,87,118,85,
 1078,-50,-173,192,94,123,80,
 1079,-52,-165,186,88,126,77,
 1080,-50,-173,191,93,99,79,
 1081,-55,-178,195,95,124,83,
 1082,-58,-178,195,106,124,86,
 1083,-55,-162,198,102,129,81,
 1084,-57,-168,206,110,122,86,
 1085,-55,-178,197,108,123,83,
 1086,-58,-169,193,100,128,86,
 1087,-51,-166,193,103,128,88,
 1088,-54,-157,191,99,113,87,
 1089,-52,-174,198,100,137,87,
 1090,-51,-173,192,96,127,86,
 1091,-55,-176,186,102,124,91,
 1092,-54,-168,193,105,103,87,
 1093,-58,-174,191,112,123,91,
 1094,-56,-166,191,109,117,87,
 1095,-58,-180,198,109,126,88,
 1096,-51,-167,192,117,117,91,
 1097,-51,-170,200,116,143,89,
 1098,-52,-163,197,120,125,84,
 1099,-54,-177,199,112,131,84,
 1100,-59,-173,199,102,109,88,
 1101,-55,-164,198,101,121,91,
 1102,-54,-176,199,109,140,87,
 1103,-52,-170,199,113,130,90,
 1104,-52,-174,201,116,111,89,
 1105,-55,-163,206,119,110,83,
 1106,-53,-170,207,120,119,90,
 1107,-57,-168,201,119,127,93,
 1108,-50,-171,195,127,143,92,
 1109,-50,-182,200,112,106,92,
 1110,-52,-162,194,109,114,91,
 1111,-55,-168,199,106,114,93,
 1112,-58,-179,195,110,125,90,
 1113,-51,-182,195,116,137,91,
 1114,-51,-179,198,117,136,91,
 1115,-57,-172,190,122,112,92,
 1116,-53,-176,199,123,110,95,
 1117,-49,-179,203,127,151,98,
 1118,-50,-175,188,124,120,89,
 1119,-58,-168,202,120,117,102,
 1120,-58,-168,200,119,106,99,
 1121,-51,-169,203,114,134,97,
 1122,-57,-180,200,106,130,94,
 1123,-60,-169,196,112,117,95,
 1124,-58,-163,195,117,112,97,
 1125,-53,-173,191,125,119,100,
 1126,-54,-181,204,121,144,97,
 1127,-58,-181,201,125,120,99,
 1128,-56,-176,188,116,127,103,
 1129,-54,-174,194,105,111,102,
 1130,-57,-173,190,117,120,99,
 1131,-55,-173,198,110,133,99,
 1132,-54,-182,195,112,127,104,
 1133,-59,-172,200,124,139,108,
 1134,-57,-162,189,128,99,100,
 1135,-53,-179,192,131,140,99,
 1136,-58,-174,198,123,117,103,
 1137,-58,-182,201,121,122,106,
 1138,-58,-171,191,124,119,102,
 1139,-59,-171,202,113,105,110,
 1140,-54,-180,199,113,126,100,
 1141,-58,-182,194,120,128,103,
 1142,-57,-179,192,122,123,108,
 1143,-54,-173,209,121,136,106,
 1144,-56,-175,199,128,88,102,
 1145,-55,-188,196,117,130,105,
 1146,-59,-180,210,122,126,112,
 1147,-52,-175,207,112,120,106,
 1148,-54,-176,208,108,117,115,
 1149,-58,-168,202,123,99,108,
 1150,-57,-181,197,118,126,103,
 1151,-55,-178,198,123,119,111,
 1152,-56,-176,200,122,110,106,
 1153,-53,-177,202,126,112,110,
 1154,-60,-173,196,119,109,104,
 1155,-54,-177,204,123,124,105,
 1156,-58,-174,205,116,120,109,
 1157,-54,-171,194,126,114,106,
 1158,-61,-172,200,116,130,110,
 1159,-52,-181,207,124,123,116,
 1160,-57,-187,205,122,126,105,
 1161,-60,-182,195,124,115,116,
 1162,-57,-175,197,124,121,113,
 1163,-59,-178,201,114,140,110,
 1164,-55,-185,208,120,113,114,
 1165,-58,-184,200,130,112,114,
 1166,-52,-171,211,128,129,111,
 1167,-56,-176,205,131,126,109,
 1168,-54,-169,203,119,128,113,
 1169,-61,-170,188,130,124,119,
 1170,-55,-172,203,115,106,115,
 1171,-61,-178,195,125,121,111,
 1172,-55,-173,202,138,127,109,
 1173,-58,-181,195,137,109,111,
 1174,-54,-173,190,133,115,118,
 1175,-63,-176,200,131,112,120,
 1176,-56,-178,200,119,119,112,
 1177,-61,-167,188,111,130,114,
 1178,-59,-186,201,139,96,111,
 1179,-56,-173,196,138,110,108,
 1180,-60,-168,204,149,120,111,
 1181,-61,-179,207,147,124,120,
 1182,-59,-184,206,136,134,116,
 1183,-59,-189,195,134,107,123,
 1184,-62,-177,209,128,90,117,
 1185,-56,-173,202,144,129,113,
 1186,-63,-172,200,153,128,120,
 1187,-60,-182,206,151,116,115,
 1188,-56,-171,200,145,113,112,
 1189,-56,-181,202,142,103,120,
 1190,-56,-169,207,123,114,112,
 1191,-62,-175,203,140,117,112,
 1192,-53,-179,205,142,99,115,
 1193,-60,-184,207,159,116,109,
 1194,-62,-178,198,142,128,120,
 1195,-55,-175,209,140,102,118,
 1196,-61,-166,202,129,128,120,
 1197,-55,-185,205,137,137,119,
 1198,-57,-180,205,146,121,116,
 1199,-61,-183,198,141,114,111,
 1200,-57,-163,206,131,104,113,
 1201,-62,-178,206,130,110,121,
 1202,-61,-183,204,123,132,116,
 1203,-54,-185,207,133,116,117,
 1204,-61,-184,207,139,117,117,
 1205,-59,-179,201,145,131,125,
 1206,-57,-180,203,134,144,115,
 1207,-61,-184,188,118,106,114,
 1208,-56,-176,203,127,109,116,
 1209,-63,-177,196,146,109,126,
 1210,-62,-175,203,137,115,118,
 1211,-59,-175,201,137,138,127,
 1212,-60,-169,209,130,119,126,
 1213,-58,-181,201,126,96,119,
 1214,-61,-173,197,144,115,116,
 1215,-61,-175,201,139,117,127,
 1216,-57,-180,199,141,93,120,
 1217,-63,-179,210,144,103,129,
 1218,-64,-186,197,127,138,125,
 1219,-59,-183,204,135,127,119,
 1220,-59,-174,209,147,105,122,
 1221,-64,-180,212,142,105,119,
 1222,-59,-181,202,138,102,119,
 1223,-62,-180,205,122,136,126,
 1224,-63,-179,200,137,129,127,
 1225,-62,-175,206,151,101,125,
 1226,-60,-173,211,150,115,123,
 1227,-63,-178,211,144,115,120,
 1228,-61,-182,207,130,98,129,
 1229,-56,-179,200,147,109,125,
 1230,-60,-172,206,145,113,128,
 1231,-61,-172,194,153,102,131,
 1232,-59,-180,194,147,103,129,
 1233,-60,-182,200,138,120,132,
 1234,-63,-185,196,143,105,129,
 1235,-56,-177,194,146,112,136,
 1236,-57,-180,210,160,131,135,
 1237,-54,-179,206,164,105,123,
 1238,-60,-181,207,151,95,128,
 1239,-60,-179,209,136,126,124,
 1240,-59,-171,211,160,109,127,
 1241,-59,-178,209,174,102,135,
 1242,-60,-178,208,161,129,129,
 1243,-62,-183,210,150,122,126,
 1244,-57,-178,212,146,99,130,
 1245,-63,-189,205,158,114,129,
 1246,-64,-173,203,173,104,132,
 1247,-57,-173,204,160,112,134,
 1248,-62,-177,202,150,131,129,
 1249,-63,-177,208,144,107,130,
 1250,-59,-187,206,159,102,135,
 1251,-62,-167,203,163,126,129,
 1252,-64,-176,203,152,90,128,
 1253,-64,-175,207,140,101,132,
 1254,-62,-183,203,152,110,128,
 1255,-63,-180,213,151,111,128,
 1256,-57,-184,211,150,128,135,
 1257,-65,-182,209,149,116,130,
 1258,-61,-172,201,130,94,130,
 1259,-57,-175,210,152,101,128,
 1260,-59,-188,202,150,118,132,
 1261,-59,-190,209,143,104,130,
 1262,-56,-190,196,138,105,135,
 1263,-60,-178,204,148,114,130,
 1264,-62,-173,191,158,105,123,
 1265,-62,-183,195,153,110,122,
 1266,-55,-181,195,146,107,127,
 1267,-54,-181,204,135,93,130,
 1268,-61,-184,195,153,115,136,
 1269,-55,-181,198,159,99,126,
 1270,-56,-173,205,154,106,124,
 1271,-60,-184,203,146,130,123,
 1272,-60,-181,200,142,120,132,
 1273,-53,-190,212,154,95,133,
 1274,-59,-188,204,159,130,127,
 1275,-60,-182,203,146,101,129,
 1276,-58,-181,210,137,97,126,
 1277,-57,-177,206,158,109,132,
 1278,-63,-188,207,156,86,140,
 1279,-58,-182,197,156,100,138,
 1280,-52,-172,207,148,128,136,
 1281,-61,-181,209,147,94,125,
 1282,-62,-171,201,164,106,127,
 1283,-60,-188,208,181,116,131,
 1284,-56,-182,206,164,90,130,
 1285,-64,-191,207,146,111,135,
 1286,-59,-179,199,148,93,136,
 1287,-56,-178,205,173,117,125,
 1288,-59,-183,207,174,101,129,
 1289,-64,-183,208,158,98,140,
 1290,-58,-186,206,143,91,127,
 1291,-58,-192,208,175,103,135,
 1292,-61,-176,212,169,88,136,
 1293,-66,-179,212,160,113,126,
 1294,-57,-183,212,138,121,129,
 1295,-60,-180,203,153,98,134,
 1296,-62,-177,206,155,97,128,
 1297,-57,-184,208,163,105,125,
 1298,-59,-180,205,149,108,129,
 1299,-64,-176,207,154,114,137,
 1300,-61,-180,195,165,83,140,
 1301,-53,-173,196,160,97,133,
 1302,-62,-176,202,146,108,130,
 1303,-61,-187,208,156,97,133,
 1304,-56,-193,204,163,102,126,
 1305,-55,-181,209,156,105,126,
 1306,-60,-178,195,148,84,128,
 1307,-55,-179,199,134,104,126,
 1308,-53,-182,205,158,94,126,
 1309,-52,-180,197,161,85,133,
 1310,-61,-186,205,152,118,125,
 1311,-55,-173,196,136,94,129,
 1312,-57,-183,210,154,95,127,
 1313,-63,-182,211,159,110,120,
 1314,-60,-181,195,157,87,121,
 1315,-54,-186,205,138,98,126,
 1316,-60,-190,207,155,92,124,
 1317,-55,-188,208,152,94,123,
 1318,-56,-184,197,152,105,124,
 1319,-58,-179,205,133,95,134,
 1320,-51,-184,208,154,105,125,
 1321,-59,-181,209,154,98,125,
 1322,-56,-184,195,154,91,122,
 1323,-54,-188,207,141,112,125,
 1324,-61,-182,204,148,92,128,
 1325,-57,-179,203,160,105,125,
 1326,-60,-172,203,174,105,134,
 1327,-55,-177,206,165,104,127,
 1328,-59,-170,213,132,109,125,
 1329,-60,-174,206,168,74,129,
 1330,-52,-187,213,186,100,131,
 1331,-59,-178,211,171,78,124,
 1332,-56,-183,213,154,100,131,
 1333,-62,-178,210,156,104,127,
 1334,-50,-183,211,166,98,135,
 1335,-60,-179,209,174,107,122,
 1336,-60,-171,211,145,92,132,
 1337,-53,-188,199,153,94,128,
 1338,-59,-184,204,160,104,132,
 1339,-56,-188,196,164,88,132,
 1340,-59,-182,200,146,94,126,
 1341,-53,-173,201,147,78,135,
 1342,-59,-181,207,163,92,129,
 1343,-55,-181,208,154,89,122,
 1344,-58,-185,206,154,97,126,
 1345,-53,-185,213,136,97,133,
 1346,-59,-179,218,155,74,123,
 1347,-50,-185,207,157,101,127,
 1348,-57,-181,211,150,84,126,
 1349,-52,-183,205,137,96,127,
 1350,-57,-177,209,145,79,125,
 1351,-52,-167,207,164,99,128,
 1352,-59,-182,213,148,102,135,
 1353,-52,-183,206,132,91,129,
 1354,-53,-184,208,153,96,123,
 1355,-52,-184,204,159,88,123,
 1356,-57,-183,196,158,101,121,
 1357,-51,-181,198,150,90,121,
 1358,-55,-174,200,140,98,134,
 1359,-55,-180,210,150,84,122,
 1360,-57,-181,210,154,97,118,
 1361,-58,-187,203,149,86,115,
 1362,-50,-185,206,136,105,122,
 1363,-57,-186,203,159,86,123,
 1364,-56,-176,202,150,95,123,
 1365,-54,-188,211,152,86,123,
 1366,-56,-190,199,143,103,118,
 1367,-52,-185,213,146,92,120,
 1368,-52,-176,212,168,93,115,
 1369,-58,-176,209,172,77,126,
 1370,-54,-184,211,159,89,119,
 1371,-54,-190,215,134,89,118,
 1372,-57,-178,199,152,103,117,
 1373,-51,-184,208,170,88,117,
 1374,-53,-188,209,162,73,117,
 1375,-55,-184,208,152,81,123,
 1376,-54,-173,197,139,81,121,
 1377,-55,-181,211,160,94,120,
 1378,-56,-184,206,165,95,114,
 1379,-49,-180,211,142,85,122,
 1380,-48,-177,209,138,87,117,
 1381,-52,-187,207,155,89,119,
 1382,-53,-192,211,164,80,121,
 1383,-48,-185,208,157,93,113,
 1384,-52,-178,212,136,89,120,
 1385,-56,-181,201,141,94,114,
 1386,-50,-186,207,152,82,116,
 1387,-50,-173,212,161,79,117,
 1388,-53,-185,209,138,79,117,
 1389,-53,-187,216,135,79,119,
 1390,-54,-173,213,140,90,117,
 1391,-49,-181,206,160,85,112,
 1392,-50,-186,200,150,80,114,
 1393,-51,-177,205,145,65,116,
 1394,-53,-181,207,135,82,114,
 1395,-52,-177,207,151,72,122,
 1396,-48,-180,205,153,90,118,
 1397,-49,-182,204,134,65,113,
 1398,-48,-180,204,137,84,112,
 1399,-50,-176,207,136,71,111,
 1400,-55,-182,207,158,84,110,
 1401,-53,-187,201,146,75,115,
 1402,-54,-178,203,137,80,112,
 1403,-50,-184,203,127,88,110,
 1404,-48,-184,202,141,75,115,
 1405,-46,-170,196,144,87,115,
 1406,-47,-177,194,134,72,111,
 1407,-48,-178,206,143,82,115,
 1408,-49,-171,205,132,73,116,
 1409,-50,-180,203,152,74,114,
 1410,-51,-180,203,151,78,111,
 1411,-54,-185,194,151,75,114,
 1412,-50,-189,202,134,80,105,
 1413,-55,-176,205,139,78,110,
 1414,-51,-190,201,159,83,110,
 1415,-48,-177,205,154,78,106,
 1416,-46,-174,202,155,80,114,
 1417,-48,-184,191,134,65,107,
 1418,-46,-181,202,135,70,103,
 1419,-48,-184,202,164,90,103,
 1420,-49,-179,200,156,70,102,
 1421,-47,-183,208,155,83,107,
 1422,-48,-186,191,136,70,99,
 1423,-47,-180,205,132,70,100,
 1424,-49,-181,210,143,82,106,
 1425,-52,-184,210,157,74,107,
 1426,-51,-190,207,153,84,104,
 1427,-51,-183,198,135,81,99,
 1428,-48,-187,209,118,69,101,
 1429,-47,-183,201,139,66,97,
 1430,-46,-185,214,152,71,97,
 1431,-45,-188,200,152,81,104,
 1432,-44,-185,205,140,78,99,
 1433,-47,-177,201,130,81,102,
 1434,-46,-186,196,132,88,98,
 1435,-46,-189,200,148,85,98,
 1436,-48,-187,204,143,58,90,
 1437,-45,-184,208,141,81,103,
 1438,-44,-189,202,130,71,94,
 1439,-42,-187,190,128,64,100,
 1440,-42,-182,199,139,79,89,
 1441,-46,-176,202,140,75,97,
 1442,-47,-187,202,132,81,93,
 1443,-43,-179,198,133,74,94,
 1444,-41,-183,208,121,70,95,
 1445,-45,-193,194,122,70,92,
 1446,-48,-181,210,141,74,90,
 1447,-47,-183,205,135,67,90,
 1448,-42,-180,206,128,71,90,
 1449,-44,-177,193,115,76,85,
 1450,-46,-178,204,115,69,86,
 1451,-42,-186,208,131,70,91,
 1452,-40,-196,199,139,57,85,
 1453,-43,-194,214,133,66,86,
 1454,-48,-190,210,131,76,86,
 1455,-44,-183,213,120,72,86,
 1456,-45,-179,207,124,63,89,
 1457,-45,-184,205,132,71,87,
 1458,-43,-183,193,136,68,84,
 1459,-43,-189,196,136,63,87,
 1460,-45,-189,200,121,59,86,
 1461,-42,-187,206,126,70,81,
 1462,-44,-190,197,119,71,80,
 1463,-46,-174,207,127,73,81,
 1464,-41,-178,202,139,79,78,
 1465,-47,-189,205,132,64,78,
 1466,-43,-188,204,123,67,81,
 1467,-43,-196,190,122,66,80,
 1468,-46,-178,198,119,63,73,
 1469,-40,-181,195,133,72,73,
 1470,-43,-189,202,135,76,77,
 1471,-45,-188,201,136,85,74,
 1472,-44,-194,211,133,73,74,
 1473,-46,-186,208,126,71,72,
 1474,-40,-176,205,119,71,77,
 1475,-45,-190,203,116,60,72,
 1476,-40,-185,201,128,58,67,
 1477,-44,-195,201,134,64,71,
 1478,-41,-177,202,141,71,70,
 1479,-42,-187,206,128,68,66,
 1480,-42,-190,201,129,66,66,
 1481,-44,-187,205,117,66,65,
 1482,-39,-182,197,115,66,68,
 1483,-43,-188,198,132,68,69,
 1484,-41,-200,198,143,63,65,
 1485,-46,-178,199,141,65,65,
 1486,-40,-191,204,131,73,64,
 1487,-44,-192,206,121,71,67,
 1488,-39,-180,201,120,75,67,
 1489,-45,-196,201,118,74,67,
 1490,-41,-189,194,127,72,63,
 1491,-43,-199,193,135,73,63,
 1492,-43,-184,204,132,82,60,
 1493,-38,-192,201,134,68,63,
 1494,-41,-185,200,118,67,66,
 1495,-37,-193,199,114,73,64,
 1496,-42,-189,201,99,71,63,
 1497,-42,-184,206,110,76,62,
 1498,-40,-195,205,121,71,56,
 1499,-43,-193,205,120,67,60,
 1500,-38,-187,213,123,68,58,
 1501,-39,-194,200,120,60,60,
 1502,-43,-189,208,115,68,56,
 1503,-39,-187,206,111,66,54,
 1504,-44,-200,193,101,68,57,
 1505,-41,-194,196,101,72,53,
 1506,-37,-196,198,112,62,54,
 1507,-38,-194,200,116,56,57,
 1508,-39,-182,196,118,64,60,
 1509,-37,-196,197,116,60,60,
 1510,-40,-194,201,113,63,59,
 1511,-41,-188,200,111,56,59,
 1512,-38,-196,204,105,64,55,
 1513,-38,-202,204,99,68,44,
 1514,-41,-186,189,103,54,29,
 1515,-38,-196,204,103,58,9,
 1516,-38,-179,200,108,63,-15,
 1517,-42,-196,188,114,70,-46,
 1518,-42,-194,204,105,58,-54,
 1519,-38,-180,204,108,67,-50,
 1520,-39,-200,191,105,63,-64,
 1521,-42,-195,201,96,60,-65,
 1522,-40,-198,205,95,65,-71,
 1523,-38,-197,199,97,65,-64,
 1524,-38,-199,201,108,68,-67,
 1525,-43,-195,210,109,64,-63,
 1526,-39,-196,211,100,67,-68,
 1527,-37,-196,203,104,69,-67,
 1528,-38,-196,209,102,61,-63,
 1529,-41,-186,209,101,64,-68,
 1530,-41,-191,201,103,73,-70,
 1531,-39,-201,197,102,70,-67,
 1532,-36,-199,197,99,70,-69,
 1533,-36,-186,192,95,64,-72,
 1534,-39,-196,200,105,67,-74,
 1535,-38,-191,199,103,64,-75,
 1536,-37,-201,209,102,61,-72,
 1537,-36,-188,203,100,63,-73,
 1538,-39,-189,201,104,61,-77,
 1539,-41,-198,202,100,68,-76,
 1540,-41,-199,206,101,72,-75,
 1541,-40,-191,196,100,71,-78,
 1542,-39,-189,192,96,62,-78,
 1543,-39,-197,198,86,72,-78,
 1544,-40,-201,200,96,61,-80,
 1545,-43,-192,196,97,58,-81,
 1546,-41,-202,196,101,69,-83,
 1547,-38,-199,204,102,69,-80,
 1548,-35,-196,199,101,69,-83,
 1549,-36,-199,201,102,66,-87,
 1550,-38,-187,197,109,66,-81,
 1551,-39,-193,202,102,56,-83,
 1552,-37,-202,208,95,62,-84,
 1553,-36,-204,207,94,64,-81,
 1554,-35,-192,206,91,61,-87,
 1555,-37,-206,203,94,64,-84,
 1556,-40,-203,197,87,71,-86,
 1557,-41,-207,199,90,61,-86,
 1558,-42,-204,198,90,58,-86,
 1559,-40,-201,189,93,61,-89,
 1560,-36,-198,198,97,67,-93,
 1561,-36,-204,201,105,57,-94,
 1562,-36,-195,199,112,53,-96,
 1563,-37,-192,204,111,58,-93,
 1564,-39,-195,203,105,57,-96,
 1565,-37,-198,208,110,59,-96,
 1566,-37,-195,203,96,64,-100,
 1567,-37,-192,201,95,58,-98,
 1568,-37,-197,193,93,56,-98,
 1569,-38,-203,192,88,60,-95,
 1570,-40,-205,196,90,64,-100,
 1571,-40,-207,194,87,58,-94,
 1572,-41,-202,211,93,62,-94,
 1573,-40,-199,208,95,59,-97,
 1574,-38,-204,202,96,59,-97,
 1575,-37,-204,201,98,57,-96,
 1576,-37,-193,199,91,58,-95,
 1577,-37,-200,196,105,59,-98,
 1578,-39,-203,197,109,58,-103,
 1579,-41,-206,206,108,63,-100,
 1580,-40,-203,211,101,63,-100,
 1581,-40,-192,207,108,65,-101,
 1582,-38,-199,201,100,58,-106,
 1583,-37,-207,198,87,61,-107,
 1584,-38,-203,187,92,55,-101,
 1585,-40,-210,197,94,65,-105,
 1586,-40,-200,202,89,59,-100,
 1587,-40,-200,198,88,63,-110,
 1588,-39,-207,201,81,57,-107,
 1589,-37,-189,200,91,67,-108,
 1590,-38,-200,199,91,62,-114,
 1591,-40,-193,192,97,65,-113,
 1592,-41,-205,195,92,65,-116,
 1593,-43,-205,201,95,56,-114,
 1594,-41,-199,195,91,57,-113,
 1595,-39,-209,201,96,63,-113,
 1596,-39,-201,192,92,60,-112,
 1597,-40,-194,199,94,63,-113,
 1598,-42,-201,212,96,68,-119,
 1599,-41,-202,211,85,58,-113,
 1600,-39,-197,210,93,65,-115,
 1601,-39,-196,205,89,69,-118,
 1602,-40,-206,206,88,63,-120,
 1603,-42,-209,204,85,66,-119,
 1604,-43,-202,202,85,70,-120,
 1605,-40,-210,204,86,71,-118,
 1606,-38,-211,203,85,68,-114,
 1607,-39,-205,209,82,66,-114,
 1608,-43,-195,210,73,66,-114,
 1609,-43,-207,210,83,58,-118,
 1610,-41,-199,203,80,61,-124,
 1611,-39,-198,205,83,69,-120,
 1612,-40,-196,206,79,67,-124,
 1613,-43,-199,204,83,74,-114,
 1614,-42,-217,195,76,69,-113,
 1615,-40,-211,201,77,64,-116,
 1616,-43,-208,203,75,70,-113,
 1617,-45,-207,203,75,63,-123,
 1618,-44,-211,206,82,62,-117,
 1619,-40,-199,208,90,66,-117,
 1620,-41,-213,209,87,62,-120,
 1621,-44,-215,201,84,66,-117,
 1622,-42,-217,204,85,60,-115,
 1623,-44,-214,206,83,69,-123,
 1624,-47,-209,200,85,67,-115,
 1625,-44,-212,204,77,66,-115,
 1626,-42,-198,208,79,72,-121,
 1627,-46,-216,208,82,62,-117,
 1628,-43,-212,204,79,64,-114,
 1629,-41,-204,206,80,69,-120,
 1630,-44,-206,203,79,65,-121,
 1631,-41,-218,209,79,78,-116,
 1632,-39,-201,213,75,65,-118,
 1633,-45,-219,202,81,64,-120,
 1634,-44,-210,217,77,72,-124,
 1635,-43,-221,212,73,70,-119,
 1636,-47,-226,202,80,82,-120,
 1637,-42,-212,199,78,72,-127,
 1638,-45,-227,203,79,76,-116,
 1639,-46,-209,188,74,72,-118,
 1640,-43,-216,201,78,68,-119,
 1641,-49,-223,198,77,76,-118,
 1642,-43,-221,193,76,65,-121,
 1643,-47,-213,203,76,65,-115,
 1644,-43,-221,199,72,67,-115,
 1645,-45,-215,211,73,69,-116,
 1646,-46,-220,202,75,70,-120,
 1647,-44,-216,209,85,67,-115,
 1648,-47,-220,207,77,73,-117,
 1649,-46,-232,206,79,71,-108,
 1650,-50,-221,204,79,76,-110,
 1651,-49,-230,206,79,69,-111,
 1652,-49,-222,198,76,75,-117,
 1653,-46,-210,208,78,76,-117,
 1654,-46,-213,207,77,69,-113,
 1655,-48,-227,199,79,76,-111,
 1656,-44,-227,201,78,67,-109,
 1657,-48,-224,210,80,76,-110,
 1658,-43,-223,214,81,76,-110,
 1659,-51,-219,216,82,71,-109,
 1660,-47,-227,215,82,77,-117,
 1661,-49,-223,198,82,80,-120,
 1662,-51,-227,200,81,82,-116,
 1663,-44,-227,202,81,75,-109,
 1664,-51,-222,206,84,84,-112,
 1665,-48,-215,210,83,77,-110,
 1666,-46,-227,201,79,75,-109,
 1667,-50,-236,206,74,78,-108,
 1668,-50,-224,202,77,81,-116,
 1669,-47,-220,209,80,69,-112,
 1670,-50,-216,210,81,73,-118,
 1671,-52,-210,203,80,76,-111,
 1672,-48,-230,205,85,74,-110,
 1673,-48,-223,203,85,76,-112,
 1674,-53,-225,200,82,76,-111,
 1675,-52,-224,206,79,82,-110,
 1676,-49,-228,214,82,76,-117,
 1677,-49,-227,210,90,74,-116,
 1678,-54,-212,211,90,77,-111,
 1679,-55,-217,205,89,88,-115,
 1680,-56,-231,218,83,68,-120,
 1681,-53,-232,213,82,77,-109,
 1682,-52,-231,211,77,75,-110,
 1683,-49,-223,210,83,80,-112,
 1684,-52,-213,204,85,76,-113,
 1685,-51,-221,207,80,82,-115,
 1686,-55,-232,212,81,80,-116,
 1687,-56,-226,196,86,86,-124,
 1688,-54,-230,213,82,80,-115,
 1689,-55,-218,206,75,86,-114,
 1690,-54,-238,215,85,90,-111,
 1691,-58,-233,217,80,85,-110,
 1692,-57,-227,212,81,79,-121,
 1693,-57,-225,207,84,86,-121,
 1694,-56,-223,206,85,81,-122,
 1695,-57,-238,201,84,89,-115,
 1696,-55,-232,208,87,86,-118,
 1697,-61,-234,216,91,86,-112,
 1698,-57,-220,206,92,90,-117,
 1699,-59,-227,219,91,94,-110,
 1700,-55,-229,215,85,87,-113,
 1701,-56,-232,210,92,86,-114,
 1702,-56,-224,207,90,85,-119,
 1703,-57,-246,218,87,92,-113,
 1704,-54,-227,216,95,94,-116,
 1705,-56,-224,214,83,91,-113,
 1706,-60,-242,217,92,86,-114,
 1707,-53,-237,208,93,88,-110,
 1708,-58,-215,212,86,88,-112,
 1709,-57,-225,214,93,88,-112,
 1710,-57,-239,209,91,87,-112,
 1711,-53,-235,209,91,85,-113,
 1712,-61,-230,204,91,91,-114,
 1713,-60,-237,200,93,85,-120,
 1714,-59,-229,208,89,84,-111,
 1715,-53,-232,204,93,87,-108,
 1716,-62,-228,212,99,99,-113,
 1717,-57,-234,214,100,96,-109,
 1718,-56,-230,214,97,79,-110,
 1719,-54,-237,217,104,92,-109,
 1720,-56,-234,222,101,81,-115,
 1721,-62,-242,210,103,92,-109,
 1722,-56,-227,215,99,100,-106,
 1723,-61,-219,211,101,96,-108,
 1724,-60,-232,217,93,93,-103,
 1725,-59,-235,227,95,96,-108,
 1726,-59,-227,221,100,95,-103,
 1727,-59,-235,213,97,92,-105,
 1728,-58,-239,216,100,96,-112,
 1729,-65,-220,223,101,98,-101,
 1730,-57,-239,218,99,96,-105,
 1731,-58,-238,220,101,101,-110,
 1732,-58,-231,210,98,102,-102,
 1733,-60,-240,208,101,95,-107,
 1734,-66,-236,215,107,104,-101,
 1735,-58,-231,226,104,99,-100,
 1736,-61,-246,222,109,104,-100,
 1737,-64,-246,208,108,108,-103,
 1738,-59,-247,220,107,101,-102,
 1739,-64,-244,227,109,97,-101,
 1740,-66,-257,220,109,98,-101,
 1741,-65,-239,209,103,99,-104,
 1742,-60,-231,210,105,96,-99,
 1743,-62,-237,211,102,105,-95,
 1744,-66,-238,230,102,101,-97,
 1745,-63,-240,230,109,106,-94,
 1746,-61,-254,229,107,105,-102,
 1747,-61,-241,215,107,108,-96,
 1748,-65,-237,218,112,106,-96,
 1749,-63,-237,225,116,104,-99,
 1750,-67,-234,223,118,97,-97,
 1751,-68,-237,210,117,99,-94,
 1752,-65,-247,216,117,108,-100,
 1753,-67,-234,216,123,107,-94,
 1754,-65,-238,212,120,111,-89,
 1755,-60,-229,223,117,96,-92,
 1756,-69,-216,212,108,93,-90,
 1757,-69,-246,216,116,101,-90,
 1758,-66,-231,224,105,109,-94,
 1759,-62,-233,223,111,101,-91,
 1760,-61,-254,223,123,105,-92,
 1761,-64,-229,223,121,91,-87,
 1762,-66,-235,210,125,94,-96,
 1763,-71,-243,232,138,94,-91,
 1764,-71,-237,228,134,102,-89,
 1765,-70,-244,218,131,105,-89,
 1766,-67,-240,214,129,105,-87,
 1767,-66,-229,218,123,102,-87,
 1768,-73,-253,227,119,98,-90,
 1769,-70,-241,233,115,105,-92,
 1770,-73,-250,220,123,105,-88,
 1771,-72,-234,207,128,103,-86,
 1772,-67,-242,225,126,103,-88,
 1773,-69,-245,230,140,107,-87,
 1774,-64,-238,220,133,112,-85,
 1775,-68,-241,213,131,102,-88,
 1776,-68,-240,235,135,105,-89,
 1777,-72,-258,224,126,116,-84,
 1778,-67,-248,217,119,106,-86,
 1779,-73,-252,225,117,97,-82,
 1780,-70,-241,222,130,99,-83,
 1781,-72,-239,227,127,99,-85,
 1782,-67,-250,239,139,112,-82,
 1783,-75,-240,221,140,106,-80,
 1784,-71,-235,219,140,117,-78,
 1785,-68,-238,230,136,109,-85,
 1786,-64,-235,227,127,98,-84,
 1787,-75,-254,226,128,114,-81,
 1788,-74,-223,220,127,106,-83,
 1789,-68,-250,232,124,107,-81,
 1790,-77,-232,226,133,123,-83,
 1791,-72,-253,230,131,108,-80,
 1792,-72,-246,214,136,106,-83,
 1793,-66,-234,223,140,112,-77,
 1794,-72,-249,230,141,114,-84,
 1795,-69,-228,228,133,104,-78,
 1796,-77,-237,230,135,108,-79,
 1797,-71,-241,206,120,110,-82,
 1798,-69,-254,233,129,105,-77,
 1799,-72,-252,237,128,107,-75,
 1800,-69,-239,222,142,116,-78,
 1801,-76,-248,218,141,100,-78,
 1802,-75,-239,225,130,113,-78,
 1803,-77,-247,231,136,105,-78,
 1804,-74,-234,228,134,105,-82,
 1805,-78,-248,219,124,106,-77,
 1806,-77,-223,235,140,102,-77,
 1807,-70,-239,236,140,102,-81,
 1808,-76,-235,228,135,105,-75,
 1809,-76,-255,223,136,99,-78,
 1810,-75,-240,231,129,103,-77,
 1811,-76,-247,229,130,101,-78,
 1812,-78,-232,222,130,109,-78,
 1813,-76,-239,230,127,115,-77,
 1814,-73,-229,229,134,100,-80,
 1815,-75,-253,241,144,115,-80,
 1816,-71,-232,237,130,118,-76,
 1817,-74,-255,226,134,117,-75,
 1818,-73,-248,224,138,128,-77,
 1819,-71,-247,228,124,106,-74,
 1820,-78,-246,224,134,111,-79,
 1821,-77,-241,219,146,107,-77,
 1822,-74,-244,218,136,114,-78,
 1823,-76,-242,226,142,129,-76,
 1824,-76,-244,225,137,115,-72,
 1825,-78,-251,213,141,113,-80,
 1826,-74,-244,219,134,115,-78,
 1827,-74,-240,234,146,115,-75,
 1828,-77,-243,238,147,116,-74,
 1829,-81,-228,225,149,111,-78,
 1830,-82,-240,227,145,135,-81,
 1831,-84,-240,240,142,114,-80,
 1832,-72,-237,231,139,99,-79,
 1833,-82,-252,215,143,117,-78,
 1834,-79,-243,227,154,106,-77,
 1835,-73,-242,230,153,116,-71,
 1836,-73,-240,231,161,113,-56,
 1837,-78,-243,220,139,117,-38,
 1838,-79,-248,230,144,112,-18,
 1839,-83,-246,236,142,124,20,
 1840,-76,-231,233,162,125,47,
 1841,-84,-254,207,155,127,69,
 1842,-81,-235,241,156,112,53,
 1843,-87,-253,229,155,109,62,
 1844,-79,-233,226,143,111,67,
 1845,-85,-244,227,144,107,72,
 1846,-81,-236,233,154,110,68,
 1847,-85,-242,230,164,109,73,
 1848,-87,-238,231,170,123,70,
 1849,-88,-241,235,154,101,76,
 1850,-84,-239,226,144,117,72,
 1851,-76,-246,236,149,110,72,
 1852,-84,-246,222,159,127,75,
 1853,-84,-239,228,173,120,75,
 1854,-79,-255,227,168,104,75,
 1855,-78,-228,243,151,120,75,
 1856,-86,-243,227,145,112,77,
 1857,-80,-235,238,146,111,76,
 1858,-76,-250,239,170,101,77,
 1859,-83,-238,240,156,126,77,
 1860,-80,-247,227,162,116,78,
 1861,-86,-238,234,151,123,79,
 1862,-84,-248,233,157,106,83,
 1863,-86,-236,237,156,119,85,
 1864,-88,-243,215,165,117,83,
 1865,-89,-248,230,152,112,82,
 1866,-85,-227,240,153,105,79,
 1867,-85,-234,232,146,102,79,
 1868,-81,-231,229,162,107,85,
 1869,-77,-248,227,169,110,90,
 1870,-79,-241,244,159,118,90,
 1871,-83,-259,232,153,126,86,
 1872,-80,-236,215,133,113,84,
 1873,-82,-244,239,152,118,90,
 1874,-87,-248,243,162,98,87,
 1875,-86,-234,226,166,109,85,
 1876,-84,-254,222,150,115,89,
 1877,-84,-227,238,149,118,85,
 1878,-88,-249,226,150,109,87,
 1879,-89,-225,228,165,108,86,
 1880,-89,-236,230,155,110,89,
 1881,-90,-232,229,154,117,87,
 1882,-84,-237,236,151,122,91,
 1883,-83,-238,231,157,134,89,
 1884,-83,-222,229,164,103,85,
 1885,-84,-238,238,170,104,89,
 1886,-85,-231,228,163,100,92,
 1887,-83,-231,223,145,108,92,
 1888,-83,-242,234,157,99,93,
 1889,-84,-242,233,161,125,91,
 1890,-78,-238,229,170,113,91,
 1891,-78,-227,218,157,115,90,
 1892,-80,-246,235,148,123,91,
 1893,-81,-229,240,157,116,90,
 1894,-83,-253,236,173,98,88,
 1895,-88,-239,221,183,108,91,
 1896,-90,-234,234,165,119,89,
 1897,-86,-226,227,141,115,91,
 1898,-88,-224,214,172,108,96,
 1899,-86,-228,225,187,102,90,
 1900,-84,-214,228,180,117,94,
 1901,-85,-236,234,162,111,95,
 1902,-81,-225,216,144,120,96,
 1903,-85,-219,230,170,106,93,
 1904,-81,-234,236,177,112,94,
 1905,-85,-228,221,157,107,94,
 1906,-83,-248,228,154,101,94,
 1907,-86,-215,239,152,117,96,
 1908,-90,-232,227,169,111,97,
 1909,-86,-231,228,166,118,92,
 1910,-87,-217,236,161,98,89,
 1911,-86,-240,222,142,120,93,
 1912,-85,-229,229,161,106,98,
 1913,-87,-241,227,172,112,95,
 1914,-84,-230,232,164,102,95,
 1915,-86,-224,234,154,96,95,
 1916,-82,-226,225,153,98,97,
 1917,-86,-223,226,168,120,102,
 1918,-84,-232,240,169,122,100,
 1919,-79,-220,230,163,113,94,
 1920,-81,-239,230,144,115,101,
 1921,-84,-226,217,159,93,96,
 1922,-87,-220,233,169,102,95,
 1923,-92,-225,242,167,104,99,
 1924,-88,-212,229,150,126,94,
 1925,-88,-230,230,149,102,96,
 1926,-84,-214,224,160,95,102,
 1927,-88,-216,237,165,109,99,
 1928,-89,-212,232,156,101,106,
 1929,-83,-217,227,143,111,103,
 1930,-87,-226,235,159,93,100,
 1931,-86,-213,230,172,101,99,
 1932,-80,-231,228,160,82,99,
 1933,-82,-222,230,150,99,101,
 1934,-85,-227,232,148,97,100,
 1935,-88,-215,233,176,105,107,
 1936,-86,-214,231,176,123,102,
 1937,-91,-216,237,164,110,105,
 1938,-87,-213,218,143,115,105,
 1939,-89,-227,237,160,81,108,
 1940,-88,-207,220,182,105,104,
 1941,-89,-224,216,184,88,106,
 1942,-84,-211,236,164,115,105,
 1943,-90,-208,225,157,108,108,
 1944,-86,-213,225,163,87,102,
 1945,-90,-210,221,186,104,109,
 1946,-87,-212,234,174,95,105,
 1947,-82,-205,236,148,107,105,
 1948,-87,-215,224,156,91,106,
 1949,-88,-217,231,179,99,112,
 1950,-85,-219,219,177,85,105,
 1951,-85,-215,216,163,89,105,
 1952,-83,-215,223,147,104,101,
 1953,-86,-204,233,172,98,107,
 1954,-88,-205,232,168,100,112,
 1955,-82,-220,236,152,88,104,
 1956,-89,-211,219,146,101,112,
 1957,-88,-212,232,165,93,116,
 1958,-85,-200,235,179,93,110,
 1959,-86,-207,231,164,82,114,
 1960,-87,-203,222,151,91,102,
 1961,-84,-206,219,153,93,105,
 1962,-81,-200,219,169,115,107,
 1963,-90,-196,225,161,120,104,
 1964,-87,-197,220,156,98,105,
 1965,-89,-195,232,144,95,112,
 1966,-89,-205,221,157,84,109,
 1967,-83,-197,228,159,106,107,
 1968,-88,-209,228,159,89,108,
 1969,-82,-197,225,149,104,109,
 1970,-79,-209,228,139,88,113,
 1971,-86,-206,230,150,90,109,
 1972,-82,-205,228,162,91,108,
 1973,-86,-196,228,158,97,113,
 1974,-87,-201,225,134,87,104,
 1975,-86,-201,229,145,80,109,
 1976,-84,-203,221,165,90,115,
 1977,-81,-209,217,151,90,110,
 1978,-82,-201,227,162,87,109,
 1979,-75,-209,232,141,83,106,
 1980,-88,-186,225,153,99,105,
 1981,-86,-205,220,173,86,109,
 1982,-84,-193,220,156,107,113,
 1983,-87,-204,210,145,90,110,
 1984,-85,-191,228,147,87,113,
 1985,-80,-206,228,167,81,115,
 1986,-87,-192,219,181,90,109,
 1987,-84,-200,224,165,82,109,
 1988,-86,-182,225,146,93,113,
 1989,-81,-192,222,142,77,103,
 1990,-79,-173,217,173,97,105,
 1991,-79,-186,208,167,82,110,
 1992,-83,-184,218,160,84,104,
 1993,-77,-190,204,148,85,107,
 1994,-76,-182,220,151,98,113,
 1995,-84,-196,216,168,85,107,
 1996,-81,-180,213,167,91,108,
 1997,-84,-187,217,153,66,115,
 1998,-81,-182,210,137,84,103,
 1999,-78,-191,208,152,79,109,
 2000,-72,-187,220,163,95,98,
 2001,-81,-183,220,164,84,103,
 2002,-71,-187,220,151,98,103,
 2003,-72,-185,213,127,77,111,
 2004,-73,-182,217,152,92,104,
 2005,-77,-184,223,157,61,103,
 2006,-79,-187,218,136,69,107,
 2007,-77,-185,214,149,65,98,
 2008,-71,-189,217,129,87,100,
 2009,-79,-175,212,149,83,97,
 2010,-82,-183,216,157,88,107,
 2011,-83,-174,221,140,85,110,
 2012,-78,-191,215,140,88,104,
 2013,-83,-169,215,137,63,107,
 2014,-77,-180,214,133,83,108,
 2015,-81,-171,206,140,82,99,
 2016,-66,-175,210,147,79,104,
 2017,-70,-177,216,144,79,100,
 2018,-75,-183,224,138,73,107,
 2019,-66,-179,215,131,75,104,
 2020,-72,-164,207,142,69,101,
 2021,-71,-184,207,151,88,100,
 2022,-66,-171,214,143,78,107,
 2023,-71,-181,211,138,83,102,
 2024,-71,-182,220,125,72,99,
 2025,-71,-164,209,142,76,105,
 2026,-71,-176,209,143,69,98,
 2027,-74,-167,223,143,72,100,
 2028,-71,-186,222,143,80,98,
 2029,-75,-176,222,130,74,107,
 2030,-77,-177,206,132,77,98,
 2031,-76,-190,214,142,67,107,
 2032,-72,-159,214,146,76,103,
 2033,-66,-175,210,144,81,111,
 2034,-69,-163,216,132,82,103,
 2035,-66,-159,218,122,74,98,
 2036,-68,-182,210,121,67,100,
 2037,-72,-158,206,139,88,105,
 2038,-67,-173,219,158,85,102,
 2039,-71,-165,214,157,77,98,
 2040,-68,-161,220,133,75,99,
 2041,-69,-179,212,126,74,101,
 2042,-68,-164,207,133,68,104,
 2043,-70,-168,203,141,63,102,
 2044,-67,-171,207,153,90,100,
 2045,-70,-162,199,159,89,98,
 2046,-67,-166,218,142,78,98,
 2047,-64,-156,211,133,72,103,
 2048,-65,-157,208,129,63,99,
 2049,-67,-152,205,149,63,97,
 2050,-69,-158,199,154,83,105,
 2051,-70,-166,217,149,74,98,
 2052,-71,-166,202,132,67,109,
 2053,-65,-162,197,123,77,103,
 2054,-66,-164,196,114,71,98,
 2055,-67,-170,206,128,62,99,
 2056,-62,-155,200,134,69,101,
 2057,-62,-162,204,138,61,99,
 2058,-64,-162,209,132,66,96,
 2059,-61,-152,213,120,67,101,
 2060,-60,-170,211,114,66,95,
 2061,-60,-160,208,117,75,96,
 2062,-63,-148,193,129,62,94,
 2063,-63,-154,201,125,70,98,
 2064,-59,-164,208,133,69,99,
 2065,-69,-153,214,129,54,95,
 2066,-61,-153,217,122,51,97,
 2067,-62,-167,213,116,64,102,
 2068,-59,-161,207,112,65,94,
 2069,-66,-158,205,122,62,94,
 2070,-64,-162,207,123,61,90,
 2071,-60,-159,203,122,66,89,
 2072,-64,-149,213,121,62,94,
 2073,-64,-147,204,118,69,93,
 2074,-56,-160,210,122,76,96,
 2075,-60,-149,212,107,67,97,
 2076,-57,-145,212,113,64,95,
 2077,-61,-161,208,120,64,95,
 2078,-63,-144,206,111,59,93,
 2079,-62,-140,212,118,77,94,
 2080,-62,-149,215,111,80,90,
 2081,-55,-148,212,113,63,89,
 2082,-54,-147,213,104,53,87,
 2083,-55,-160,208,115,70,88,
 2084,-60,-156,208,103,54,92,
 2085,-57,-149,195,109,65,91,
 2086,-61,-146,193,114,60,89,
 2087,-60,-147,199,115,58,94,
 2088,-60,-151,201,104,66,95,
 2089,-59,-162,212,101,70,87,
 2090,-58,-152,211,108,70,87,
 2091,-60,-145,200,102,61,91,
 2092,-56,-158,207,104,61,85,
 2093,-56,-156,207,104,66,83,
 2094,-57,-137,196,106,63,85,
 2095,-54,-140,198,114,60,84,
 2096,-59,-157,191,105,53,82,
 2097,-56,-149,202,110,62,81,
 2098,-61,-143,197,108,69,81,
