 0,19,16,-73,-31,-44,-11,
 1,19,16,-72,-31,-44,-11,
 2,19,16,-72,-32,-44,-11,
 3,19,16,-73,-31,-44,-11,
 4,19,16,-72,-31,-43,-11,
 5,19,16,-72,-31,-44,-11,
 6,19,17,-72,-32,-44,-12,
 7,19,17,-72,-32,-44,-12,
 8,18,17,-71,-31,-44,-12,
 9,19,17,-70,-31,-44,-12,
 10,19,17,-71,-30,-43,-12,
 11,19,16,-70,-30,-44,-12,
 12,19,15,-69,-28,-44,-12,
 13,19,13,-68,-25,-44,-13,
 14,18,11,-66,-23,-44,-13,
 15,19,10,-65,-19,-43,-14,
 16,19,8,-62,-16,-44,-16,
 17,19,5,-59,-11,-43,-17,
 18,19,2,-54,-6,-44,-20,
 19,19,0,-49,-1,-44,-23,
 20,18,-2,-45,0,-45,-26,
 21,17,-5,-37,5,-44,-31,
 22,16,-7,-30,8,-44,-36,
 23,15,-10,-20,12,-46,-43,
 24,14,-11,-9,15,-49,-50,
 25,12,-12,0,20,-51,-60,
 26,11,-12,15,18,-55,-72,
 27,9,-12,25,19,-58,-83,
 28,7,-10,31,20,-63,-96,
 29,6,-13,46,28,-67,-111,
 30,3,-15,59,37,-69,-128,
 31,2,-15,65,40,-70,-139,
 32,1,-18,58,41,-72,-153,
 33,-1,-21,59,41,-74,-144,
 34,-5,-22,56,42,-74,-127,
 35,-7,-21,69,43,-74,-123,
 36,-9,-18,67,48,-76,-120,
 37,-11,-17,72,52,-78,-115,
 38,-13,-21,79,57,-78,-114,
 39,-13,-38,79,55,-78,-113,
 40,-15,-39,91,57,-80,-114,
 41,-15,-37,95,61,-79,-118,
 42,-17,-41,104,63,-79,-120,
 43,-16,-42,107,61,-78,-121,
 44,-16,-51,106,63,-77,-119,
 45,-16,-61,102,65,-75,-115,
 46,-20,-62,103,62,-74,-113,
 47,-20,-63,100,66,-73,-116,
 48,-21,-68,101,68,-73,-123,
 49,-22,-67,102,64,-74,-123,
 50,-23,-70,104,70,-75,-118,
 51,-23,-68,98,65,-76,-117,
 52,-22,-63,96,70,-76,-122,
 53,-21,-67,105,64,-77,-122,
 54,-22,-60,103,69,-78,-116,
 55,-22,-65,99,63,-76,-112,
 56,-22,-59,101,67,-74,-119,
 57,-23,-66,98,68,-72,-114,
 58,-23,-64,106,65,-70,-113,
 59,-21,-73,96,70,-71,-120,
 60,-20,-67,99,70,-73,-113,
 61,-22,-70,97,63,-74,-113,
 62,-23,-72,101,67,-77,-116,
 63,-26,-67,98,71,-77,-113,
 64,-28,-67,98,72,-75,-118,
 65,-28,-65,94,70,-72,-109,
 66,-29,-61,93,73,-74,-111,
 67,-30,-65,91,72,-75,-108,
 68,-34,-72,98,76,-78,-111,
 69,-36,-71,97,76,-79,-114,
 70,-37,-72,104,77,-77,-116,
 71,-39,-66,99,77,-75,-117,
 72,-42,-64,100,78,-80,-115,
 73,-46,-63,99,79,-82,-104,
 74,-46,-63,102,82,-79,-108,
 75,-42,-69,99,77,-76,-107,
 76,-43,-71,99,74,-78,-109,
 77,-47,-70,93,82,-77,-113,
 78,-42,-63,93,80,-73,-106,
 79,-40,-59,97,78,-76,-106,
 80,-43,-66,86,85,-80,-113,
 81,-41,-72,90,78,-76,-114,
 82,-39,-78,91,84,-78,-111,
 83,-45,-70,94,80,-81,-111,
 84,-44,-62,91,87,-77,-114,
 85,-42,-66,93,83,-76,-114,
 86,-47,-78,95,82,-76,-114,
 87,-45,-67,92,88,-74,-110,
 88,-47,-65,96,86,-80,-108,
 89,-52,-67,92,89,-76,-110,
 90,-48,-75,93,85,-83,-111,
 91,-52,-75,99,85,-78,-111,
 92,-47,-72,91,84,-82,-106,
 93,-48,-68,93,90,-78,-109,
 94,-46,-76,97,91,-79,-114,
 95,-43,-69,96,90,-74,-114,
 96,-48,-68,96,89,-79,-114,
 97,-42,-70,95,86,-75,-109,
 98,-47,-70,88,83,-82,-109,
 99,-43,-62,94,88,-78,-107,
 100,-51,-62,95,87,-81,-111,
 101,-46,-75,100,87,-78,-113,
 102,-53,-70,95,93,-76,-114,
 103,-45,-68,98,91,-85,-118,
 104,-50,-78,99,88,-83,-112,
 105,-47,-75,105,90,-79,-110,
 106,-50,-74,97,86,-78,-114,
 107,-50,-81,95,82,-81,-116,
 108,-46,-79,96,86,-82,-111,
 109,-49,-73,98,87,-80,-112,
 110,-45,-71,94,85,-83,-113,
 111,-50,-65,102,89,-81,-108,
 112,-48,-64,101,92,-82,-118,
 113,-43,-65,100,85,-85,-109,
 114,-50,-59,102,90,-83,-111,
 115,-47,-73,104,89,-83,-117,
 116,-44,-66,104,98,-86,-115,
 117,-51,-72,94,98,-85,-115,
 118,-47,-72,94,92,-86,-112,
 119,-46,-74,99,99,-82,-121,
 120,-51,-79,93,95,-84,-119,
 121,-52,-66,100,98,-89,-117,
 122,-49,-77,98,96,-87,-117,
 123,-50,-68,96,90,-87,-113,
 124,-53,-67,101,98,-90,-117,
 125,-50,-73,92,99,-83,-117,
 126,-47,-69,97,95,-84,-111,
 127,-44,-74,96,97,-94,-105,
 128,-50,-73,105,97,-90,-102,
 129,-51,-79,100,92,-85,-104,
 130,-50,-77,105,99,-89,-110,
 131,-50,-82,109,92,-87,-106,
 132,-48,-79,93,99,-87,-106,
 133,-47,-74,103,106,-92,-108,
 134,-49,-69,100,106,-85,-113,
 135,-51,-69,101,106,-94,-113,
 136,-57,-65,108,99,-84,-114,
 137,-56,-72,103,98,-91,-112,
 138,-54,-80,109,101,-82,-109,
 139,-53,-65,107,105,-89,-109,
 140,-54,-83,97,106,-89,-102,
 141,-52,-74,105,105,-84,-103,
 142,-53,-79,99,107,-90,-103,
 143,-52,-68,104,111,-87,-102,
 144,-53,-70,101,108,-89,-104,
 145,-50,-77,103,108,-81,-100,
 146,-52,-71,104,109,-86,-100,
 147,-51,-86,103,112,-89,-102,
 148,-50,-80,106,110,-90,-103,
 149,-52,-81,106,111,-89,-101,
 150,-53,-87,109,121,-89,-105,
 151,-49,-74,112,125,-91,-105,
 152,-52,-77,110,125,-84,-103,
 153,-49,-81,109,114,-92,-99,
 154,-50,-75,108,110,-86,-100,
 155,-48,-87,105,105,-90,-98,
 156,-51,-88,109,123,-86,-97,
 157,-52,-84,106,114,-86,-97,
 158,-49,-85,114,118,-91,-98,
 159,-49,-85,107,134,-90,-95,
 160,-51,-71,109,128,-94,-100,
 161,-53,-66,105,127,-92,-103,
 162,-54,-80,104,113,-86,-96,
 163,-49,-79,106,120,-85,-98,
 164,-52,-85,107,120,-99,-98,
 165,-57,-78,109,113,-92,-102,
 166,-52,-80,109,119,-87,-97,
 167,-49,-80,106,124,-84,-101,
 168,-56,-74,112,138,-91,-109,
 169,-57,-86,119,131,-99,-103,
 170,-54,-87,113,116,-94,-107,
 171,-49,-77,108,113,-91,-104,
 172,-57,-79,111,112,-87,-113,
 173,-52,-95,109,112,-102,-110,
 174,-54,-78,110,120,-87,-116,
 175,-53,-78,108,121,-90,-113,
 176,-50,-88,105,135,-88,-113,
 177,-57,-84,105,130,-96,-115,
 178,-52,-91,112,122,-101,-112,
 179,-53,-87,108,120,-89,-115,
 180,-55,-84,114,121,-99,-121,
 181,-56,-84,117,122,-111,-115,
 182,-57,-87,115,117,-103,-119,
 183,-55,-95,117,122,-101,-121,
 184,-59,-86,122,120,-108,-118,
 185,-58,-85,106,121,-116,-119,
 186,-58,-82,109,118,-95,-115,
 187,-53,-82,112,119,-96,-115,
 188,-60,-90,107,113,-94,-113,
 189,-52,-94,114,120,-108,-119,
 190,-59,-93,114,118,-95,-111,
 191,-55,-88,117,126,-99,-109,
 192,-50,-87,117,109,-108,-107,
 193,-58,-88,112,120,-96,-114,
 194,-56,-84,111,124,-96,-107,
 195,-49,-87,102,119,-109,-115,
 196,-56,-91,120,116,-105,-108,
 197,-59,-83,111,135,-94,-113,
 198,-51,-81,106,112,-107,-117,
 199,-55,-84,112,124,-96,-111,
 200,-57,-89,105,120,-89,-118,
 201,-57,-94,114,117,-104,-110,
 202,-56,-88,111,133,-97,-114,
 203,-58,-89,106,135,-96,-118,
 204,-55,-88,108,123,-103,-120,
 205,-59,-84,119,130,-94,-116,
 206,-57,-94,118,118,-98,-120,
 207,-57,-93,111,130,-98,-112,
 208,-54,-81,113,127,-98,-107,
 209,-54,-89,116,127,-100,-113,
 210,-63,-87,120,135,-98,-108,
 211,-61,-90,109,128,-96,-114,
 212,-56,-89,106,130,-103,-115,
 213,-55,-93,112,127,-91,-118,
 214,-57,-87,121,125,-109,-126,
 215,-57,-91,119,130,-95,-114,
 216,-59,-96,118,137,-96,-112,
 217,-59,-97,108,121,-106,-111,
 218,-60,-82,121,136,-97,-115,
 219,-53,-91,115,132,-115,-119,
 220,-53,-92,113,138,-99,-112,
 221,-56,-88,116,148,-116,-117,
 222,-55,-83,112,146,-101,-122,
 223,-54,-97,111,135,-112,-116,
 224,-55,-89,110,122,-95,-113,
 225,-60,-90,108,136,-109,-117,
 226,-60,-99,110,139,-101,-107,
 227,-59,-96,106,152,-103,-106,
 228,-58,-91,118,142,-109,-109,
 229,-57,-93,114,137,-103,-108,
 230,-59,-98,111,141,-102,-106,
 231,-57,-98,110,142,-103,-112,
 232,-55,-94,109,144,-106,-105,
 233,-57,-103,119,137,-116,-103,
 234,-57,-99,116,134,-99,-108,
 235,-55,-104,106,140,-113,-104,
 236,-57,-95,112,144,-93,-102,
 237,-54,-100,108,141,-105,-107,
 238,-56,-93,102,139,-97,-101,
 239,-63,-96,110,124,-117,-103,
 240,-57,-96,112,133,-107,-111,
 241,-64,-97,115,139,-110,-108,
 242,-63,-94,114,141,-109,-108,
 243,-56,-97,109,132,-122,-105,
 244,-64,-100,110,138,-116,-107,
 245,-59,-101,125,135,-104,-111,
 246,-63,-97,121,136,-120,-106,
 247,-60,-94,117,125,-101,-111,
 248,-59,-89,111,119,-106,-111,
 249,-59,-97,112,127,-114,-117,
 250,-63,-100,111,137,-101,-110,
 251,-59,-97,105,140,-111,-112,
 252,-62,-105,111,137,-112,-107,
 253,-57,-101,110,137,-106,-104,
 254,-57,-111,113,143,-111,-102,
 255,-60,-99,101,140,-104,-108,
 256,-57,-93,102,142,-107,-105,
 257,-53,-100,111,140,-119,-104,
 258,-57,-98,107,137,-110,-107,
 259,-60,-104,107,136,-113,-104,
 260,-56,-97,113,128,-116,-105,
 261,-56,-98,111,138,-102,-102,
 262,-57,-97,113,138,-111,-98,
 263,-60,-103,110,141,-117,-98,
 264,-63,-107,120,152,-118,-100,
 265,-56,-92,114,146,-110,-101,
 266,-61,-102,110,138,-117,-101,
 267,-63,-99,112,151,-102,-100,
 268,-63,-106,111,152,-104,-104,
 269,-62,-102,115,145,-115,-95,
 270,-64,-100,111,133,-116,-95,
 271,-65,-102,118,147,-106,-92,
 272,-61,-120,114,166,-113,-94,
 273,-67,-108,104,141,-119,-99,
 274,-61,-105,115,138,-106,-97,
 275,-63,-104,110,160,-105,-101,
 276,-62,-104,108,158,-98,-99,
 277,-62,-111,111,159,-121,-98,
 278,-67,-101,112,140,-110,-105,
 279,-66,-110,111,155,-110,-98,
 280,-62,-114,110,154,-112,-101,
 281,-61,-114,113,142,-105,-95,
 282,-55,-113,110,146,-108,-100,
 283,-59,-105,102,155,-109,-98,
 284,-55,-100,119,144,-110,-101,
 285,-60,-106,104,123,-109,-102,
 286,-57,-112,110,143,-112,-105,
 287,-62,-102,105,158,-112,-103,
 288,-60,-107,121,133,-113,-106,
 289,-60,-114,118,123,-116,-107,
 290,-63,-112,108,150,-105,-112,
 291,-62,-112,112,157,-114,-108,
 292,-67,-106,116,135,-126,-106,
 293,-63,-104,120,125,-129,-106,
 294,-61,-109,105,150,-123,-109,
 295,-65,-111,116,152,-123,-105,
 296,-60,-104,118,139,-123,-104,
 297,-65,-107,113,140,-110,-108,
 298,-62,-108,115,145,-118,-105,
 299,-64,-109,113,144,-117,-102,
 300,-59,-111,115,147,-119,-100,
 301,-67,-101,116,160,-125,-93,
 302,-61,-109,117,149,-114,-100,
 303,-61,-107,110,151,-124,-96,
 304,-56,-101,106,159,-131,-97,
 305,-61,-99,105,169,-116,-101,
 306,-61,-113,109,156,-117,-97,
 307,-56,-107,110,140,-113,-97,
 308,-56,-111,112,168,-118,-99,
 309,-55,-116,112,169,-113,-96,
 310,-61,-113,111,142,-126,-94,
 311,-61,-114,109,152,-107,-93,
 312,-58,-116,114,168,-118,-92,
 313,-66,-114,110,145,-111,-91,
 314,-64,-110,108,151,-116,-92,
 315,-65,-113,114,169,-115,-97,
 316,-59,-115,113,154,-125,-96,
 317,-66,-116,113,135,-126,-92,
 318,-63,-114,109,169,-123,-90,
 319,-61,-115,117,147,-117,-94,
 320,-62,-112,102,143,-119,-97,
 321,-65,-111,109,161,-123,-97,
 322,-63,-115,108,157,-116,-101,
 323,-61,-122,114,144,-124,-93,
 324,-66,-120,110,150,-119,-98,
 325,-63,-113,113,146,-112,-95,
 326,-61,-120,111,144,-118,-93,
 327,-64,-124,105,150,-121,-93,
 328,-63,-118,112,162,-130,-97,
 329,-59,-104,112,150,-115,-98,
 330,-63,-106,114,146,-114,-99,
 331,-57,-117,106,149,-108,-100,
 332,-59,-113,110,152,-114,-99,
 333,-61,-110,108,145,-115,-101,
 334,-57,-109,108,157,-116,-97,
 335,-64,-114,103,154,-126,-93,
 336,-62,-112,97,146,-130,-100,
 337,-63,-115,105,178,-124,-96,
 338,-57,-121,104,181,-127,-95,
 339,-62,-112,110,154,-131,-95,
 340,-63,-116,108,154,-133,-89,
 341,-68,-118,102,175,-125,-91,
 342,-60,-115,106,156,-128,-95,
 343,-66,-114,108,170,-130,-99,
 344,-62,-118,103,164,-111,-94,
 345,-59,-117,105,158,-125,-91,
 346,-66,-113,101,163,-135,-93,
 347,-63,-115,110,158,-112,-90,
 348,-61,-117,101,140,-116,-88,
 349,-60,-116,106,164,-118,-93,
 350,-61,-116,101,156,-123,-92,
 351,-64,-118,108,136,-126,-92,
 352,-56,-119,107,157,-119,-91,
 353,-62,-117,105,153,-121,-88,
 354,-58,-123,117,139,-136,-92,
 355,-62,-124,101,167,-133,-91,
 356,-62,-118,107,156,-114,-84,
 357,-60,-121,104,145,-116,-81,
 358,-65,-116,110,154,-130,-81,
 359,-58,-118,111,133,-121,-84,
 360,-69,-124,101,154,-128,-81,
 361,-61,-120,106,172,-119,-80,
 362,-63,-118,107,163,-114,-80,
 363,-61,-125,107,153,-126,-85,
 364,-66,-120,102,170,-130,-81,
 365,-62,-120,102,159,-134,-82,
 366,-58,-120,111,175,-123,-85,
 367,-63,-122,111,174,-123,-82,
 368,-61,-125,104,156,-125,-78,
 369,-63,-120,100,177,-120,-78,
 370,-61,-112,115,186,-125,-81,
 371,-62,-130,105,143,-137,-86,
 372,-65,-128,110,186,-133,-83,
 373,-64,-122,101,164,-119,-79,
 374,-63,-131,101,150,-126,-80,
 375,-65,-119,108,184,-139,-81,
 376,-62,-125,107,164,-141,-76,
 377,-60,-121,94,164,-123,-76,
 378,-61,-118,97,160,-116,-77,
 379,-60,-131,97,146,-113,-77,
 380,-56,-130,101,153,-140,-82,
 381,-59,-129,96,165,-132,-83,
 382,-62,-125,97,154,-124,-76,
 383,-62,-121,100,164,-120,-82,
 384,-58,-120,101,162,-131,-77,
 385,-63,-123,109,156,-125,-77,
 386,-63,-129,106,179,-124,-81,
 387,-61,-128,106,150,-139,-78,
 388,-64,-130,100,161,-117,-74,
 389,-62,-127,102,174,-125,-73,
 390,-61,-121,102,150,-129,-75,
 391,-66,-135,111,170,-131,-78,
 392,-63,-133,110,156,-125,-79,
 393,-69,-130,110,147,-126,-78,
 394,-62,-126,107,170,-126,-72,
 395,-63,-128,100,165,-138,-59,
 396,-66,-130,98,154,-129,-41,
 397,-59,-131,106,196,-117,-17,
 398,-62,-134,102,168,-125,7,
 399,-65,-120,100,161,-139,42,
 400,-62,-123,102,178,-126,72,
 401,-63,-126,105,152,-117,62,
 402,-56,-128,103,173,-143,60,
 403,-62,-122,99,166,-127,76,
 404,-57,-132,96,159,-126,75,
 405,-65,-132,102,173,-125,78,
 406,-59,-134,103,149,-137,67,
 407,-66,-123,98,169,-120,69,
 408,-66,-121,104,167,-120,69,
 409,-61,-130,99,153,-119,73,
 410,-64,-129,102,166,-150,79,
 411,-61,-121,103,157,-120,75,
 412,-66,-120,108,152,-114,72,
 413,-66,-125,100,165,-128,76,
 414,-59,-124,97,137,-114,79,
 415,-65,-134,95,156,-121,79,
 416,-56,-127,95,150,-125,80,
 417,-61,-138,92,171,-122,80,
 418,-61,-131,91,163,-119,81,
 419,-57,-127,91,153,-145,80,
 420,-61,-139,97,183,-134,80,
 421,-62,-136,103,163,-126,82,
 422,-63,-129,99,166,-131,87,
 423,-66,-134,104,180,-140,89,
 424,-64,-134,96,146,-130,92,
 425,-58,-127,96,188,-126,90,
 426,-63,-127,95,169,-152,95,
 427,-64,-129,94,156,-129,93,
 428,-61,-129,92,174,-117,99,
 429,-60,-127,94,151,-134,109,
 430,-60,-136,90,173,-121,103,
 431,-59,-138,89,153,-121,105,
 432,-63,-132,98,158,-126,101,
 433,-63,-138,92,150,-121,109,
 434,-56,-122,90,148,-116,105,
 435,-58,-120,93,166,-116,103,
 436,-64,-141,92,150,-140,108,
 437,-61,-130,91,165,-133,107,
 438,-61,-143,95,156,-114,114,
 439,-63,-141,94,154,-124,108,
 440,-62,-136,96,174,-121,111,
 441,-60,-132,99,159,-118,105,
 442,-58,-128,97,154,-138,108,
 443,-66,-138,96,184,-122,113,
 444,-63,-135,97,155,-123,113,
 445,-61,-131,88,186,-130,111,
 446,-65,-136,86,175,-133,116,
 447,-66,-134,94,160,-123,112,
 448,-60,-144,94,173,-110,108,
 449,-58,-144,93,153,-141,111,
 450,-61,-136,87,184,-126,118,
 451,-60,-139,90,169,-104,118,
 452,-56,-123,91,182,-153,117,
 453,-61,-134,86,165,-118,117,
 454,-60,-135,95,146,-124,114,
 455,-62,-127,99,181,-140,112,
 456,-59,-139,90,150,-126,106,
 457,-57,-129,95,168,-135,112,
 458,-65,-136,96,161,-138,107,
 459,-65,-123,88,155,-128,110,
 460,-62,-139,90,168,-120,113,
 461,-61,-133,85,156,-144,105,
 462,-60,-124,84,179,-130,103,
 463,-60,-137,82,166,-121,107,
 464,-62,-119,89,156,-139,105,
 465,-62,-131,84,175,-121,102,
 466,-59,-131,87,135,-127,110,
 467,-56,-135,82,174,-136,106,
 468,-56,-132,87,154,-113,101,
 469,-63,-129,87,176,-133,109,
 470,-64,-125,94,181,-135,106,
 471,-63,-130,93,154,-128,105,
 472,-64,-124,91,194,-121,110,
 473,-61,-125,84,161,-152,108,
 474,-59,-140,86,172,-141,103,
 475,-59,-125,89,166,-97,101,
 476,-59,-137,83,159,-139,102,
 477,-60,-130,83,178,-123,107,
 478,-61,-138,86,145,-122,103,
 479,-60,-128,87,172,-141,111,
 480,-54,-127,90,159,-118,108,
 481,-58,-128,90,165,-129,115,
 482,-53,-136,75,159,-138,112,
 483,-56,-128,86,149,-114,107,
 484,-56,-139,80,177,-107,112,
 485,-62,-128,79,144,-142,109,
 486,-57,-140,80,168,-124,105,
 487,-58,-132,84,165,-109,110,
 488,-59,-125,86,160,-131,115,
 489,-58,-123,83,168,-115,103,
 490,-60,-132,79,140,-119,108,
 491,-59,-124,83,174,-123,113,
 492,-61,-135,87,176,-113,104,
 493,-62,-127,86,177,-141,106,
 494,-60,-132,80,191,-142,100,
 495,-61,-128,86,160,-123,102,
 496,-55,-128,79,186,-121,102,
 497,-60,-120,80,157,-146,105,
 498,-59,-132,75,189,-116,106,
 499,-63,-124,88,174,-124,101,
 500,-55,-130,84,174,-129,94,
 501,-58,-136,83,173,-125,97,
 502,-63,-131,81,148,-136,97,
 503,-61,-134,77,167,-118,99,
 504,-62,-136,89,159,-127,101,
 505,-62,-131,80,172,-140,108,
 506,-60,-139,78,165,-126,113,
 507,-59,-134,80,157,-114,105,
 508,-58,-134,76,176,-119,111,
 509,-54,-129,87,145,-128,110,
 510,-58,-132,73,179,-114,106,
 511,-54,-128,71,168,-133,107,
 512,-59,-136,81,168,-122,112,
 513,-54,-134,76,151,-144,108,
 514,-55,-136,78,156,-113,103,
 515,-55,-139,78,171,-106,104,
 516,-59,-131,81,148,-120,108,
 517,-60,-131,83,183,-145,106,
 518,-60,-136,75,171,-123,115,
 519,-60,-143,72,163,-121,113,
 520,-62,-136,79,183,-139,113,
 521,-61,-142,82,154,-112,118,
 522,-58,-135,77,176,-133,117,
 523,-58,-152,80,164,-110,122,
 524,-59,-147,74,168,-117,121,
 525,-54,-147,71,165,-138,118,
 526,-58,-125,76,163,-118,115,
 527,-63,-135,76,161,-121,123,
 528,-61,-123,77,152,-120,116,
 529,-56,-148,69,176,-119,115,
 530,-56,-129,74,157,-108,108,
 531,-56,-147,80,169,-124,115,
 532,-58,-140,73,161,-107,111,
 533,-62,-148,73,152,-116,109,
 534,-62,-139,70,162,-128,116,
 535,-53,-147,69,141,-105,115,
 536,-58,-137,65,166,-137,116,
 537,-58,-144,69,164,-119,126,
 538,-58,-139,71,164,-123,124,
 539,-56,-143,69,176,-133,119,
 540,-53,-143,67,144,-115,131,
 541,-53,-142,65,197,-107,120,
 542,-56,-149,71,158,-134,120,
 543,-60,-142,74,174,-134,116,
 544,-54,-147,68,171,-108,118,
 545,-50,-133,75,156,-134,121,
 546,-56,-145,70,186,-125,124,
 547,-60,-134,75,157,-132,117,
 548,-56,-138,71,180,-129,117,
 549,-54,-136,69,142,-101,113,
 550,-57,-143,67,162,-125,118,
 551,-61,-146,67,161,-131,116,
 552,-60,-140,70,154,-111,116,
 553,-52,-150,68,164,-101,111,
 554,-58,-141,66,141,-129,113,
 555,-58,-152,65,172,-115,117,
 556,-59,-138,69,145,-115,105,
 557,-55,-142,71,160,-116,116,
 558,-60,-149,63,164,-94,112,
 559,-61,-143,68,149,-127,112,
 560,-57,-159,67,161,-111,116,
 561,-62,-144,71,131,-107,117,
 562,-58,-133,66,174,-118,116,
 563,-54,-145,70,170,-119,111,
 564,-59,-139,71,155,-106,116,
 565,-61,-146,68,186,-113,114,
 566,-55,-147,67,156,-121,115,
 567,-55,-135,65,181,-111,114,
 568,-61,-147,65,154,-129,125,
 569,-55,-146,59,171,-121,116,
 570,-59,-143,51,166,-127,115,
 571,-56,-144,40,156,-128,108,
 572,-56,-140,26,170,-119,115,
 573,-57,-142,8,147,-124,118,
 574,-53,-148,0,170,-119,114,
 575,-60,-138,-15,165,-123,117,
 576,-57,-157,-27,158,-101,117,
 577,-57,-141,-41,155,-133,107,
 578,-59,-153,-44,149,-117,109,
 579,-54,-144,-43,171,-96,107,
 580,-55,-149,-41,149,-114,117,
 581,-52,-142,-41,165,-100,118,
 582,-52,-152,-38,160,-114,114,
 583,-58,-152,-37,158,-127,116,
 584,-53,-142,-33,159,-100,127,
 585,-59,-143,-34,152,-97,126,
 586,-52,-149,-34,165,-117,123,
 587,-60,-137,-34,164,-115,119,
 588,-56,-150,-36,168,-81,118,
 589,-58,-153,-38,168,-103,127,
 590,-58,-154,-36,148,-123,120,
 591,-61,-152,-38,182,-107,133,
 592,-58,-148,-44,163,-120,122,
 593,-58,-149,-43,156,-105,122,
 594,-57,-156,-42,181,-114,116,
 595,-55,-148,-41,146,-124,116,
 596,-57,-154,-45,176,-102,120,
 597,-55,-157,-46,152,-115,128,
 598,-59,-158,-44,160,-118,127,
 599,-51,-149,-50,158,-114,122,
 600,-57,-143,-44,148,-92,117,
 601,-51,-139,-47,159,-106,117,
 602,-60,-153,-48,143,-120,119,
 603,-54,-149,-46,173,-92,122,
 604,-59,-153,-44,159,-117,136,
 605,-55,-136,-51,150,-108,129,
 606,-55,-139,-48,163,-97,126,
 607,-62,-155,-50,144,-112,125,
 608,-56,-152,-44,169,-115,126,
 609,-59,-155,-44,153,-106,127,
 610,-55,-157,-49,148,-109,114,
 611,-58,-149,-52,179,-113,118,
 612,-54,-151,-49,130,-98,119,
 613,-58,-150,-47,173,-102,117,
 614,-50,-144,-51,165,-119,120,
 615,-54,-161,-48,143,-120,114,
 616,-51,-154,-55,187,-88,125,
 617,-57,-149,-54,141,-117,126,
 618,-50,-151,-50,164,-104,115,
 619,-53,-147,-45,156,-92,116,
 620,-53,-151,-49,161,-114,108,
 621,-50,-154,-44,160,-103,112,
 622,-57,-149,-43,140,-99,112,
 623,-54,-150,-44,166,-104,116,
 624,-58,-146,-41,145,-105,105,
 625,-56,-143,-43,142,-102,117,
 626,-54,-147,-43,162,-88,115,
 627,-60,-153,-42,138,-90,126,
 628,-58,-156,-45,171,-125,124,
 629,-54,-145,-43,156,-101,119,
 630,-54,-151,-47,142,-103,121,
 631,-56,-150,-49,161,-111,125,
 632,-59,-144,-49,137,-98,117,
 633,-53,-151,-43,165,-104,111,
 634,-60,-156,-42,143,-112,113,
 635,-55,-153,-41,146,-96,115,
 636,-57,-155,-43,169,-97,110,
 637,-61,-158,-41,141,-104,108,
 638,-52,-155,-42,163,-110,112,
 639,-57,-158,-43,162,-95,114,
 640,-60,-146,-40,141,-87,113,
 641,-54,-142,-37,179,-101,110,
 642,-59,-153,-39,150,-91,109,
 643,-60,-144,-42,143,-83,108,
 644,-52,-150,-41,177,-103,109,
 645,-59,-157,-46,136,-109,113,
 646,-56,-143,-46,168,-91,113,
 647,-53,-147,-47,154,-88,112,
 648,-57,-145,-50,149,-101,121,
 649,-55,-159,-46,151,-101,122,
 650,-54,-154,-48,135,-91,114,
 651,-55,-151,-46,153,-87,122,
 652,-53,-157,-44,155,-106,117,
 653,-57,-155,-47,148,-89,112,
 654,-57,-161,-45,145,-78,124,
 655,-56,-158,-43,132,-88,118,
 656,-51,-156,-43,149,-103,119,
 657,-55,-160,-42,148,-120,119,
 658,-54,-158,-40,133,-92,118,
 659,-51,-152,-40,166,-81,110,
 660,-55,-146,-40,150,-103,117,
 661,-55,-158,-36,148,-98,113,
 662,-49,-145,-39,160,-84,116,
 663,-55,-146,-39,142,-103,107,
 664,-58,-156,-41,146,-100,110,
 665,-50,-152,-41,154,-89,113,
 666,-53,-149,-43,134,-87,125,
 667,-59,-155,-42,158,-92,120,
 668,-56,-155,-40,155,-97,120,
 669,-52,-157,-38,145,-96,124,
 670,-58,-151,-37,167,-85,126,
 671,-55,-156,-37,142,-88,124,
 672,-53,-162,-37,148,-86,116,
 673,-55,-154,-40,164,-99,120,
 674,-57,-153,-36,131,-93,116,
 675,-53,-155,-33,163,-75,117,
 676,-51,-160,-36,142,-90,113,
 677,-58,-152,-36,141,-109,117,
 678,-58,-149,-32,144,-95,118,
 679,-53,-157,-35,130,-77,114,
 680,-54,-159,-31,144,-92,108,
 681,-61,-154,-33,143,-93,115,
 682,-54,-154,-38,129,-93,115,
 683,-54,-148,-31,151,-82,103,
 684,-57,-153,-36,145,-84,111,
 685,-57,-148,-34,120,-87,105,
 686,-53,-151,-32,142,-97,103,
 687,-54,-157,-36,136,-94,106,
 688,-56,-170,-25,134,-90,113,
 689,-54,-154,-32,147,-87,115,
 690,-51,-156,-36,135,-85,110,
 691,-57,-149,-30,152,-91,110,
 692,-58,-167,-34,154,-83,119,
 693,-50,-168,-29,124,-88,117,
 694,-51,-165,-32,145,-87,126,
 695,-59,-156,-33,156,-83,124,
 696,-57,-149,-31,127,-87,120,
 697,-56,-158,-28,157,-81,111,
 698,-50,-158,-28,149,-68,115,
 699,-56,-150,-29,129,-76,113,
 700,-60,-159,-28,151,-87,117,
 701,-53,-156,-26,146,-88,111,
 702,-51,-160,-26,137,-90,112,
 703,-53,-155,-30,148,-80,109,
 704,-56,-165,-26,131,-82,107,
 705,-56,-157,-23,131,-78,120,
 706,-51,-164,-30,150,-84,112,
 707,-52,-161,-28,130,-86,118,
 708,-57,-151,-33,131,-79,112,
 709,-51,-146,-30,156,-87,113,
 710,-51,-161,-32,135,-78,113,
 711,-51,-153,-28,137,-85,113,
 712,-53,-148,-28,153,-80,118,
 713,-56,-163,-30,136,-76,127,
 714,-51,-156,-28,141,-85,123,
 715,-52,-154,-24,148,-85,124,
 716,-57,-178,-23,136,-87,119,
 717,-55,-155,-22,149,-78,116,
 718,-56,-166,-20,145,-72,117,
 719,-50,-167,-15,129,-80,123,
 720,-56,-158,-6,142,-79,122,
 721,-57,-161,3,153,-90,123,
 722,-53,-167,16,144,-71,118,
 723,-51,-161,31,136,-81,110,
 724,-56,-156,47,163,-78,109,
 725,-56,-153,60,128,-70,112,
 726,-54,-165,73,139,-82,111,
 727,-48,-158,90,162,-87,104,
 728,-51,-162,98,132,-87,107,
 729,-59,-150,108,135,-69,99,
 730,-53,-166,109,149,-69,110,
 731,-52,-163,104,126,-67,106,
 732,-58,-156,105,143,-72,106,
 733,-59,-145,104,140,-78,99,
 734,-62,-159,103,130,-66,103,
 735,-56,-156,102,132,-70,98,
 736,-53,-164,100,149,-73,99,
 737,-57,-154,103,128,-71,103,
 738,-52,-159,108,131,-69,114,
 739,-51,-169,109,139,-73,108,
 740,-50,-162,103,124,-64,113,
 741,-50,-167,106,124,-69,104,
 742,-54,-160,109,140,-63,105,
 743,-49,-169,107,133,-70,102,
 744,-49,-168,105,135,-83,103,
 745,-50,-170,110,146,-76,111,
 746,-55,-161,114,135,-68,106,
 747,-56,-154,113,114,-71,110,
 748,-52,-151,116,137,-70,105,
 749,-57,-169,112,148,-61,99,
 750,-59,-152,112,119,-68,95,
 751,-55,-163,110,150,-60,102,
 752,-53,-170,111,159,-65,95,
 753,-56,-178,123,133,-61,106,
 754,-57,-152,121,130,-61,104,
 755,-53,-155,120,150,-65,99,
 756,-47,-168,120,138,-60,97,
 757,-53,-163,112,128,-75,96,
 758,-55,-152,123,142,-62,94,
 759,-49,-161,118,140,-57,97,
 760,-49,-167,116,130,-55,92,
 761,-48,-163,120,146,-59,94,
 762,-53,-162,118,129,-69,97,
 763,-55,-165,126,121,-58,95,
 764,-51,-171,124,137,-54,98,
 765,-53,-163,126,144,-48,90,
 766,-59,-157,123,120,-59,91,
 767,-55,-165,126,132,-48,91,
 768,-59,-166,126,131,-50,96,
 769,-58,-175,118,121,-63,94,
 770,-56,-160,116,117,-46,97,
 771,-52,-161,128,143,-45,103,
 772,-54,-169,128,123,-49,109,
 773,-55,-147,124,112,-55,100,
 774,-55,-145,127,125,-57,108,
 775,-48,-155,121,136,-49,98,
 776,-50,-168,129,128,-49,99,
 777,-58,-159,132,128,-45,109,
 778,-51,-164,128,136,-49,98,
 779,-50,-168,133,129,-47,107,
 780,-50,-171,133,119,-50,105,
 781,-56,-176,135,139,-44,104,
 782,-56,-178,132,134,-47,95,
 783,-54,-158,133,129,-43,97,
 784,-55,-161,135,121,-44,88,
 785,-58,-166,137,138,-45,93,
 786,-53,-153,135,142,-37,91,
 787,-54,-156,129,117,0,95,
 788,-59,-158,138,142,36,90,
 789,-57,-153,131,146,42,94,
 790,-49,-170,137,124,64,89,
 791,-52,-160,133,119,69,96,
 792,-55,-151,125,144,58,92,
 793,-49,-169,134,139,56,92,
 794,-50,-170,135,116,55,94,
 795,-53,-168,141,139,66,95,
 796,-54,-169,133,150,68,96,
 797,-49,-175,138,133,68,99,
 798,-53,-171,145,119,78,95,
 799,-53,-164,143,134,86,102,
 800,-49,-165,137,127,70,100,
 801,-52,-156,142,119,68,97,
 802,-58,-158,140,123,61,97,
 803,-52,-176,141,138,72,100,
 804,-55,-165,134,127,81,95,
 805,-56,-160,148,108,77,90,
 806,-48,-168,140,132,70,92,
 807,-52,-183,147,124,82,98,
 808,-54,-170,136,117,80,96,
 809,-45,-168,148,118,80,96,
 810,-49,-175,135,137,82,94,
 811,-54,-163,145,124,77,91,
 812,-48,-167,136,117,87,95,
 813,-53,-182,134,123,86,99,
 814,-59,-161,140,130,83,98,
 815,-54,-153,134,128,86,98,
 816,-54,-175,143,110,92,92,
 817,-50,-166,144,113,82,97,
 818,-56,-165,151,133,89,92,
 819,-54,-175,153,122,88,91,
 820,-57,-168,152,116,93,97,
 821,-56,-171,155,122,91,94,
 822,-51,-172,150,140,87,93,
 823,-52,-185,148,129,96,97,
 824,-56,-162,148,118,96,99,
 825,-51,-172,142,132,98,101,
 826,-54,-172,146,141,89,99,
 827,-53,-165,147,136,89,103,
 828,-56,-172,148,114,86,109,
 829,-55,-185,155,125,87,112,
 830,-55,-157,154,134,91,110,
 831,-51,-176,148,131,96,104,
 832,-59,-167,148,122,93,98,
 833,-56,-163,151,112,95,100,
 834,-52,-182,152,132,96,98,
 835,-57,-176,150,128,82,98,
 836,-55,-170,150,114,93,98,
 837,-53,-181,149,122,93,107,
 838,-56,-184,154,134,90,100,
 839,-56,-173,157,114,98,100,
 840,-52,-176,156,116,103,102,
 841,-60,-179,143,123,94,95,
 842,-50,-170,150,126,88,95,
 843,-51,-179,147,115,87,95,
 844,-56,-173,159,105,98,97,
 845,-49,-169,155,111,94,89,
 846,-55,-177,151,126,97,92,
 847,-56,-173,150,123,89,92,
 848,-49,-169,155,110,91,96,
 849,-54,-179,153,110,93,91,
 850,-52,-161,157,117,98,92,
 851,-53,-176,154,123,105,86,
 852,-55,-179,154,120,97,83,
 853,-50,-156,165,107,100,90,
 854,-57,-175,156,105,95,87,
 855,-52,-158,156,115,101,87,
 856,-52,-159,156,118,100,89,
 857,-56,-175,161,116,111,90,
 858,-54,-179,166,121,104,79,
 859,-57,-168,162,120,104,82,
 860,-49,-185,156,118,93,79,
 861,-50,-171,146,111,96,85,
 862,-49,-173,159,121,104,84,
 863,-55,-183,156,134,100,83,
 864,-54,-169,163,127,108,77,
 865,-55,-171,159,117,96,81,
 866,-57,-169,157,108,99,83,
 867,-53,-165,160,128,93,83,
 868,-59,-185,155,143,97,86,
 869,-53,-161,150,128,106,83,
 870,-55,-168,149,111,97,82,
 871,-52,-184,161,116,98,79,
 872,-58,-168,156,126,102,84,
 873,-49,-166,153,133,106,83,
 874,-55,-162,152,109,107,79,
 875,-54,-155,165,114,99,83,
 876,-51,-172,159,122,85,85,
 877,-56,-167,170,124,100,83,
 878,-52,-161,172,128,114,83,
 879,-59,-187,158,123,109,83,
 880,-54,-170,163,118,91,85,
 881,-55,-179,151,120,100,77,
 882,-56,-184,161,118,104,79,
 883,-60,-167,167,118,108,79,
 884,-57,-179,158,108,108,82,
 885,-51,-186,164,113,112,84,
 886,-57,-161,173,127,101,84,
 887,-48,-181,168,121,105,88,
 888,-55,-166,165,119,108,89,
 889,-54,-161,165,110,109,88,
 890,-56,-178,174,129,106,83,
 891,-49,-171,170,132,113,78,
 892,-52,-186,170,115,99,85,
 893,-56,-175,165,112,97,88,
 894,-50,-175,170,114,109,87,
 895,-54,-185,172,120,110,88,
 896,-53,-161,172,117,109,89,
 897,-59,-170,169,104,102,83,
 898,-50,-173,170,101,99,81,
 899,-56,-179,174,122,100,86,
 900,-56,-191,171,115,107,83,
 901,-58,-176,182,121,132,84,
 902,-48,-174,178,113,112,88,
 903,-54,-173,172,108,90,86,
 904,-53,-174,173,119,103,87,
 905,-58,-179,168,128,92,86,
 906,-53,-155,170,121,99,83,
 907,-55,-169,165,115,102,86,
 908,-52,-184,165,107,102,91,
 909,-57,-176,156,114,104,87,
 910,-50,-185,168,119,115,90,
 911,-54,-177,174,132,115,88,
 912,-51,-168,166,134,112,90,
 913,-58,-190,173,108,110,90,
 914,-50,-170,159,117,113,87,
 915,-57,-180,177,126,107,93,
 916,-55,-182,166,133,118,88,
 917,-53,-166,172,117,93,86,
 918,-58,-171,158,102,94,87,
 919,-50,-165,166,119,98,81,
 920,-56,-179,171,132,103,87,
 921,-50,-174,170,126,120,83,
 922,-54,-167,173,116,114,87,
 923,-49,-176,168,102,96,86,
 924,-53,-178,168,109,108,88,
 925,-50,-176,173,125,106,86,
 926,-54,-185,172,127,116,84,
 927,-48,-171,165,106,115,88,
 928,-56,-176,176,99,92,86,
 929,-49,-174,175,109,104,93,
 930,-57,-171,165,120,102,85,
 931,-49,-187,173,121,98,88,
 932,-55,-173,170,117,110,88,
 933,-50,-173,165,112,107,91,
 934,-56,-181,167,104,104,95,
 935,-52,-180,170,114,110,91,
 936,-56,-190,167,127,105,92,
 937,-52,-184,182,113,128,84,
 938,-58,-168,179,118,103,88,
 939,-50,-176,183,105,120,86,
 940,-51,-168,177,112,109,81,
 941,-53,-173,182,111,101,88,
 942,-52,-162,179,113,101,87,
 943,-56,-159,167,106,90,93,
 944,-57,-182,169,104,111,97,
 945,-50,-166,173,110,103,95,
 946,-56,-173,161,118,112,98,
 947,-57,-179,169,115,103,93,
 948,-59,-171,171,111,111,96,
 949,-49,-188,181,110,117,100,
 950,-51,-180,176,102,109,96,
 951,-52,-174,178,105,125,102,
 952,-59,-182,181,130,97,105,
 953,-50,-177,188,110,103,102,
 954,-57,-174,173,109,113,105,
 955,-51,-183,177,94,102,100,
 956,-52,-169,182,109,103,96,
 957,-49,-189,175,127,97,100,
 958,-60,-165,183,122,124,94,
 959,-56,-170,182,109,98,98,
 960,-50,-153,167,104,66,102,
 961,-55,-155,166,112,55,97,
 962,-52,-177,159,120,87,95,
 963,-51,-158,170,125,99,94,
 964,-44,-169,170,117,112,93,
 965,-44,-171,176,116,98,96,
 966,-48,-171,166,118,104,91,
 967,-50,-174,183,119,95,95,
 968,-47,-178,182,138,108,95,
 969,-49,-169,181,130,119,97,
 970,-54,-179,187,117,121,95,
 971,-57,-162,181,115,111,90,
 972,-55,-171,187,109,109,89,
 973,-49,-179,174,126,117,89,
 974,-57,-173,176,136,100,92,
 975,-55,-168,192,132,108,96,
 976,-57,-191,184,108,101,96,
 977,-50,-170,194,106,118,96,
 978,-57,-186,194,117,112,92,
 979,-50,-175,185,113,115,95,
 980,-56,-175,181,120,100,89,
 981,-48,-184,185,113,112,91,
 982,-50,-175,187,115,118,95,
 983,-51,-168,183,96,111,93,
 984,-52,-181,177,109,99,86,
 985,-58,-169,180,127,102,90,
 986,-49,-182,178,123,106,89,
 987,-54,-166,189,110,101,91,
 988,-52,-179,183,109,112,92,
 989,-55,-188,178,109,105,93,
 990,-52,-191,192,121,118,87,
 991,-55,-166,181,112,102,85,
 992,-53,-180,195,96,111,89,
 993,-59,-184,195,105,104,88,
 994,-58,-178,195,118,116,90,
 995,-57,-171,192,111,88,88,
 996,-52,-190,188,113,105,80,
 997,-60,-178,184,118,117,84,
 998,-60,-185,186,108,118,87,
 999,-49,-185,184,99,97,85,
 1000,-55,-165,193,107,92,90,
 1001,-52,-173,182,114,97,84,
 1002,-53,-173,186,112,110,85,
 1003,-54,-163,178,112,116,90,
 1004,-48,-184,181,106,99,85,
 1005,-55,-170,182,109,96,83,
 1006,-51,-158,174,100,101,87,
 1007,-55,-188,177,112,103,90,
 1008,-48,-175,190,110,106,85,
 1009,-49,-173,182,114,131,84,
 1010,-53,-179,193,107,98,90,
 1011,-48,-157,188,104,94,87,
 1012,-56,-171,180,116,85,90,
 1013,-50,-178,182,111,96,85,
 1014,-55,-168,178,117,99,89,
 1015,-57,-175,185,122,121,88,
 1016,-53,-180,193,113,86,88,
 1017,-54,-181,185,112,87,85,
 1018,-51,-183,182,119,84,86,
 1019,-55,-185,178,122,93,94,
 1020,-57,-163,187,123,117,95,
 1021,-52,-169,180,118,106,97,
 1022,-56,-183,186,115,131,92,
 1023,-50,-158,194,116,99,90,
 1024,-56,-176,189,120,112,97,
 1025,-50,-177,188,132,99,91,
 1026,-58,-177,190,128,124,95,
 1027,-51,-169,188,124,103,98,
 1028,-53,-170,196,112,119,98,
 1029,-54,-171,200,116,95,98,
 1030,-52,-174,196,121,109,102,
 1031,-52,-186,182,132,102,97,
 1032,-54,-196,190,132,114,99,
 1033,-55,-173,183,122,96,110,
 1034,-52,-179,195,118,109,110,
 1035,-57,-169,188,122,107,109,
 1036,-50,-158,187,128,103,106,
 1037,-53,-181,183,117,100,105,
 1038,-49,-186,191,118,97,112,
 1039,-55,-180,191,128,115,107,
 1040,-49,-179,186,112,112,108,
 1041,-46,-175,185,116,110,116,
 1042,-52,-174,197,121,97,111,
 1043,-50,-148,188,125,105,109,
 1044,-56,-167,187,116,112,108,
 1045,-52,-181,191,120,100,110,
 1046,-53,-169,189,111,103,112,
 1047,-49,-160,187,117,94,109,
 1048,-55,-172,184,122,115,111,
 1049,-47,-159,187,109,106,112,
 1050,-52,-164,186,112,121,106,
 1051,-50,-174,186,116,100,107,
 1052,-56,-168,187,115,109,114,
 1053,-47,-169,186,126,87,106,
 1054,-54,-158,189,122,108,106,
 1055,-55,-174,178,113,129,106,
 1056,-49,-174,185,112,100,110,
 1057,-54,-163,187,110,82,109,
 1058,-47,-164,182,118,80,104,
 1059,-52,-175,173,113,111,105,
 1060,-50,-167,179,119,92,105,
 1061,-52,-156,181,112,91,105,
 1062,-57,-170,178,117,98,102,
 1063,-54,-182,185,120,91,108,
 1064,-53,-173,190,117,114,103,
 1065,-51,-163,181,119,102,104,
 1066,-57,-179,198,108,123,110,
 1067,-48,-169,186,112,100,110,
 1068,-52,-174,188,111,85,106,
 1069,-51,-171,186,126,102,110,
 1070,-56,-188,187,122,85,109,
 1071,-55,-177,193,117,102,107,
 1072,-54,-162,183,112,83,106,
 1073,-52,-174,184,118,102,110,
 1074,-54,-181,194,127,110,113,
 1075,-52,-183,189,127,99,108,
 1076,-55,-173,188,142,103,110,
 1077,-52,-172,190,127,91,112,
 1078,-55,-174,187,123,101,123,
 1079,-56,-171,179,114,73,122,
 1080,-47,-163,187,119,99,117,
 1081,-53,-170,192,139,92,113,
 1082,-51,-177,187,146,97,114,
 1083,-55,-163,183,130,102,112,
 1084,-47,-176,192,109,88,116,
 1085,-52,-171,199,130,106,106,
 1086,-51,-169,192,128,90,97,
 1087,-53,-167,196,134,105,99,
 1088,-47,-169,180,122,106,95,
 1089,-53,-169,183,114,88,98,
 1090,-55,-169,190,118,103,102,
 1091,-50,-171,187,126,93,107,
 1092,-54,-181,193,133,128,102,
 1093,-51,-160,189,116,117,98,
 1094,-53,-157,196,103,97,102,
 1095,-49,-169,195,113,83,101,
 1096,-53,-165,194,132,81,106,
 1097,-49,-167,194,122,104,105,
 1098,-55,-170,188,115,97,104,
 1099,-50,-171,191,112,114,108,
 1100,-47,-179,181,117,108,111,
 1101,-52,-176,185,113,80,108,
 1102,-51,-158,186,118,96,107,
 1103,-52,-156,187,124,77,105,
 1104,-53,-172,185,106,82,108,
 1105,-50,-173,188,110,93,109,
 1106,-54,-171,195,109,107,110,
 1107,-49,-156,191,118,118,110,
 1108,-51,-161,187,113,120,114,
 1109,-51,-171,179,119,124,112,
 1110,-53,-168,185,124,95,109,
 1111,-54,-175,190,117,102,123,
 1112,-51,-171,181,113,102,114,
 1113,-54,-166,191,125,110,113,
 1114,-47,-182,185,127,92,112,
 1115,-55,-176,186,117,96,111,
 1116,-48,-168,178,111,91,109,
 1117,-55,-161,191,110,85,116,
 1118,-54,-168,180,115,98,118,
 1119,-52,-175,188,122,94,108,
 1120,-52,-172,186,120,100,112,
 1121,-46,-165,184,118,91,110,
 1122,-52,-175,190,106,98,108,
 1123,-52,-174,185,119,90,118,
 1124,-54,-170,188,127,92,121,
 1125,-49,-172,194,130,110,118,
 1126,-49,-177,196,121,98,113,
 1127,-54,-177,185,111,103,124,
 1128,-47,-170,191,126,97,125,
 1129,-52,-156,182,131,104,128,
 1130,-52,-170,193,135,101,125,
 1131,-48,-162,191,140,93,126,
 1132,-52,-178,196,126,110,133,
 1133,-49,-177,183,118,86,125,
 1134,-47,-170,190,124,100,121,
 1135,-47,-168,188,146,93,128,
 1136,-52,-166,183,140,96,125,
 1137,-56,-174,190,125,93,125,
 1138,-47,-169,188,124,82,114,
 1139,-54,-176,195,125,88,117,
 1140,-50,-170,182,137,71,117,
 1141,-52,-160,190,127,93,117,
 1142,-52,-171,188,119,84,122,
 1143,-49,-170,184,113,103,129,
 1144,-50,-174,183,118,97,121,
 1145,-48,-172,194,139,86,124,
 1146,-53,-168,197,129,102,121,
 1147,-53,-165,200,116,72,124,
 1148,-46,-161,194,115,78,131,
 1149,-55,-165,189,112,77,130,
 1150,-51,-168,190,117,89,118,
 1151,-49,-169,195,130,109,123,
 1152,-55,-175,188,127,109,127,
 1153,-51,-172,184,119,106,130,
 1154,-52,-180,191,106,85,129,
 1155,-52,-167,191,125,100,125,
 1156,-48,-173,181,132,93,120,
 1157,-56,-165,178,114,88,131,
 1158,-55,-170,187,115,91,124,
 1159,-50,-172,191,112,93,120,
 1160,-49,-171,187,122,102,127,
 1161,-52,-177,182,123,99,114,
 1162,-51,-174,184,122,106,122,
 1163,-49,-171,185,117,80,115,
 1164,-52,-163,192,108,96,115,
 1165,-47,-160,190,125,82,126,
 1166,-47,-157,184,129,86,117,
 1167,-51,-159,182,124,70,130,
 1168,-50,-167,192,119,97,127,
 1169,-45,-162,194,115,93,123,
 1170,-52,-161,189,119,104,120,
 1171,-53,-167,186,131,101,120,
 1172,-45,-164,196,124,78,128,
 1173,-48,-160,193,116,106,129,
 1174,-51,-161,192,113,98,138,
 1175,-45,-167,194,120,105,125,
 1176,-49,-165,194,120,78,127,
 1177,-54,-166,192,123,92,130,
 1178,-48,-171,191,131,80,128,
 1179,-48,-168,188,112,90,121,
 1180,-49,-165,183,106,86,127,
 1181,-53,-171,187,128,92,118,
 1182,-46,-163,191,137,97,127,
 1183,-45,-165,183,142,84,117,
 1184,-50,-163,187,132,91,131,
 1185,-55,-174,183,120,75,118,
 1186,-46,-169,190,124,95,130,
 1187,-47,-173,191,135,71,143,
 1188,-52,-174,185,135,106,128,
 1189,-53,-167,190,130,91,126,
 1190,-50,-166,183,117,95,132,
 1191,-52,-169,188,128,88,127,
 1192,-52,-181,193,133,78,134,
 1193,-55,-170,180,132,73,128,
 1194,-48,-165,184,121,85,127,
 1195,-49,-168,184,121,97,132,
 1196,-54,-158,176,114,97,126,
 1197,-50,-163,186,124,106,125,
 1198,-48,-163,189,125,100,122,
 1199,-49,-165,189,123,96,122,
 1200,-53,-171,193,121,81,128,
 1201,-54,-170,195,122,100,125,
 1202,-47,-168,190,118,86,128,
 1203,-49,-165,182,127,95,122,
 1204,-56,-182,179,109,76,119,
 1205,-53,-163,187,117,84,125,
 1206,-52,-171,185,117,75,132,
 1207,-50,-168,187,124,91,129,
 1208,-52,-154,191,122,81,128,
 1209,-55,-167,193,118,76,119,
 1210,-48,-172,188,119,79,119,
 1211,-46,-165,181,121,75,122,
 1212,-46,-167,187,132,78,126,
 1213,-52,-170,191,125,86,124,
 1214,-55,-166,189,124,70,122,
 1215,-50,-169,189,113,88,120,
 1216,-47,-163,180,108,104,119,
 1217,-47,-165,190,123,103,120,
 1218,-50,-161,186,120,92,118,
 1219,-54,-170,179,126,78,117,
 1220,-51,-161,192,120,87,118,
 1221,-48,-176,181,113,92,124,
 1222,-46,-163,192,125,92,117,
 1223,-45,-171,187,126,87,127,
 1224,-52,-164,188,124,90,127,
 1225,-52,-170,184,122,91,124,
 1226,-52,-160,186,119,83,122,
 1227,-49,-160,186,128,93,124,
 1228,-47,-159,187,128,98,126,
 1229,-50,-161,179,120,79,129,
 1230,-53,-169,192,120,84,133,
 1231,-52,-169,183,127,83,133,
 1232,-48,-157,188,131,88,130,
 1233,-46,-174,194,126,79,127,
 1234,-48,-173,185,131,80,131,
 1235,-49,-161,191,140,88,131,
 1236,-51,-166,194,129,92,122,
 1237,-49,-157,194,129,73,119,
 1238,-48,-169,184,133,80,118,
 1239,-46,-153,178,130,54,124,
 1240,-47,-165,191,129,69,114,
 1241,-47,-172,188,128,59,132,
 1242,-49,-165,174,117,79,127,
 1243,-51,-179,182,128,92,128,
 1244,-51,-178,193,143,92,126,
 1245,-52,-168,200,129,87,136,
 1246,-49,-172,188,120,86,124,
 1247,-48,-165,188,118,90,119,
 1248,-47,-167,194,129,77,126,
 1249,-47,-170,195,131,92,119,
 1250,-47,-171,192,130,83,121,
 1251,-50,-161,192,115,94,122,
 1252,-51,-176,191,120,79,128,
 1253,-51,-174,197,121,82,131,
 1254,-53,-160,181,122,70,126,
 1255,-50,-165,186,113,85,120,
 1256,-53,-165,194,115,80,118,
 1257,-50,-160,197,103,88,120,
 1258,-49,-171,190,117,70,114,
 1259,-47,-168,192,121,86,128,
 1260,-49,-166,189,113,59,109,
 1261,-47,-167,186,100,70,112,
 1262,-49,-167,189,113,85,121,
 1263,-50,-170,182,118,68,120,
 1264,-49,-162,192,122,81,119,
 1265,-49,-162,187,125,75,119,
 1266,-49,-172,189,115,83,121,
 1267,-51,-175,195,112,82,124,
 1268,-51,-165,189,112,82,116,
 1269,-52,-167,191,117,70,119,
 1270,-48,-175,185,123,92,112,
 1271,-51,-175,194,120,87,122,
 1272,-47,-160,193,116,85,120,
 1273,-49,-169,190,109,80,120,
 1274,-46,-175,185,117,74,116,
 1275,-46,-179,190,125,81,114,
 1276,-47,-167,194,125,69,114,
 1277,-45,-171,198,120,87,114,
 1278,-46,-176,196,113,84,126,
 1279,-46,-180,197,113,82,124,
 1280,-47,-183,188,116,85,121,
 1281,-47,-175,191,125,76,124,
 1282,-48,-174,184,114,85,120,
 1283,-48,-186,192,116,75,126,
 1284,-50,-177,186,105,77,129,
 1285,-50,-176,186,123,70,124,
 1286,-50,-176,192,136,79,124,
 1287,-47,-172,195,138,74,123,
 1288,-47,-176,195,126,65,129,
 1289,-48,-176,195,107,76,127,
 1290,-52,-157,185,117,76,116,
 1291,-50,-165,192,130,93,126,
 1292,-51,-182,187,134,79,122,
 1293,-50,-178,190,137,88,118,
 1294,-53,-166,194,127,68,116,
 1295,-52,-175,195,123,78,117,
 1296,-53,-178,194,122,68,114,
 1297,-53,-180,183,130,63,106,
 1298,-53,-189,193,128,85,112,
 1299,-50,-174,198,121,79,117,
 1300,-50,-180,199,127,78,116,
 1301,-49,-194,196,128,95,111,
 1302,-52,-185,196,130,73,118,
 1303,-51,-177,191,131,74,124,
 1304,-51,-186,184,114,73,123,
 1305,-51,-184,193,122,81,112,
 1306,-51,-190,191,113,69,113,
 1307,-51,-185,189,124,68,112,
 1308,-54,-180,198,117,75,106,
 1309,-51,-183,203,122,70,103,
 1310,-52,-193,194,104,71,107,
 1311,-50,-183,187,104,67,101,
 1312,-50,-186,190,102,69,105,
 1313,-49,-185,183,114,61,112,
 1314,-52,-193,188,128,55,109,
 1315,-49,-181,189,114,59,104,
 1316,-50,-181,193,112,75,102,
 1317,-49,-188,189,99,92,106,
 1318,-51,-191,194,121,77,106,
 1319,-50,-181,185,133,75,94,
 1320,-52,-188,196,132,83,102,
 1321,-50,-204,189,113,66,99,
 1322,-48,-191,203,115,81,100,
 1323,-45,-187,194,104,80,104,
 1324,-49,-185,203,123,84,105,
 1325,-47,-193,203,122,94,105,
 1326,-46,-185,196,116,72,102,
 1327,-44,-187,191,119,78,108,
 1328,-45,-194,199,125,77,108,
 1329,-44,-191,197,118,61,106,
 1330,-46,-182,193,122,81,101,
 1331,-46,-197,196,125,81,102,
 1332,-46,-192,197,120,76,110,
 1333,-46,-189,195,117,77,101,
 1334,-48,-190,190,113,64,99,
 1335,-50,-193,185,117,71,95,
 1336,-48,-189,189,122,79,97,
 1337,-49,-204,198,118,73,105,
 1338,-50,-194,195,126,74,95,
 1339,-51,-188,189,118,67,97,
 1340,-50,-191,189,115,76,101,
 1341,-49,-183,191,118,82,103,
 1342,-48,-181,201,121,70,98,
 1343,-46,-190,199,132,73,98,
 1344,-44,-182,195,142,66,98,
 1345,-46,-195,200,125,70,96,
 1346,-48,-187,204,109,78,97,
 1347,-46,-192,197,112,83,103,
 1348,-45,-195,197,118,72,102,
 1349,-46,-190,206,135,77,101,
 1350,-46,-202,197,131,73,101,
 1351,-50,-181,207,123,64,105,
 1352,-52,-194,196,112,76,105,
 1353,-52,-190,203,120,81,96,
 1354,-51,-183,191,119,69,98,
 1355,-48,-193,202,130,73,105,
 1356,-49,-184,210,118,79,107,
 1357,-50,-192,202,119,64,102,
 1358,-48,-188,207,107,66,102,
 1359,-48,-190,203,109,72,98,
 1360,-46,-190,201,123,61,100,
 1361,-45,-193,203,118,72,96,
 1362,-46,-200,203,116,68,96,
 1363,-45,-176,203,111,66,102,
 1364,-47,-190,204,116,78,97,
 1365,-50,-190,194,114,83,104,
 1366,-51,-193,202,112,70,102,
 1367,-50,-193,201,116,80,104,
 1368,-51,-192,202,112,69,95,
 1369,-50,-195,205,108,72,104,
 1370,-50,-188,204,106,83,97,
 1371,-50,-195,202,108,79,98,
 1372,-48,-193,196,105,87,94,
 1373,-48,-193,201,113,85,93,
 1374,-47,-197,198,110,74,99,
 1375,-47,-193,202,104,69,93,
 1376,-47,-202,195,104,81,93,
 1377,-46,-197,201,114,64,98,
 1378,-51,-191,193,106,71,92,
 1379,-53,-195,200,118,86,91,
 1380,-52,-189,195,106,66,90,
 1381,-49,-189,203,108,61,90,
 1382,-49,-190,207,112,70,88,
 1383,-48,-198,203,118,67,83,
 1384,-51,-204,199,104,62,85,
 1385,-47,-194,204,106,59,86,
 1386,-46,-196,194,121,63,85,
 1387,-46,-196,195,115,63,85,
 1388,-45,-198,198,113,71,83,
 1389,-43,-196,198,107,61,87,
 1390,-47,-187,198,102,53,87,
 1391,-49,-200,192,100,55,88,
 1392,-49,-197,206,112,76,83,
 1393,-48,-203,196,114,64,90,
 1394,-49,-199,204,127,78,88,
 1395,-49,-199,200,112,74,88,
 1396,-47,-199,201,114,67,89,
 1397,-50,-200,201,114,66,92,
 1398,-50,-202,201,111,63,85,
 1399,-47,-189,203,104,70,82,
 1400,-50,-207,207,108,68,85,
 1401,-44,-207,200,119,67,88,
 1402,-43,-203,202,124,82,85,
 1403,-45,-201,201,119,75,82,
 1404,-45,-204,208,115,79,86,
 1405,-45,-199,211,111,77,90,
 1406,-47,-194,206,114,75,89,
 1407,-46,-200,201,117,78,85,
 1408,-47,-202,207,124,68,85,
 1409,-47,-195,203,121,73,82,
 1410,-49,-204,199,117,66,81,
 1411,-48,-197,205,117,58,84,
 1412,-50,-204,197,110,71,88,
 1413,-48,-204,198,118,74,83,
 1414,-49,-197,209,122,61,79,
 1415,-49,-201,203,123,71,75,
 1416,-50,-198,193,118,69,79,
 1417,-50,-202,201,133,74,75,
 1418,-49,-211,208,120,70,78,
 1419,-47,-205,211,119,80,75,
 1420,-47,-197,198,114,76,80,
 1421,-47,-200,206,116,79,75,
 1422,-48,-207,216,119,78,76,
 1423,-49,-209,204,120,72,74,
 1424,-47,-210,214,122,67,70,
 1425,-47,-213,210,113,70,67,
 1426,-50,-196,205,116,74,67,
 1427,-48,-210,208,104,83,66,
 1428,-49,-203,205,112,74,66,
 1429,-52,-201,200,112,72,58,
 1430,-49,-209,211,116,80,35,
 1431,-50,-206,204,129,74,14,
 1432,-49,-208,202,117,68,-20,
 1433,-48,-195,193,103,65,-46,
 1434,-48,-205,199,101,71,-57,
 1435,-51,-211,201,110,74,-50,
 1436,-50,-201,196,112,65,-70,
 1437,-52,-211,206,106,67,-79,
 1438,-49,-221,210,113,76,-90,
 1439,-52,-205,209,113,74,-85,
 1440,-51,-211,203,105,77,-86,
 1441,-52,-216,210,101,72,-80,
 1442,-52,-210,212,106,73,-83,
 1443,-54,-222,209,109,74,-80,
 1444,-54,-223,209,104,66,-84,
 1445,-53,-208,202,111,73,-87,
 1446,-51,-214,210,107,71,-85,
 1447,-54,-196,212,110,67,-88,
 1448,-51,-207,203,101,74,-90,
 1449,-51,-207,210,102,85,-90,
 1450,-50,-204,210,102,79,-90,
 1451,-51,-208,214,95,74,-91,
 1452,-50,-205,205,109,74,-92,
 1453,-50,-205,211,110,72,-91,
 1454,-50,-214,203,105,68,-96,
 1455,-47,-214,201,107,72,-92,
 1456,-46,-212,196,100,71,-90,
 1457,-46,-231,212,100,87,-93,
 1458,-46,-208,207,110,79,-99,
 1459,-47,-207,214,96,74,-101,
 1460,-45,-210,209,109,72,-100,
 1461,-46,-218,210,109,78,-99,
 1462,-46,-226,204,104,76,-103,
 1463,-45,-224,214,116,73,-110,
 1464,-46,-215,212,104,73,-102,
 1465,-50,-213,220,108,80,-109,
 1466,-53,-216,217,94,77,-106,
 1467,-51,-219,219,96,73,-104,
 1468,-54,-216,208,101,74,-105,
 1469,-52,-226,202,101,70,-106,
 1470,-54,-213,199,110,70,-108,
 1471,-52,-219,206,103,64,-111,
 1472,-47,-225,207,98,62,-113,
 1473,-47,-215,202,96,66,-113,
 1474,-45,-207,212,107,77,-110,
 1475,-50,-213,205,95,73,-113,
 1476,-50,-218,209,99,67,-111,
 1477,-52,-221,206,102,62,-113,
 1478,-51,-222,211,101,63,-119,
 1479,-54,-217,211,107,68,-115,
 1480,-51,-221,200,104,71,-115,
 1481,-52,-212,215,111,67,-119,
 1482,-48,-206,214,111,75,-112,
 1483,-47,-216,207,110,77,-112,
 1484,-49,-208,211,101,65,-114,
 1485,-50,-213,214,100,67,-116,
 1486,-56,-224,211,104,79,-117,
 1487,-51,-211,212,100,70,-121,
 1488,-52,-205,211,106,66,-122,
 1489,-47,-214,212,112,74,-132,
 1490,-48,-225,210,120,79,-126,
 1491,-52,-223,215,116,81,-127,
 1492,-54,-226,214,127,78,-115,
 1493,-54,-221,220,123,67,-114,
 1494,-52,-225,212,119,72,-116,
 1495,-49,-227,213,109,73,-119,
 1496,-54,-208,217,103,68,-135,
 1497,-54,-220,216,99,71,-127,
 1498,-49,-218,211,116,71,-118,
 1499,-48,-219,214,124,77,-122,
 1500,-51,-213,210,118,71,-125,
 1501,-57,-227,215,116,76,-119,
 1502,-51,-221,206,118,66,-115,
 1503,-47,-209,215,116,70,-115,
 1504,-55,-216,210,105,68,-118,
 1505,-51,-207,199,108,71,-122,
 1506,-50,-219,214,102,75,-120,
 1507,-48,-218,208,96,68,-119,
 1508,-54,-234,215,114,73,-120,
 1509,-56,-239,210,115,64,-124,
 1510,-50,-222,223,115,71,-124,
 1511,-51,-229,217,118,81,-120,
 1512,-54,-223,226,119,77,-123,
 1513,-54,-235,217,112,67,-114,
 1514,-48,-221,222,111,70,-120,
 1515,-54,-218,216,105,64,-122,
 1516,-57,-224,212,103,79,-117,
 1517,-51,-213,211,105,71,-111,
 1518,-52,-221,212,106,68,-113,
 1519,-55,-223,205,105,66,-116,
 1520,-52,-230,198,109,74,-119,
 1521,-53,-232,212,104,75,-113,
 1522,-47,-210,216,105,79,-109,
 1523,-49,-231,208,105,63,-108,
 1524,-58,-223,212,103,66,-110,
 1525,-51,-215,223,107,65,-112,
 1526,-54,-222,223,104,78,-116,
 1527,-53,-237,220,108,77,-109,
 1528,-54,-219,219,99,76,-112,
 1529,-56,-237,213,108,76,-117,
 1530,-51,-236,216,101,74,-120,
 1531,-57,-216,218,105,70,-110,
 1532,-51,-222,224,98,77,-110,
 1533,-51,-212,220,92,79,-113,
 1534,-52,-212,215,100,84,-114,
 1535,-52,-217,217,92,81,-109,
 1536,-54,-234,218,99,67,-119,
 1537,-51,-231,210,97,73,-111,
 1538,-57,-224,207,103,86,-114,
 1539,-50,-235,226,102,69,-122,
 1540,-56,-230,220,112,78,-118,
 1541,-52,-231,218,100,79,-120,
 1542,-57,-233,214,104,79,-119,
 1543,-56,-223,221,99,84,-121,
 1544,-57,-238,227,98,89,-114,
 1545,-57,-237,219,96,79,-122,
 1546,-59,-233,229,98,80,-119,
 1547,-49,-227,223,84,78,-124,
 1548,-55,-232,216,97,84,-125,
 1549,-52,-236,211,97,82,-128,
 1550,-55,-232,217,104,77,-134,
 1551,-48,-226,219,112,86,-130,
 1552,-55,-225,218,113,84,-134,
 1553,-51,-237,219,96,83,-132,
 1554,-52,-233,222,93,83,-136,
 1555,-53,-217,212,95,79,-139,
 1556,-47,-239,217,98,82,-141,
 1557,-56,-232,220,92,85,-136,
 1558,-51,-226,225,89,69,-141,
 1559,-55,-246,211,101,77,-130,
 1560,-54,-243,221,100,73,-135,
 1561,-51,-223,222,114,87,-121,
 1562,-56,-237,222,113,80,-120,
 1563,-53,-227,225,103,76,-123,
 1564,-55,-222,214,94,86,-134,
 1565,-57,-236,213,106,82,-130,
 1566,-56,-219,213,101,79,-129,
 1567,-53,-228,223,101,76,-125,
 1568,-59,-230,226,99,77,-126,
 1569,-55,-219,226,99,87,-136,
 1570,-54,-236,230,104,81,-132,
 1571,-53,-234,232,107,75,-132,
 1572,-55,-259,214,107,78,-131,
 1573,-54,-224,219,101,82,-127,
 1574,-50,-218,211,107,73,-134,
 1575,-55,-245,220,99,86,-128,
 1576,-59,-225,219,101,83,-129,
 1577,-57,-229,222,105,84,-127,
 1578,-54,-232,219,112,80,-129,
 1579,-53,-227,223,105,74,-123,
 1580,-57,-243,225,113,76,-126,
 1581,-60,-234,231,113,86,-116,
 1582,-60,-238,219,115,75,-124,
 1583,-53,-238,230,109,80,-126,
 1584,-51,-232,224,115,81,-119,
 1585,-51,-246,222,115,82,-118,
 1586,-51,-231,223,106,89,-122,
 1587,-51,-228,216,116,79,-115,
 1588,-56,-233,209,110,85,-119,
 1589,-56,-222,213,115,80,-115,
 1590,-54,-242,222,112,78,-116,
 1591,-54,-234,226,114,93,-116,
 1592,-56,-231,219,118,98,-116,
 1593,-57,-230,230,119,86,-115,
 1594,-56,-220,231,120,70,-121,
 1595,-55,-238,214,119,78,-123,
 1596,-54,-228,233,123,86,-123,
 1597,-55,-235,227,110,84,-123,
 1598,-53,-237,221,108,84,-117,
 1599,-55,-235,213,102,85,-119,
 1600,-58,-237,223,116,88,-122,
 1601,-56,-224,221,114,88,-117,
 1602,-54,-233,223,117,84,-118,
 1603,-55,-217,219,111,84,-116,
 1604,-55,-238,230,140,99,-120,
 1605,-55,-218,228,133,93,-125,
 1606,-57,-237,233,121,86,-110,
 1607,-62,-238,230,112,81,-116,
 1608,-58,-232,219,115,75,-110,
 1609,-60,-248,237,106,82,-116,
 1610,-60,-226,238,111,88,-119,
 1611,-60,-229,218,121,83,-127,
 1612,-63,-227,231,120,85,-127,
 1613,-58,-234,224,124,88,-119,
 1614,-61,-235,219,118,96,-115,
 1615,-60,-233,225,118,95,-125,
 1616,-58,-248,220,113,84,-120,
 1617,-58,-224,213,113,78,-122,
 1618,-58,-237,226,109,83,-123,
 1619,-59,-219,227,108,94,-121,
 1620,-63,-239,231,118,78,-130,
 1621,-59,-224,226,122,81,-125,
 1622,-58,-241,231,117,87,-136,
 1623,-60,-232,217,113,87,-120,
 1624,-61,-242,223,119,90,-127,
 1625,-58,-235,225,107,92,-124,
 1626,-57,-241,221,112,104,-126,
 1627,-58,-239,228,110,91,-117,
 1628,-62,-229,223,122,83,-123,
 1629,-58,-240,222,111,85,-109,
 1630,-58,-235,222,114,81,-115,
 1631,-65,-255,226,117,87,-116,
 1632,-56,-232,225,117,91,-118,
 1633,-61,-245,212,111,86,-114,
 1634,-61,-218,229,108,79,-112,
 1635,-59,-251,229,112,93,-120,
 1636,-58,-218,212,101,80,-121,
 1637,-61,-236,221,109,68,-116,
 1638,-59,-223,217,111,73,-118,
 1639,-59,-242,211,112,80,-114,
 1640,-55,-218,215,115,83,-121,
 1641,-55,-229,219,106,83,-122,
 1642,-58,-227,224,110,95,-122,
 1643,-57,-234,223,108,88,-114,
 1644,-53,-220,218,108,87,-113,
 1645,-62,-239,220,103,92,-113,
 1646,-58,-222,228,110,88,-122,
 1647,-64,-244,222,107,96,-112,
 1648,-57,-225,224,113,100,-114,
 1649,-63,-237,214,110,102,-109,
 1650,-63,-225,221,120,83,-116,
 1651,-59,-237,226,112,95,-108,
 1652,-58,-223,226,103,93,-108,
 1653,-62,-244,231,114,93,-102,
 1654,-65,-226,218,111,104,-102,
 1655,-57,-248,232,111,89,-105,
 1656,-65,-214,227,116,93,-104,
 1657,-65,-246,219,118,94,-96,
 1658,-58,-225,230,114,90,-97,
 1659,-59,-249,223,113,92,-103,
 1660,-63,-230,233,115,105,-105,
 1661,-63,-245,217,120,94,-107,
 1662,-56,-234,228,123,96,-107,
 1663,-63,-248,226,116,94,-100,
 1664,-55,-228,222,115,76,-100,
 1665,-62,-236,216,123,79,-102,
 1666,-61,-218,219,115,92,-100,
 1667,-62,-244,206,112,88,-105,
 1668,-61,-224,222,110,84,-105,
 1669,-64,-247,218,116,93,-112,
 1670,-64,-222,216,122,91,-116,
 1671,-62,-257,224,125,106,-112,
 1672,-58,-221,232,119,102,-108,
 1673,-64,-228,209,118,89,-103,
 1674,-66,-232,220,126,98,-107,
 1675,-66,-242,228,117,99,-106,
 1676,-66,-220,220,119,83,-106,
 1677,-60,-236,211,115,97,-108,
 1678,-66,-218,229,123,103,-108,
 1679,-59,-229,211,141,92,-106,
 1680,-63,-215,221,136,92,-108,
 1681,-62,-234,216,127,104,-103,
 1682,-66,-239,224,129,94,-101,
 1683,-64,-235,223,116,99,-106,
 1684,-62,-230,228,128,97,-108,
 1685,-63,-220,232,134,95,-105,
 1686,-61,-248,225,132,83,-106,
 1687,-60,-230,216,133,79,-105,
 1688,-64,-241,208,115,94,-103,
 1689,-63,-228,220,128,92,-108,
 1690,-63,-241,219,130,92,-102,
 1691,-66,-220,228,123,118,-106,
 1692,-65,-234,210,122,105,-103,
 1693,-67,-214,233,130,100,-101,
 1694,-69,-242,227,137,99,-104,
 1695,-64,-218,230,135,89,-105,
 1696,-69,-245,221,135,116,-108,
 1697,-68,-219,236,121,106,-99,
 1698,-67,-231,223,135,100,-98,
 1699,-64,-212,220,129,92,-107,
 1700,-66,-231,216,136,85,-103,
 1701,-64,-219,212,128,95,-101,
 1702,-67,-227,222,122,107,-108,
 1703,-66,-230,227,121,91,-109,
 1704,-65,-223,221,123,98,-102,
 1705,-61,-232,220,132,88,-101,
 1706,-60,-246,222,137,85,-99,
 1707,-61,-242,228,131,101,-104,
 1708,-66,-233,230,120,100,-106,
 1709,-67,-241,223,114,103,-98,
 1710,-62,-232,228,117,97,-102,
 1711,-64,-248,228,125,106,-104,
 1712,-69,-218,219,134,89,-105,
 1713,-65,-227,218,127,96,-105,
 1714,-67,-206,215,122,107,-103,
 1715,-61,-235,211,122,95,-102,
 1716,-68,-222,214,114,99,-101,
 1717,-71,-238,222,121,100,-99,
 1718,-65,-225,222,132,103,-97,
 1719,-68,-237,226,130,100,-100,
 1720,-68,-225,226,118,92,-98,
 1721,-63,-219,223,117,97,-101,
 1722,-66,-231,210,114,87,-102,
 1723,-68,-209,225,137,91,-99,
 1724,-61,-231,226,121,105,-100,
 1725,-60,-217,209,128,88,-95,
 1726,-65,-233,208,115,98,-101,
 1727,-59,-215,221,127,84,-100,
 1728,-70,-240,218,129,102,-96,
 1729,-65,-212,217,127,97,-94,
 1730,-68,-224,224,131,89,-94,
 1731,-70,-208,221,125,100,-96,
 1732,-68,-213,210,123,85,-94,
 1733,-70,-215,220,128,97,-95,
 1734,-71,-219,220,124,96,-92,
 1735,-68,-238,225,127,110,-93,
 1736,-70,-225,228,131,100,-88,
 1737,-65,-235,232,124,111,-88,
 1738,-67,-215,233,139,106,-87,
 1739,-67,-234,213,133,88,-89,
 1740,-66,-222,218,130,99,-87,
 1741,-67,-234,213,121,111,-83,
 1742,-64,-214,219,138,116,-85,
 1743,-66,-236,212,146,102,-86,
 1744,-61,-213,218,144,97,-82,
 1745,-62,-222,215,132,89,-86,
 1746,-60,-221,204,115,92,-79,
 1747,-67,-207,220,128,83,-82,
 1748,-67,-219,219,142,90,-84,
 1749,-64,-209,215,153,101,-82,
 1750,-67,-230,221,136,90,-84,
 1751,-74,-198,227,122,109,-87,
 1752,-73,-237,226,130,91,-91,
 1753,-71,-218,218,140,103,-92,
 1754,-69,-223,217,140,95,-91,
 1755,-72,-208,217,138,96,-87,
 1756,-73,-220,217,117,93,-75,
 1757,-67,-204,211,128,96,-54,
 1758,-63,-211,223,132,83,-26,
 1759,-62,-223,210,138,101,22,
 1760,-58,-187,211,134,84,56,
 1761,-65,-219,213,121,89,66,
 1762,-66,-201,206,126,97,65,
 1763,-71,-219,217,125,85,84,
 1764,-65,-202,217,132,100,92,
 1765,-72,-205,227,132,102,90,
 1766,-74,-204,226,124,99,84,
 1767,-69,-218,208,127,104,87,
 1768,-72,-209,214,118,109,84,
 1769,-66,-227,213,129,106,88,
 1770,-73,-200,219,129,118,94,
 1771,-71,-216,210,125,100,93,
 1772,-67,-219,220,119,97,91,
 1773,-62,-215,214,120,115,91,
 1774,-69,-214,224,131,105,97,
 1775,-69,-204,219,139,108,95,
 1776,-68,-213,219,139,87,97,
 1777,-67,-205,212,129,96,96,
 1778,-62,-205,212,123,93,100,
 1779,-64,-207,209,122,99,102,
 1780,-67,-213,218,126,91,108,
 1781,-74,-191,223,138,100,109,
 1782,-75,-214,204,126,80,112,
 1783,-76,-197,206,126,89,107,
 1784,-72,-208,215,116,77,113,
 1785,-64,-191,219,122,83,110,
 1786,-74,-217,211,139,90,111,
 1787,-69,-199,210,131,97,111,
 1788,-71,-211,213,128,93,113,
 1789,-75,-189,222,113,100,118,
 1790,-70,-223,215,124,95,119,
 1791,-66,-191,215,137,92,116,
 1792,-68,-215,217,139,90,123,
 1793,-66,-205,215,128,93,122,
 1794,-70,-210,219,130,103,119,
 1795,-72,-196,219,134,98,124,
 1796,-76,-214,221,140,100,121,
 1797,-69,-198,217,156,75,125,
 1798,-74,-201,218,150,89,128,
 1799,-69,-191,207,139,95,126,
 1800,-79,-203,215,134,93,123,
 1801,-76,-205,221,142,92,116,
 1802,-73,-201,206,157,96,118,
 1803,-77,-203,209,143,92,113,
 1804,-71,-212,212,129,92,116,
 1805,-67,-208,213,125,85,119,
 1806,-74,-201,222,132,99,119,
 1807,-72,-197,213,148,97,118,
 1808,-69,-190,201,137,115,114,
 1809,-72,-187,216,133,90,124,
 1810,-71,-206,215,118,92,118,
 1811,-71,-205,211,142,97,114,
 1812,-60,-197,210,139,96,111,
 1813,-76,-195,200,130,83,113,
 1814,-65,-177,212,127,93,114,
 1815,-67,-203,207,119,67,109,
 1816,-76,-185,203,136,82,118,
 1817,-71,-200,203,135,76,113,
 1818,-73,-191,205,131,107,112,
 1819,-75,-210,199,120,89,112,
 1820,-71,-186,203,126,95,114,
 1821,-67,-200,200,131,84,113,
 1822,-65,-187,199,137,95,111,
 1823,-71,-202,209,130,86,112,
 1824,-70,-188,213,113,94,118,
 1825,-71,-195,212,126,89,113,
 1826,-72,-187,213,130,97,115,
 1827,-63,-193,212,133,79,107,
 1828,-70,-188,215,129,78,104,
 1829,-72,-191,205,123,93,111,
 1830,-70,-191,213,115,97,116,
 1831,-68,-189,217,119,82,116,
 1832,-74,-193,219,117,84,111,
 1833,-68,-177,209,133,78,109,
 1834,-66,-193,210,117,91,108,
 1835,-72,-186,201,118,86,104,
 1836,-72,-202,206,114,88,104,
 1837,-68,-176,214,130,89,112,
 1838,-66,-199,209,124,95,102,
 1839,-66,-176,207,132,108,103,
 1840,-71,-191,216,115,90,108,
 1841,-68,-185,209,119,85,108,
 1842,-65,-183,208,141,78,107,
 1843,-67,-194,217,137,81,108,
 1844,-64,-185,202,137,92,107,
 1845,-64,-203,216,119,93,104,
 1846,-66,-184,217,138,77,109,
 1847,-60,-186,212,136,83,97,
 1848,-61,-174,222,147,82,102,
 1849,-68,-190,215,128,81,101,
 1850,-67,-174,216,124,89,102,
 1851,-72,-191,221,123,84,109,
 1852,-69,-185,208,140,83,108,
 1853,-74,-175,216,144,90,97,
 1854,-75,-188,222,135,78,99,
 1855,-70,-170,205,132,75,100,
 1856,-63,-184,217,120,81,101,
 1857,-69,-174,217,142,81,104,
 1858,-64,-185,210,148,83,101,
 1859,-66,-177,222,128,82,102,
 1860,-61,-163,205,135,102,96,
 1861,-65,-180,203,131,79,100,
 1862,-65,-176,200,128,91,96,
 1863,-67,-173,210,134,68,106,
 1864,-66,-169,216,131,81,103,
 1865,-63,-178,206,122,60,104,
 1866,-69,-169,214,126,59,106,
 1867,-64,-186,212,130,60,107,
 1868,-70,-174,212,138,80,104,
 1869,-67,-180,210,129,78,105,
 1870,-71,-174,215,127,75,110,
 1871,-68,-174,216,117,91,108,
 1872,-63,-179,206,125,81,108,
 1873,-68,-165,213,134,86,112,
 1874,-64,-168,202,123,65,115,
 1875,-66,-162,210,115,79,110,
 1876,-56,-162,210,117,62,118,
 1877,-65,-185,212,123,81,115,
 1878,-64,-168,213,122,71,113,
 1879,-61,-167,208,122,73,122,
 1880,-66,-183,213,123,66,125,
 1881,-63,-162,215,123,75,129,
 1882,-66,-173,217,128,79,119,
 1883,-61,-159,205,131,66,116,
 1884,-67,-169,214,121,64,113,
 1885,-65,-162,199,112,59,110,
 1886,-68,-156,207,116,61,119,
 1887,-64,-170,212,123,61,116,
 1888,-69,-168,210,121,82,123,
 1889,-70,-174,208,125,70,114,
 1890,-63,-165,205,117,81,116,
 1891,-67,-162,209,118,74,118,
 1892,-64,-168,200,125,71,119,
 1893,-62,-151,205,119,83,128,
 1894,-55,-164,219,136,81,125,
 1895,-59,-164,217,134,83,125,
 1896,-63,-154,213,123,55,122,
 1897,-63,-167,213,125,64,124,
 1898,-60,-158,208,110,72,127,
 1899,-65,-148,210,126,70,123,
 1900,-62,-170,212,132,69,116,
 1901,-60,-160,209,148,59,110,
 1902,-66,-162,215,140,66,115,
 1903,-66,-160,214,122,72,114,
 1904,-62,-159,206,118,71,118,
 1905,-60,-155,208,124,94,105,
 1906,-63,-167,206,133,74,105,
 1907,-60,-151,209,128,76,105,
 1908,-67,-157,205,127,61,106,
 1909,-59,-150,212,127,73,117,
 1910,-63,-145,214,119,84,120,
 1911,-57,-155,210,136,71,111,
 1912,-58,-148,213,133,72,108,
 1913,-58,-146,198,125,68,109,
 1914,-59,-153,209,113,71,105,
 1915,-63,-155,208,115,68,107,
 1916,-64,-161,209,128,69,104,
 1917,-65,-167,204,122,68,106,
 1918,-61,-141,208,124,68,107,
 1919,-63,-152,205,114,63,110,
 1920,-58,-159,208,110,67,112,
 1921,-62,-152,205,120,62,102,
 1922,-58,-141,206,125,61,104,
 1923,-66,-160,205,122,54,102,
 1924,-64,-158,212,123,51,102,
 1925,-59,-152,214,118,61,108,
 1926,-60,-142,203,107,52,104,
 1927,-62,-144,209,105,66,104,
 1928,-59,-136,198,108,60,104,
 1929,-61,-153,199,114,57,107,
 1930,-61,-157,201,114,72,107,
 1931,-58,-154,193,113,64,108,
 1932,-55,-162,207,111,78,110,
 1933,-59,-163,209,104,60,103,
 1934,-60,-149,205,110,58,115,
 1935,-54,-139,200,112,72,113,
 1936,-62,-143,196,105,78,114,
 1937,-60,-141,204,115,60,111,
 1938,-58,-142,191,107,66,109,
 1939,-62,-152,201,108,55,101,
 1940,-58,-153,200,110,44,102,
 1941,-62,-154,200,112,63,97,
 1942,-52,-134,207,113,65,98,
 1943,-60,-149,208,115,69,100,
 1944,-53,-142,195,109,58,99,
 1945,-57,-146,211,100,61,109,
 1946,-55,-150,202,103,48,109,
 1947,-52,-157,199,104,65,110,
 1948,-58,-159,200,110,60,111,
 1949,-57,-144,200,112,57,115,
 1950,-62,-148,201,121,60,112,
 1951,-57,-138,191,115,54,110,
 1952,-55,-133,207,113,40,106,
 1953,-57,-131,204,99,53,120,
 1954,-54,-152,206,94,55,111,
 1955,-58,-152,204,106,56,120,
 1956,-52,-153,199,111,64,112,
 1957,-54,-135,198,117,56,111,
 1958,-54,-137,189,109,53,112,
 1959,-54,-141,198,111,63,112,
 1960,-55,-136,201,116,60,112,
 1961,-54,-138,203,106,52,113,
 1962,-55,-149,190,103,47,114,
 1963,-55,-133,205,100,63,105,
 1964,-56,-140,204,109,73,107,
 1965,-57,-145,198,116,69,107,
 1966,-58,-132,204,129,62,112,
 1967,-52,-142,198,125,59,112,
 1968,-51,-135,196,125,42,110,
 1969,-52,-132,199,115,64,101,
 1970,-53,-144,189,101,60,104,
 1971,-53,-130,196,98,45,99,
 1972,-52,-146,190,100,49,104,
 1973,-53,-138,185,110,51,100,
 1974,-49,-138,193,120,54,95,
 1975,-51,-136,199,129,64,98,
 1976,-50,-150,204,127,52,93,
 1977,-49,-128,199,110,62,97,
 1978,-53,-131,205,116,56,104,
 1979,-55,-136,208,105,57,102,
 1980,-54,-137,194,105,59,100,
 1981,-57,-140,199,103,55,103,
 1982,-56,-131,189,111,46,106,
 1983,-52,-136,192,114,48,98,
 1984,-49,-133,183,122,61,104,
 1985,-53,-129,188,108,59,99,
 1986,-50,-142,188,111,48,99,
 1987,-52,-138,193,107,55,109,
 1988,-48,-129,188,103,61,102,
 1989,-47,-122,193,100,62,101,
 1990,-48,-134,194,103,54,99,
 1991,-46,-136,188,107,54,104,
 1992,-46,-141,200,100,57,97,
 1993,-50,-140,196,113,58,100,
 1994,-48,-146,196,114,54,96,
 1995,-51,-136,192,107,45,96,
 1996,-52,-142,195,100,46,95,
 1997,-45,-133,188,99,55,98,
 1998,-52,-137,186,102,54,93,
 1999,-50,-131,187,96,59,93,
 2000,-51,-133,194,90,54,92,
 2001,-45,-131,180,103,43,90,
 2002,-53,-131,181,103,44,95,
 2003,-48,-134,181,104,52,88,
 2004,-54,-133,191,110,45,89,
 2005,-44,-132,193,99,51,93,
 2006,-49,-123,193,96,42,93,
 2007,-47,-125,196,99,38,100,
 2008,-51,-123,196,94,32,90,
 2009,-45,-123,183,93,43,92,
 2010,-44,-123,191,94,51,84,
 2011,-51,-127,197,96,55,89,
 2012,-48,-126,192,101,43,82,
 2013,-47,-120,190,99,39,83,
 2014,-48,-116,197,102,37,81,
 2015,-48,-121,182,102,37,83,
 2016,-50,-122,193,94,45,85,
 2017,-47,-121,181,98,52,76,
 2018,-47,-129,186,97,42,79,
 2019,-49,-126,184,82,49,75,
 2020,-47,-125,192,87,42,78,
 2021,-51,-124,184,87,58,81,
 2022,-42,-124,186,87,55,84,
 2023,-42,-122,181,92,51,83,
 2024,-42,-120,186,88,51,83,
 2025,-43,-125,177,93,51,84,
 2026,-45,-118,181,90,59,86,
 2027,-45,-120,185,94,46,87,
 2028,-45,-130,179,94,52,82,
 2029,-45,-127,188,93,49,84,
 2030,-45,-127,186,95,49,84,
 2031,-46,-124,188,94,50,82,
 2032,-44,-120,186,96,48,81,
 2033,-43,-117,190,97,47,80,
 2034,-43,-127,186,94,38,80,
 2035,-43,-124,191,95,42,80,
 2036,-43,-130,191,92,41,82,
 2037,-40,-133,189,87,50,82,
 2038,-44,-126,183,87,47,77,
 2039,-47,-121,190,87,46,83,
 2040,-47,-118,189,80,48,84,
 2041,-45,-114,187,86,44,80,
 2042,-39,-122,190,80,46,77,
 2043,-43,-119,189,86,45,79,
 2044,-44,-118,185,83,45,83,
 2045,-45,-116,185,89,36,86,
 2046,-41,-117,179,83,38,83,
 2047,-43,-113,189,85,38,81,
 2048,-48,-117,185,80,43,85,
 2049,-43,-117,188,85,39,81,
 2050,-39,-118,190,84,46,84,
 2051,-45,-114,180,84,42,88,
 2052,-40,-115,186,88,37,84,
 2053,-37,-104,181,85,38,80,
 2054,-44,-115,188,89,33,80,
 2055,-40,-111,177,89,39,75,
 2056,-43,-113,183,86,35,77,
 2057,-43,-117,188,84,35,81,
 2058,-40,-106,175,75,35,79,
 2059,-44,-116,182,84,36,80,
 2060,-41,-102,175,84,33,77,
 2061,-44,-118,179,85,34,75,
 2062,-38,-109,186,82,32,76,
 2063,-44,-112,185,76,36,77,
 2064,-40,-110,179,77,26,72,
 2065,-46,-110,178,75,25,70,
 2066,-39,-105,179,81,27,71,
 2067,-43,-115,175,75,33,74,
 2068,-38,-107,178,76,29,76,
 2069,-40,-110,176,76,31,74,
 2070,-41,-119,174,76,29,72,
 2071,-38,-109,168,73,35,71,
 2072,-42,-116,173,80,31,66,
 2073,-39,-104,181,74,30,71,
 2074,-38,-111,181,73,37,75,
 2075,-43,-109,180,78,30,75,
 2076,-39,-99,180,78,28,72,
 2077,-39,-106,190,76,32,73,
 2078,-43,-111,185,75,34,68,
 2079,-39,-108,177,74,32,66,
 2080,-36,-109,182,72,25,73,
 2081,-39,-113,179,78,29,69,
 2082,-38,-114,178,78,29,72,
 2083,-37,-108,191,76,35,69,
 2084,-39,-112,186,72,32,72,
 2085,-43,-116,184,73,25,76,
 2086,-41,-107,176,68,28,74,
 2087,-38,-105,175,70,27,73,
 2088,-37,-109,177,73,36,69,
 2089,-39,-113,182,76,38,69,
 2090,-41,-114,181,74,34,71,
 2091,-38,-105,189,71,34,69,
 2092,-36,-101,182,75,30,74,
 2093,-38,-104,179,73,32,71,
 2094,-40,-110,177,70,32,70,
 2095,-43,-111,175,77,38,75,
 2096,-43,-108,184,72,31,71,
 2097,-40,-102,188,76,34,74,
 2098,-37,-104,186,72,38,78,
