 0,20,12,-42,-20,-41,-9,
 1,20,11,-42,-20,-43,-9,
 2,20,12,-42,-19,-42,-9,
 3,20,12,-42,-20,-41,-9,
 4,19,11,-42,-20,-41,-9,
 5,19,11,-42,-20,-42,-9,
 6,19,11,-42,-20,-42,-9,
 7,20,11,-41,-20,-41,-9,
 8,20,12,-41,-20,-41,-9,
 9,19,11,-40,-20,-41,-9,
 10,20,11,-41,-20,-42,-9,
 11,20,10,-41,-20,-41,-10,
 12,20,11,-40,-20,-41,-10,
 13,20,11,-41,-20,-41,-10,
 14,20,11,-41,-20,-42,-11,
 15,20,11,-40,-20,-41,-11,
 16,20,11,-40,-20,-41,-11,
 17,20,11,-40,-19,-41,-11,
 18,20,11,-39,-19,-40,-12,
 19,19,11,-38,-19,-41,-12,
 20,21,11,-38,-19,-41,-12,
 21,20,11,-37,-19,-41,-13,
 22,20,9,-35,-18,-39,-13,
 23,20,8,-34,-18,-40,-14,
 24,20,6,-33,-17,-40,-14,
 25,21,5,-29,-18,-39,-15,
 26,20,3,-27,-17,-38,-16,
 27,19,2,-25,-16,-38,-18,
 28,19,1,-21,-14,-38,-20,
 29,19,0,-17,-12,-38,-23,
 30,20,-3,-13,-9,-37,-25,
 31,19,-7,-8,-7,-36,-29,
 32,19,-8,-3,-4,-34,-33,
 33,18,-11,0,0,-31,-38,
 34,18,-11,7,0,-28,-43,
 35,18,-12,13,3,-27,-49,
 36,18,-12,18,5,-25,-54,
 37,18,-12,22,7,-21,-63,
 38,18,-11,24,10,-18,-72,
 39,16,-12,28,12,-16,-81,
 40,16,-12,33,13,-13,-90,
 41,14,-12,40,15,-10,-102,
 42,14,-11,47,17,-6,-113,
 43,11,-12,49,18,-4,-124,
 44,10,-13,47,18,-1,-136,
 45,7,-18,52,20,4,-147,
 46,7,-18,51,20,5,-134,
 47,5,-21,50,21,6,-126,
 48,4,-21,58,26,9,-124,
 49,2,-22,65,31,10,-123,
 50,0,-21,63,34,12,-121,
 51,-1,-20,63,36,13,-121,
 52,-3,-19,68,38,15,-121,
 53,-5,-17,66,38,15,-120,
 54,-6,-17,65,40,17,-119,
 55,-9,-19,75,40,17,-118,
 56,-10,-23,74,38,17,-116,
 57,-11,-27,82,37,16,-117,
 58,-11,-38,88,37,17,-118,
 59,-12,-42,88,38,19,-120,
 60,-13,-48,93,41,18,-122,
 61,-14,-47,93,42,19,-122,
 62,-14,-38,98,45,19,-120,
 63,-14,-39,94,48,20,-116,
 64,-14,-48,97,48,21,-114,
 65,-16,-56,91,46,23,-115,
 66,-16,-61,91,45,25,-119,
 67,-16,-61,97,46,26,-122,
 68,-16,-61,93,50,28,-125,
 69,-17,-64,93,53,30,-122,
 70,-18,-68,96,55,31,-119,
 71,-21,-66,99,54,32,-118,
 72,-21,-65,98,51,33,-122,
 73,-21,-69,94,52,34,-125,
 74,-21,-70,97,54,34,-124,
 75,-21,-65,99,58,32,-119,
 76,-23,-64,102,58,30,-113,
 77,-23,-66,103,56,31,-119,
 78,-22,-62,103,58,31,-122,
 79,-21,-61,101,63,31,-116,
 80,-21,-64,101,62,33,-115,
 81,-21,-59,93,59,35,-121,
 82,-21,-61,95,60,36,-121,
 83,-21,-64,96,64,36,-116,
 84,-22,-62,94,63,36,-113,
 85,-22,-66,98,62,35,-119,
 86,-23,-67,99,65,33,-118,
 87,-24,-63,95,64,30,-113,
 88,-23,-68,96,62,29,-120,
 89,-22,-64,98,65,30,-118,
 90,-21,-69,90,61,32,-109,
 91,-20,-63,98,61,33,-113,
 92,-22,-65,90,66,35,-109,
 93,-23,-55,97,61,36,-110,
 94,-25,-60,92,66,35,-116,
 95,-26,-56,93,64,33,-113,
 96,-27,-64,96,63,31,-115,
 97,-27,-60,93,68,31,-116,
 98,-27,-67,91,66,32,-112,
 99,-27,-63,96,70,34,-115,
 100,-30,-67,100,64,36,-106,
 101,-31,-69,99,68,36,-113,
 102,-33,-65,95,64,36,-110,
 103,-36,-67,95,69,34,-118,
 104,-36,-61,91,65,30,-113,
 105,-37,-58,92,68,28,-118,
 106,-38,-63,87,67,30,-111,
 107,-40,-64,92,63,31,-114,
 108,-41,-62,95,68,33,-109,
 109,-41,-69,97,63,33,-117,
 110,-39,-72,93,65,33,-116,
 111,-36,-65,95,67,32,-120,
 112,-39,-59,92,64,29,-117,
 113,-42,-58,93,66,29,-112,
 114,-42,-61,89,68,30,-117,
 115,-41,-69,83,66,33,-111,
 116,-39,-68,90,64,34,-116,
 117,-39,-71,93,68,34,-116,
 118,-41,-65,89,71,33,-109,
 119,-41,-59,88,68,30,-111,
 120,-40,-58,86,64,29,-118,
 121,-40,-62,93,66,28,-112,
 122,-44,-66,86,65,31,-113,
 123,-45,-71,88,68,33,-118,
 124,-41,-71,83,70,34,-112,
 125,-39,-64,90,69,33,-106,
 126,-42,-63,88,67,33,-112,
 127,-43,-64,85,71,30,-117,
 128,-40,-68,89,70,28,-118,
 129,-42,-71,88,70,28,-114,
 130,-46,-71,88,71,31,-111,
 131,-46,-70,83,68,32,-111,
 132,-43,-69,88,72,35,-111,
 133,-46,-71,93,70,36,-113,
 134,-47,-67,93,73,36,-116,
 135,-44,-65,94,69,35,-118,
 136,-45,-66,94,68,33,-114,
 137,-46,-60,92,71,30,-109,
 138,-43,-62,97,74,30,-110,
 139,-44,-73,96,76,31,-110,
 140,-45,-67,91,69,33,-111,
 141,-41,-56,92,71,34,-109,
 142,-44,-67,92,76,34,-112,
 143,-45,-67,95,71,36,-111,
 144,-41,-66,97,70,36,-111,
 145,-47,-61,89,70,37,-110,
 146,-46,-62,90,66,37,-114,
 147,-45,-71,94,74,36,-113,
 148,-49,-67,93,64,36,-114,
 149,-44,-69,90,68,35,-113,
 150,-45,-61,90,67,34,-113,
 151,-47,-69,89,77,33,-102,
 152,-45,-69,96,76,32,-108,
 153,-50,-60,95,87,31,-111,
 154,-46,-71,94,86,31,-108,
 155,-47,-70,101,89,30,-114,
 156,-44,-58,97,90,29,-111,
 157,-44,-61,92,83,27,-107,
 158,-47,-66,87,80,23,-114,
 159,-45,-62,96,78,16,-113,
 160,-50,-56,93,78,6,-107,
 161,-45,-67,94,82,0,-108,
 162,-49,-71,95,80,-8,-111,
 163,-43,-64,94,77,-11,-108,
 164,-49,-63,96,77,-13,-107,
 165,-45,-70,96,78,-13,-106,
 166,-48,-64,98,76,-17,-109,
 167,-44,-66,96,76,-24,-107,
 168,-50,-80,97,74,-23,-104,
 169,-46,-76,94,77,-24,-105,
 170,-50,-72,96,79,-29,-105,
 171,-45,-68,89,83,-32,-108,
 172,-48,-66,92,81,-29,-107,
 173,-46,-61,90,72,-26,-109,
 174,-47,-69,96,77,-26,-108,
 175,-48,-63,91,82,-28,-109,
 176,-43,-65,99,75,-35,-110,
 177,-51,-70,97,80,-46,-108,
 178,-45,-65,95,82,-58,-108,
 179,-49,-67,95,84,-57,-109,
 180,-48,-75,96,90,-63,-106,
 181,-46,-71,98,87,-70,-105,
 182,-52,-76,93,87,-69,-109,
 183,-47,-69,96,84,-68,-109,
 184,-49,-71,99,84,-69,-101,
 185,-51,-64,95,87,-64,-103,
 186,-47,-62,96,83,-63,-103,
 187,-53,-71,97,89,-67,-103,
 188,-49,-64,93,87,-65,-104,
 189,-45,-67,98,90,-63,-106,
 190,-49,-68,91,85,-68,-104,
 191,-48,-68,95,83,-65,-103,
 192,-46,-74,101,89,-69,-103,
 193,-53,-76,100,84,-68,-101,
 194,-53,-73,102,87,-67,-101,
 195,-48,-87,97,86,-68,-104,
 196,-51,-75,95,93,-68,-110,
 197,-55,-72,95,88,-69,-106,
 198,-52,-70,99,89,-74,-107,
 199,-47,-73,98,83,-74,-102,
 200,-53,-62,103,88,-79,-102,
 201,-54,-73,99,92,-70,-100,
 202,-52,-62,99,102,-75,-102,
 203,-47,-73,100,92,-79,-99,
 204,-47,-71,99,95,-76,-96,
 205,-51,-69,98,99,-83,-97,
 206,-50,-75,90,92,-83,-98,
 207,-48,-71,97,76,-75,-99,
 208,-46,-69,103,91,-73,-97,
 209,-47,-64,88,93,-81,-101,
 210,-51,-70,91,97,-81,-98,
 211,-50,-67,96,104,-77,-97,
 212,-49,-75,96,95,-74,-103,
 213,-47,-74,104,98,-76,-101,
 214,-47,-75,96,90,-78,-102,
 215,-49,-76,99,90,-76,-104,
 216,-52,-82,98,99,-76,-108,
 217,-52,-82,99,98,-79,-108,
 218,-52,-75,104,97,-80,-108,
 219,-49,-78,106,103,-79,-108,
 220,-50,-69,106,108,-78,-107,
 221,-47,-81,102,114,-80,-108,
 222,-46,-67,103,99,-77,-112,
 223,-47,-79,106,113,-79,-105,
 224,-47,-79,102,113,-86,-109,
 225,-49,-85,104,105,-83,-108,
 226,-47,-77,99,103,-80,-111,
 227,-52,-81,107,97,-81,-109,
 228,-50,-80,101,101,-85,-114,
 229,-55,-76,99,101,-85,-117,
 230,-53,-81,98,105,-88,-117,
 231,-55,-76,103,111,-85,-115,
 232,-51,-74,101,117,-82,-115,
 233,-51,-75,97,94,-87,-116,
 234,-53,-81,97,110,-86,-119,
 235,-56,-81,106,113,-90,-120,
 236,-51,-78,105,126,-77,-129,
 237,-52,-77,97,120,-93,-122,
 238,-53,-79,99,115,-89,-122,
 239,-51,-64,102,104,-91,-119,
 240,-51,-83,111,109,-88,-117,
 241,-51,-82,109,111,-84,-119,
 242,-51,-77,102,109,-88,-119,
 243,-50,-77,106,116,-91,-115,
 244,-53,-84,108,106,-90,-115,
 245,-53,-80,110,111,-88,-114,
 246,-56,-80,114,129,-86,-113,
 247,-57,-84,114,130,-91,-116,
 248,-58,-86,110,123,-90,-110,
 249,-53,-85,110,109,-92,-113,
 250,-52,-92,100,100,-86,-112,
 251,-50,-77,97,102,-92,-119,
 252,-52,-77,102,109,-88,-121,
 253,-57,-80,101,112,-85,-116,
 254,-57,-78,106,114,-91,-114,
 255,-56,-72,107,120,-86,-118,
 256,-53,-87,112,114,-88,-119,
 257,-54,-73,100,117,-90,-113,
 258,-57,-74,111,119,-82,-111,
 259,-56,-88,105,110,-89,-120,
 260,-55,-84,106,103,-92,-111,
 261,-54,-81,103,112,-91,-113,
 262,-54,-80,109,108,-92,-117,
 263,-55,-80,111,102,-90,-116,
 264,-56,-86,104,109,-94,-120,
 265,-52,-97,110,109,-94,-115,
 266,-51,-90,114,117,-94,-113,
 267,-58,-88,105,114,-95,-115,
 268,-54,-89,100,105,-90,-110,
 269,-50,-86,100,98,-95,-109,
 270,-54,-87,103,121,-93,-116,
 271,-54,-91,108,118,-94,-114,
 272,-51,-89,109,110,-94,-114,
 273,-52,-80,94,107,-104,-113,
 274,-56,-80,106,109,-90,-115,
 275,-50,-88,99,116,-94,-118,
 276,-54,-88,108,111,-86,-114,
 277,-59,-91,106,105,-96,-115,
 278,-51,-95,107,115,-95,-114,
 279,-58,-101,110,110,-98,-110,
 280,-58,-96,112,107,-93,-116,
 281,-55,-89,109,114,-103,-113,
 282,-57,-88,112,115,-101,-115,
 283,-54,-95,103,108,-99,-120,
 284,-56,-88,102,108,-100,-114,
 285,-59,-89,105,119,-100,-115,
 286,-53,-84,104,114,-103,-114,
 287,-61,-92,102,118,-107,-111,
 288,-60,-87,108,121,-111,-110,
 289,-58,-89,107,117,-101,-112,
 290,-62,-89,110,116,-103,-112,
 291,-52,-86,117,116,-110,-106,
 292,-60,-95,115,125,-101,-107,
 293,-56,-88,107,124,-93,-107,
 294,-63,-88,104,108,-110,-105,
 295,-54,-94,105,112,-103,-106,
 296,-63,-91,108,119,-97,-113,
 297,-58,-81,106,127,-113,-105,
 298,-65,-88,103,127,-101,-106,
 299,-56,-84,110,117,-104,-111,
 300,-56,-90,102,115,-113,-112,
 301,-57,-92,97,122,-100,-108,
 302,-63,-92,108,112,-106,-102,
 303,-52,-87,105,119,-100,-110,
 304,-60,-94,106,126,-96,-103,
 305,-60,-92,100,125,-114,-103,
 306,-59,-90,102,124,-101,-108,
 307,-54,-93,102,123,-97,-102,
 308,-56,-99,107,116,-110,-107,
 309,-60,-84,107,129,-98,-111,
 310,-54,-95,107,135,-109,-103,
 311,-59,-97,111,144,-97,-104,
 312,-57,-95,105,135,-106,-105,
 313,-57,-94,106,131,-106,-103,
 314,-58,-99,102,120,-105,-102,
 315,-57,-98,106,120,-108,-104,
 316,-59,-98,106,128,-103,-109,
 317,-60,-97,103,144,-114,-107,
 318,-54,-104,100,135,-95,-106,
 319,-61,-101,105,130,-113,-105,
 320,-61,-102,103,125,-101,-106,
 321,-57,-94,105,128,-116,-103,
 322,-59,-97,109,138,-95,-101,
 323,-63,-95,107,144,-106,-108,
 324,-63,-95,107,136,-109,-110,
 325,-64,-95,100,131,-110,-104,
 326,-59,-94,110,130,-107,-104,
 327,-62,-93,109,131,-100,-103,
 328,-64,-101,105,133,-112,-109,
 329,-56,-99,116,139,-115,-108,
 330,-58,-107,109,131,-95,-101,
 331,-61,-107,107,131,-124,-107,
 332,-64,-103,101,127,-105,-109,
 333,-62,-100,110,131,-118,-101,
 334,-61,-94,104,130,-102,-106,
 335,-61,-101,99,132,-109,-102,
 336,-63,-99,97,122,-102,-102,
 337,-54,-99,104,125,-106,-104,
 338,-59,-95,108,123,-106,-99,
 339,-64,-95,108,143,-105,-97,
 340,-61,-103,101,145,-120,-95,
 341,-63,-107,111,124,-108,-103,
 342,-54,-111,109,125,-123,-104,
 343,-56,-111,105,125,-112,-97,
 344,-62,-106,107,141,-108,-97,
 345,-63,-101,106,140,-111,-95,
 346,-55,-106,98,132,-105,-96,
 347,-55,-103,102,131,-115,-96,
 348,-61,-105,111,135,-112,-92,
 349,-62,-105,112,142,-110,-100,
 350,-63,-102,111,141,-117,-94,
 351,-62,-101,103,137,-114,-89,
 352,-58,-100,109,142,-107,-92,
 353,-58,-104,101,136,-111,-88,
 354,-58,-109,96,142,-108,-92,
 355,-60,-111,106,136,-105,-94,
 356,-60,-101,107,138,-116,-95,
 357,-65,-96,100,127,-117,-100,
 358,-66,-98,101,138,-109,-99,
 359,-59,-95,103,146,-109,-99,
 360,-62,-100,107,145,-105,-101,
 361,-60,-100,99,139,-118,-96,
 362,-62,-103,106,135,-114,-96,
 363,-65,-102,101,142,-116,-92,
 364,-66,-104,106,164,-118,-88,
 365,-65,-101,102,150,-112,-91,
 366,-64,-104,105,137,-115,-93,
 367,-64,-106,100,139,-113,-90,
 368,-65,-93,103,165,-113,-91,
 369,-63,-96,100,171,-118,-93,
 370,-63,-102,99,156,-117,-99,
 371,-62,-105,107,143,-117,-96,
 372,-61,-108,100,160,-113,-99,
 373,-59,-101,107,152,-115,-101,
 374,-61,-100,110,146,-104,-104,
 375,-58,-106,103,141,-117,-105,
 376,-58,-107,102,149,-113,-101,
 377,-61,-106,106,161,-112,-100,
 378,-60,-107,102,152,-111,-103,
 379,-65,-102,106,141,-115,-102,
 380,-65,-101,108,147,-116,-97,
 381,-60,-103,115,153,-123,-100,
 382,-64,-106,115,147,-117,-99,
 383,-67,-102,108,133,-112,-104,
 384,-65,-108,104,129,-115,-96,
 385,-66,-105,106,153,-115,-97,
 386,-65,-105,97,146,-107,-96,
 387,-64,-111,99,137,-112,-94,
 388,-65,-108,111,129,-111,-98,
 389,-67,-114,106,147,-119,-97,
 390,-63,-107,103,147,-116,-94,
 391,-65,-113,109,135,-116,-97,
 392,-66,-107,109,131,-119,-102,
 393,-62,-106,107,151,-118,-103,
 394,-65,-104,111,145,-121,-96,
 395,-68,-112,108,127,-119,-90,
 396,-65,-111,106,151,-115,-99,
 397,-66,-105,111,151,-125,-95,
 398,-66,-106,108,149,-124,-93,
 399,-67,-108,105,137,-116,-94,
 400,-62,-113,110,156,-127,-90,
 401,-62,-121,110,146,-144,-91,
 402,-67,-115,106,150,-129,-90,
 403,-61,-116,102,141,-129,-85,
 404,-62,-108,107,150,-126,-86,
 405,-58,-108,105,164,-127,-92,
 406,-59,-107,103,158,-122,-90,
 407,-57,-109,94,146,-121,-92,
 408,-64,-107,104,168,-122,-88,
 409,-59,-110,100,165,-122,-84,
 410,-62,-102,105,139,-123,-85,
 411,-64,-111,101,150,-124,-86,
 412,-63,-105,98,172,-126,-87,
 413,-65,-117,101,155,-122,-85,
 414,-60,-111,111,153,-123,-85,
 415,-63,-112,106,167,-123,-82,
 416,-60,-111,106,162,-131,-80,
 417,-64,-114,109,143,-131,-82,
 418,-63,-114,107,155,-119,-85,
 419,-66,-114,109,164,-122,-78,
 420,-66,-115,112,142,-119,-80,
 421,-64,-109,109,145,-120,-81,
 422,-60,-111,103,163,-121,-80,
 423,-59,-113,99,152,-120,-78,
 424,-61,-112,103,143,-124,-82,
 425,-61,-111,110,157,-119,-83,
 426,-62,-109,107,146,-119,-80,
 427,-68,-109,101,146,-119,-81,
 428,-67,-101,106,153,-119,-82,
 429,-69,-111,106,158,-116,-78,
 430,-64,-112,110,143,-118,-81,
 431,-63,-112,105,142,-120,-74,
 432,-63,-109,106,161,-136,-83,
 433,-61,-114,112,157,-127,-78,
 434,-66,-117,110,139,-118,-84,
 435,-65,-112,111,159,-123,-80,
 436,-63,-112,101,158,-135,-82,
 437,-59,-116,107,139,-127,-83,
 438,-59,-111,110,156,-121,-77,
 439,-62,-108,103,183,-122,-80,
 440,-62,-111,98,160,-125,-84,
 441,-68,-113,96,152,-124,-82,
 442,-67,-106,104,177,-133,-81,
 443,-64,-115,102,166,-124,-85,
 444,-59,-114,101,157,-126,-88,
 445,-60,-113,102,172,-123,-89,
 446,-65,-113,101,163,-128,-85,
 447,-68,-109,102,150,-129,-82,
 448,-67,-119,105,165,-123,-81,
 449,-64,-116,105,156,-115,-79,
 450,-66,-121,100,148,-134,-76,
 451,-65,-122,104,173,-138,-64,
 452,-62,-118,100,152,-120,-52,
 453,-70,-112,98,152,-125,-34,
 454,-65,-120,98,164,-130,-10,
 455,-68,-116,100,155,-133,13,
 456,-64,-115,99,145,-132,43,
 457,-70,-111,100,174,-114,71,
 458,-68,-115,101,149,-125,63,
 459,-67,-114,99,147,-128,75,
 460,-63,-125,99,171,-125,72,
 461,-62,-125,106,158,-133,75,
 462,-63,-127,95,156,-123,74,
 463,-63,-127,96,177,-122,72,
 464,-68,-126,103,170,-137,73,
 465,-64,-126,95,164,-128,73,
 466,-61,-116,103,175,-130,72,
 467,-62,-122,95,163,-132,78,
 468,-67,-122,101,166,-130,74,
 469,-68,-114,95,177,-129,78,
 470,-64,-117,108,169,-122,76,
 471,-64,-122,97,176,-136,78,
 472,-61,-117,103,183,-129,79,
 473,-63,-116,96,165,-127,74,
 474,-67,-123,95,174,-123,77,
 475,-68,-126,97,170,-124,82,
 476,-68,-127,105,154,-135,83,
 477,-63,-123,104,174,-137,84,
 478,-68,-124,97,172,-117,81,
 479,-70,-120,101,150,-121,82,
 480,-68,-115,95,173,-134,82,
 481,-66,-120,106,170,-125,83,
 482,-66,-124,106,162,-124,83,
 483,-66,-121,104,173,-135,89,
 484,-71,-121,103,162,-138,86,
 485,-71,-121,106,154,-129,86,
 486,-69,-123,103,178,-136,85,
 487,-65,-121,105,160,-136,91,
 488,-61,-128,104,175,-132,92,
 489,-64,-119,104,163,-121,91,
 490,-68,-128,104,146,-122,89,
 491,-64,-126,102,180,-136,86,
 492,-60,-120,97,158,-128,94,
 493,-60,-110,95,178,-118,91,
 494,-65,-125,102,182,-136,91,
 495,-67,-129,100,161,-141,96,
 496,-66,-126,102,180,-125,97,
 497,-62,-121,95,175,-126,99,
 498,-67,-127,101,169,-128,96,
 499,-60,-120,106,181,-130,101,
 500,-68,-126,108,176,-130,99,
 501,-63,-125,99,172,-128,95,
 502,-61,-122,95,180,-133,97,
 503,-63,-128,91,150,-124,91,
 504,-62,-120,93,179,-123,96,
 505,-61,-123,94,181,-118,94,
 506,-70,-133,99,152,-158,95,
 507,-65,-123,101,176,-121,97,
 508,-66,-114,101,144,-117,100,
 509,-73,-124,95,176,-133,95,
 510,-71,-128,100,168,-124,96,
 511,-73,-125,94,154,-137,99,
 512,-66,-122,99,173,-134,102,
 513,-63,-121,89,169,-130,97,
 514,-67,-126,97,158,-136,102,
 515,-68,-130,93,172,-141,102,
 516,-68,-129,94,157,-134,103,
 517,-64,-127,90,174,-124,100,
 518,-61,-130,92,165,-120,101,
 519,-67,-132,97,177,-134,98,
 520,-69,-129,95,175,-130,99,
 521,-65,-134,97,159,-112,97,
 522,-61,-125,101,194,-141,104,
 523,-66,-126,102,182,-135,101,
 524,-65,-128,99,158,-122,103,
 525,-65,-125,97,191,-142,97,
 526,-67,-127,97,166,-130,98,
 527,-69,-133,98,195,-116,96,
 528,-64,-131,95,170,-139,107,
 529,-64,-136,103,174,-139,105,
 530,-65,-127,101,182,-124,102,
 531,-71,-136,98,170,-124,101,
 532,-68,-134,94,171,-133,101,
 533,-71,-135,95,167,-146,104,
 534,-66,-133,101,175,-106,96,
 535,-62,-125,99,175,-132,96,
 536,-66,-137,97,165,-132,101,
 537,-69,-134,98,181,-119,98,
 538,-68,-129,109,154,-137,99,
 539,-66,-131,100,179,-125,101,
 540,-65,-134,93,169,-113,102,
 541,-68,-132,100,177,-126,108,
 542,-69,-132,96,176,-133,104,
 543,-60,-134,96,164,-120,108,
 544,-62,-142,96,187,-106,101,
 545,-67,-133,99,168,-150,107,
 546,-70,-129,95,186,-120,103,
 547,-68,-131,98,195,-110,103,
 548,-69,-136,103,166,-139,109,
 549,-66,-134,97,194,-134,105,
 550,-66,-127,97,165,-139,104,
 551,-65,-131,97,187,-136,106,
 552,-69,-137,94,171,-117,103,
 553,-66,-133,99,174,-123,108,
 554,-63,-125,103,169,-131,108,
 555,-69,-127,102,172,-140,114,
 556,-62,-139,104,195,-125,107,
 557,-70,-138,100,163,-139,108,
 558,-72,-126,98,180,-135,111,
 559,-71,-133,93,165,-114,104,
 560,-72,-120,95,175,-140,109,
 561,-71,-132,93,171,-124,105,
 562,-66,-127,96,168,-112,109,
 563,-66,-131,100,186,-138,113,
 564,-64,-133,102,154,-114,108,
 565,-64,-131,96,179,-120,108,
 566,-70,-133,94,164,-136,111,
 567,-72,-132,102,189,-122,111,
 568,-72,-135,97,189,-111,111,
 569,-72,-132,93,184,-112,114,
 570,-65,-138,96,199,-147,113,
 571,-60,-133,100,162,-110,114,
 572,-63,-135,90,198,-118,116,
 573,-67,-136,92,170,-137,117,
 574,-68,-127,96,187,-118,104,
 575,-66,-134,93,187,-127,109,
 576,-66,-133,92,175,-126,113,
 577,-62,-130,98,194,-135,114,
 578,-66,-136,106,163,-136,114,
 579,-62,-134,92,183,-138,120,
 580,-64,-136,102,166,-118,114,
 581,-67,-137,97,186,-136,118,
 582,-65,-129,101,164,-142,114,
 583,-67,-141,88,187,-108,119,
 584,-67,-134,95,184,-124,120,
 585,-65,-137,87,170,-127,122,
 586,-68,-134,97,181,-117,123,
 587,-64,-139,85,155,-137,126,
 588,-64,-136,94,181,-114,122,
 589,-63,-131,95,158,-129,120,
 590,-63,-138,97,176,-133,118,
 591,-71,-138,97,174,-115,119,
 592,-67,-139,95,180,-112,120,
 593,-70,-144,92,195,-139,119,
 594,-63,-142,94,174,-141,124,
 595,-69,-138,95,199,-107,118,
 596,-70,-139,91,163,-138,115,
 597,-66,-143,94,202,-113,112,
 598,-68,-135,88,169,-125,112,
 599,-62,-140,92,180,-126,117,
 600,-66,-139,96,182,-112,115,
 601,-62,-140,92,180,-126,125,
 602,-60,-141,96,183,-124,115,
 603,-62,-139,97,178,-125,111,
 604,-60,-132,97,189,-110,113,
 605,-65,-136,92,172,-134,109,
 606,-66,-138,90,186,-115,113,
 607,-64,-135,94,160,-110,109,
 608,-62,-142,90,188,-132,115,
 609,-66,-142,91,158,-119,115,
 610,-66,-138,91,176,-136,115,
 611,-64,-132,95,183,-119,118,
 612,-67,-139,93,179,-103,113,
 613,-65,-138,89,174,-128,121,
 614,-65,-139,99,171,-134,118,
 615,-66,-134,94,202,-122,122,
 616,-66,-139,89,168,-103,117,
 617,-67,-133,93,198,-137,115,
 618,-67,-138,91,171,-119,124,
 619,-66,-142,92,187,-130,118,
 620,-64,-135,91,190,-127,118,
 621,-64,-141,86,176,-105,123,
 622,-61,-140,93,172,-129,118,
 623,-61,-140,94,180,-115,114,
 624,-62,-148,89,175,-100,119,
 625,-62,-137,91,167,-115,123,
 626,-62,-141,92,186,-125,119,
 627,-62,-140,91,157,-126,119,
 628,-61,-145,91,179,-107,122,
 629,-63,-146,97,178,-128,123,
 630,-62,-151,96,186,-104,115,
 631,-59,-139,98,174,-134,115,
 632,-63,-138,98,157,-130,122,
 633,-60,-143,91,185,-108,113,
 634,-59,-148,91,154,-140,122,
 635,-59,-143,97,192,-113,116,
 636,-60,-143,95,163,-119,122,
 637,-62,-144,90,198,-123,116,
 638,-60,-144,88,173,-111,119,
 639,-62,-142,91,199,-105,122,
 640,-58,-154,93,182,-119,125,
 641,-58,-151,92,185,-128,123,
 642,-63,-145,85,191,-104,126,
 643,-67,-147,90,169,-115,119,
 644,-60,-137,91,196,-116,127,
 645,-63,-146,91,156,-101,121,
 646,-68,-143,87,172,-131,125,
 647,-62,-150,87,151,-111,127,
 648,-69,-156,93,176,-95,125,
 649,-66,-149,96,169,-122,129,
 650,-69,-141,93,187,-125,122,
 651,-68,-146,92,164,-116,125,
 652,-67,-152,93,179,-111,126,
 653,-66,-151,87,171,-132,129,
 654,-66,-151,91,162,-111,131,
 655,-64,-156,90,180,-114,125,
 656,-66,-152,93,161,-125,118,
 657,-68,-155,92,179,-107,126,
 658,-67,-158,91,163,-126,123,
 659,-63,-152,94,195,-107,119,
 660,-64,-154,96,192,-117,131,
 661,-59,-144,87,190,-120,120,
 662,-63,-147,90,161,-108,123,
 663,-61,-149,93,188,-95,127,
 664,-61,-146,96,150,-107,124,
 665,-65,-148,90,183,-125,121,
 666,-66,-145,94,164,-111,126,
 667,-62,-153,93,174,-123,118,
 668,-60,-146,97,157,-119,121,
 669,-62,-152,92,177,-105,119,
 670,-59,-150,93,164,-117,123,
 671,-60,-150,94,172,-101,117,
 672,-65,-150,91,175,-116,114,
 673,-69,-156,96,163,-121,121,
 674,-67,-154,92,183,-119,119,
 675,-69,-150,98,154,-111,122,
 676,-67,-145,96,178,-98,124,
 677,-67,-152,101,160,-133,116,
 678,-60,-152,98,182,-113,114,
 679,-62,-153,92,172,-108,112,
 680,-60,-155,100,179,-114,114,
 681,-64,-159,99,196,-99,114,
 682,-67,-157,95,174,-107,111,
 683,-62,-141,97,203,-122,116,
 684,-64,-140,97,169,-101,114,
 685,-66,-155,94,187,-108,116,
 686,-61,-155,100,163,-108,116,
 687,-61,-164,97,177,-127,125,
 688,-65,-161,91,175,-102,123,
 689,-66,-159,100,164,-68,121,
 690,-62,-151,98,174,-104,116,
 691,-64,-151,95,157,-123,123,
 692,-64,-153,99,175,-108,108,
 693,-56,-141,98,148,-101,116,
 694,-63,-151,100,177,-98,124,
 695,-57,-151,98,163,-113,118,
 696,-56,-156,96,174,-125,115,
 697,-62,-144,97,159,-98,114,
 698,-67,-149,101,160,-105,111,
 699,-62,-149,101,168,-114,121,
 700,-62,-153,96,154,-111,112,
 701,-59,-149,104,187,-105,117,
 702,-63,-154,99,145,-100,112,
 703,-63,-154,97,176,-103,119,
 704,-66,-152,100,180,-126,112,
 705,-62,-141,98,171,-99,109,
 706,-64,-152,96,179,-96,113,
 707,-60,-152,101,157,-109,112,
 708,-62,-151,99,175,-94,117,
 709,-65,-154,98,159,-94,115,
 710,-66,-150,105,182,-110,119,
 711,-66,-153,102,156,-97,122,
 712,-60,-144,100,167,-98,123,
 713,-63,-153,101,168,-108,120,
 714,-64,-158,105,157,-102,118,
 715,-67,-156,100,170,-108,114,
 716,-65,-149,105,145,-95,123,
 717,-65,-153,103,169,-98,115,
 718,-63,-150,101,161,-107,113,
 719,-64,-155,108,164,-116,119,
 720,-67,-163,104,175,-89,121,
 721,-67,-156,104,166,-100,117,
 722,-60,-158,107,169,-106,116,
 723,-58,-158,107,148,-100,123,
 724,-66,-158,104,175,-89,123,
 725,-66,-161,106,162,-109,119,
 726,-61,-163,102,171,-97,123,
 727,-58,-165,107,177,-86,113,
 728,-63,-161,106,148,-95,110,
 729,-61,-153,106,191,-93,112,
 730,-64,-149,107,152,-98,112,
 731,-61,-151,110,190,-100,128,
 732,-59,-160,114,153,-85,118,
 733,-66,-151,110,157,-85,116,
 734,-67,-159,106,176,-104,125,
 735,-60,-156,104,152,-108,122,
 736,-59,-162,107,161,-89,124,
 737,-63,-152,103,153,-94,126,
 738,-64,-163,109,150,-107,129,
 739,-63,-166,104,162,-93,114,
 740,-66,-160,110,155,-83,115,
 741,-60,-160,113,166,-97,111,
 742,-62,-159,107,145,-108,118,
 743,-66,-151,110,174,-98,115,
 744,-66,-163,106,148,-90,112,
 745,-60,-158,109,159,-95,110,
 746,-64,-151,109,162,-97,111,
 747,-66,-165,107,154,-100,112,
 748,-66,-158,107,172,-97,107,
 749,-60,-168,102,163,-80,115,
 750,-63,-162,106,172,-91,114,
 751,-67,-159,108,182,-98,107,
 752,-63,-150,102,148,-105,107,
 753,-60,-160,106,172,-97,103,
 754,-65,-158,108,154,-88,108,
 755,-65,-162,111,174,-96,110,
 756,-58,-157,113,178,-95,113,
 757,-58,-157,111,159,-93,109,
 758,-60,-160,116,177,-83,114,
 759,-62,-153,110,152,-83,116,
 760,-55,-157,117,167,-95,118,
 761,-58,-161,118,166,-90,115,
 762,-63,-158,117,143,-91,117,
 763,-61,-155,115,163,-88,124,
 764,-58,-159,116,144,-85,126,
 765,-64,-156,112,159,-88,121,
 766,-64,-147,105,155,-90,113,
 767,-58,-155,104,139,-82,111,
 768,-63,-155,116,173,-77,110,
 769,-63,-164,114,146,-63,113,
 770,-58,-156,115,154,-77,109,
 771,-62,-162,114,158,-79,116,
 772,-64,-166,118,138,-93,114,
 773,-62,-170,118,159,-90,109,
 774,-58,-161,120,151,-93,121,
 775,-63,-149,117,159,-90,113,
 776,-63,-157,122,176,-87,119,
 777,-62,-166,121,136,-89,115,
 778,-59,-165,124,174,-92,117,
 779,-67,-160,122,162,-86,113,
 780,-63,-153,121,140,-66,115,
 781,-63,-159,124,171,-66,113,
 782,-66,-157,117,150,-84,113,
 783,-64,-162,113,162,-89,114,
 784,-59,-148,121,159,-79,116,
 785,-65,-165,116,141,-77,117,
 786,-65,-169,116,160,-80,119,
 787,-60,-149,118,149,-91,116,
 788,-63,-152,121,147,-89,124,
 789,-63,-154,124,160,-73,127,
 790,-60,-161,126,132,-81,126,
 791,-62,-170,125,154,-71,129,
 792,-61,-162,127,149,-73,124,
 793,-55,-160,129,134,-89,121,
 794,-64,-168,127,148,-70,120,
 795,-60,-180,130,141,-71,114,
 796,-57,-162,127,150,-87,119,
 797,-64,-160,122,160,-80,120,
 798,-63,-163,120,143,-74,111,
 799,-55,-169,125,147,-72,114,
 800,-62,-170,127,158,-82,109,
 801,-64,-151,125,142,-81,109,
 802,-59,-159,129,155,-81,105,
 803,-60,-171,131,156,-77,104,
 804,-62,-153,130,134,-77,111,
 805,-59,-159,131,168,-61,112,
 806,-56,-164,134,154,-71,105,
 807,-62,-168,128,143,-75,100,
 808,-62,-161,127,165,-67,102,
 809,-63,-152,131,146,-70,111,
 810,-64,-167,129,149,-79,105,
 811,-57,-165,131,164,-68,102,
 812,-62,-159,131,128,-70,100,
 813,-58,-165,131,144,-68,97,
 814,-56,-164,130,148,-74,95,
 815,-65,-167,132,126,-52,102,
 816,-64,-157,132,154,-70,103,
 817,-57,-159,139,154,-63,101,
 818,-63,-172,125,125,-63,101,
 819,-61,-174,138,144,-58,107,
 820,-60,-156,132,147,-68,100,
 821,-63,-155,137,133,-72,104,
 822,-58,-169,135,152,-54,104,
 823,-60,-164,141,145,-71,101,
 824,-62,-159,131,145,-62,106,
 825,-56,-165,132,164,-62,99,
 826,-64,-171,136,142,-64,106,
 827,-61,-164,138,131,-58,101,
 828,-52,-170,125,152,-69,101,
 829,-59,-171,135,150,-58,105,
 830,-58,-169,125,145,-56,100,
 831,-57,-163,140,171,-60,101,
 832,-60,-175,135,152,-64,93,
 833,-52,-177,134,140,-56,98,
 834,-58,-170,144,159,-46,95,
 835,-55,-154,140,151,-67,94,
 836,-58,-169,136,126,-49,94,
 837,-64,-166,129,156,-47,94,
 838,-60,-167,135,140,-52,95,
 839,-63,-165,135,132,-46,98,
 840,-61,-182,134,146,-59,94,
 841,-58,-175,139,144,-51,90,
 842,-63,-159,147,127,-46,89,
 843,-54,-168,145,144,-44,91,
 844,-57,-183,143,140,-46,88,
 845,-64,-177,147,134,-42,90,
 846,-59,-163,135,149,-40,88,
 847,-61,-175,142,128,-46,98,
 848,-64,-166,142,134,-49,93,
 849,-57,-165,130,147,-43,93,
 850,-59,-181,147,140,-42,89,
 851,-56,-172,148,115,-41,91,
 852,-61,-155,138,135,-1,89,
 853,-63,-173,151,144,32,90,
 854,-59,-165,153,128,38,96,
 855,-61,-162,149,135,56,92,
 856,-59,-176,155,143,66,92,
 857,-62,-181,149,142,61,96,
 858,-58,-173,134,134,55,94,
 859,-55,-167,143,147,56,94,
 860,-64,-167,144,144,54,92,
 861,-57,-154,148,132,58,100,
 862,-59,-165,152,159,72,98,
 863,-58,-179,150,158,79,95,
 864,-53,-172,150,122,74,95,
 865,-58,-169,147,154,78,97,
 866,-53,-167,148,157,67,98,
 867,-61,-172,150,144,73,99,
 868,-59,-161,148,129,81,95,
 869,-51,-163,155,158,68,97,
 870,-60,-181,153,140,70,92,
 871,-55,-161,150,118,74,97,
 872,-60,-171,154,151,82,94,
 873,-52,-177,150,154,81,96,
 874,-52,-175,149,134,74,96,
 875,-61,-171,149,142,73,92,
 876,-55,-170,155,143,77,92,
 877,-60,-168,146,136,89,89,
 878,-61,-165,143,125,87,88,
 879,-58,-178,156,140,69,92,
 880,-57,-183,158,125,75,90,
 881,-59,-171,155,120,80,89,
 882,-63,-180,148,133,87,91,
 883,-59,-178,148,145,91,89,
 884,-59,-158,158,131,85,90,
 885,-61,-179,160,120,82,92,
 886,-57,-160,158,134,85,95,
 887,-62,-162,153,131,89,93,
 888,-55,-176,158,113,91,91,
 889,-63,-178,159,131,83,91,
 890,-60,-160,151,147,89,90,
 891,-59,-178,154,132,102,94,
 892,-64,-168,153,125,92,90,
 893,-55,-163,152,142,93,90,
 894,-61,-173,161,152,89,92,
 895,-57,-171,162,126,89,95,
 896,-56,-162,161,135,84,90,
 897,-63,-176,159,154,85,95,
 898,-58,-168,161,144,102,97,
 899,-61,-162,152,117,92,95,
 900,-58,-181,155,145,100,94,
 901,-62,-172,161,161,101,101,
 902,-56,-155,158,142,99,101,
 903,-51,-175,165,116,92,103,
 904,-59,-176,157,137,89,94,
 905,-55,-165,153,155,94,94,
 906,-62,-176,150,123,97,93,
 907,-56,-173,150,122,103,94,
 908,-52,-170,153,140,90,94,
 909,-58,-181,160,139,88,95,
 910,-53,-176,152,128,91,101,
 911,-61,-174,158,114,97,103,
 912,-56,-181,167,142,101,96,
 913,-60,-176,169,124,96,95,
 914,-58,-173,155,108,91,98,
 915,-57,-181,168,128,95,100,
 916,-63,-171,159,142,88,101,
 917,-56,-167,151,121,88,99,
 918,-60,-184,166,118,105,99,
 919,-54,-173,157,127,91,99,
 920,-61,-161,158,126,93,99,
 921,-61,-182,172,123,102,104,
 922,-54,-172,160,116,100,110,
 923,-63,-168,165,123,98,106,
 924,-57,-171,159,127,104,109,
 925,-62,-174,164,127,99,107,
 926,-57,-175,169,115,98,114,
 927,-53,-181,161,116,97,107,
 928,-60,-161,164,137,100,103,
 929,-55,-179,161,116,101,103,
 930,-59,-174,163,120,104,104,
 931,-58,-160,167,121,110,107,
 932,-61,-169,162,141,114,102,
 933,-56,-176,171,134,108,105,
 934,-57,-169,172,123,101,110,
 935,-62,-171,169,133,115,108,
 936,-56,-178,166,144,103,107,
 937,-59,-169,169,142,103,102,
 938,-57,-178,168,116,110,107,
 939,-61,-178,170,124,100,102,
 940,-59,-172,174,139,99,106,
 941,-56,-183,164,145,104,111,
 942,-57,-170,160,140,107,111,
 943,-53,-174,159,128,110,106,
 944,-55,-178,165,138,116,104,
 945,-52,-179,170,146,107,103,
 946,-56,-176,172,123,107,106,
 947,-56,-172,173,117,98,102,
 948,-51,-177,169,132,100,101,
 949,-53,-181,169,131,105,104,
 950,-50,-172,172,125,112,104,
 951,-57,-167,170,115,104,102,
 952,-54,-178,172,123,106,105,
 953,-54,-181,175,130,99,105,
 954,-62,-180,170,116,103,102,
 955,-53,-177,173,114,109,96,
 956,-57,-176,174,114,95,101,
 957,-56,-179,177,133,93,98,
 958,-62,-181,172,124,105,99,
 959,-61,-173,172,110,109,101,
 960,-52,-169,167,117,96,102,
 961,-63,-181,180,132,106,101,
 962,-55,-173,174,133,111,99,
 963,-60,-173,164,113,103,103,
 964,-59,-168,171,107,109,94,
 965,-56,-170,169,124,96,91,
 966,-60,-181,173,119,94,96,
 967,-57,-180,168,117,110,93,
 968,-61,-161,172,108,109,97,
 969,-52,-186,173,112,102,101,
 970,-60,-179,167,119,106,98,
 971,-59,-172,171,124,108,100,
 972,-56,-180,179,123,101,96,
 973,-62,-162,172,116,99,95,
 974,-59,-183,168,114,109,94,
 975,-55,-175,177,124,97,96,
 976,-60,-166,177,124,108,91,
 977,-57,-181,179,125,109,94,
 978,-60,-171,181,111,109,93,
 979,-51,-171,179,131,117,97,
 980,-58,-176,179,139,123,100,
 981,-53,-182,176,143,113,94,
 982,-59,-175,183,124,116,92,
 983,-60,-168,176,127,92,94,
 984,-51,-182,181,142,106,94,
 985,-56,-183,169,145,114,95,
 986,-52,-176,174,133,101,93,
 987,-52,-163,172,116,110,96,
 988,-60,-187,182,132,104,100,
 989,-54,-172,178,139,106,95,
 990,-60,-166,176,131,114,95,
 991,-54,-167,175,114,111,94,
 992,-61,-175,181,117,105,97,
 993,-55,-168,173,135,99,95,
 994,-59,-177,176,140,98,90,
 995,-59,-178,178,114,113,94,
 996,-57,-173,176,113,102,88,
 997,-61,-172,178,115,99,91,
 998,-56,-170,179,119,105,90,
 999,-60,-172,182,130,94,95,
 1000,-61,-174,183,115,109,95,
 1001,-54,-164,181,118,107,96,
 1002,-61,-176,178,126,112,103,
 1003,-55,-189,184,131,114,98,
 1004,-58,-167,182,120,111,99,
 1005,-57,-185,184,121,120,96,
 1006,-60,-189,181,113,110,96,
 1007,-58,-176,174,119,123,90,
 1008,-55,-181,176,127,108,96,
 1009,-59,-184,182,118,104,90,
 1010,-55,-170,171,114,124,100,
 1011,-60,-185,183,115,115,97,
 1012,-56,-178,181,109,102,90,
 1013,-53,-172,182,119,106,90,
 1014,-55,-185,178,123,106,98,
 1015,-62,-180,170,114,99,94,
 1016,-58,-172,180,114,109,94,
 1017,-53,-176,180,110,118,101,
 1018,-56,-175,178,116,120,96,
 1019,-55,-173,179,106,117,96,
 1020,-58,-177,185,114,96,97,
 1021,-55,-173,183,114,102,95,
 1022,-57,-161,191,125,111,95,
 1023,-55,-176,192,130,112,96,
 1024,-57,-178,189,128,124,99,
 1025,-55,-181,188,112,107,94,
 1026,-52,-175,185,129,106,93,
 1027,-60,-174,177,129,105,97,
 1028,-54,-178,188,129,116,93,
 1029,-60,-173,183,129,118,90,
 1030,-57,-173,182,121,132,98,
 1031,-54,-164,182,116,103,93,
 1032,-54,-177,180,118,93,92,
 1033,-57,-174,184,136,113,96,
 1034,-57,-158,188,141,111,97,
 1035,-58,-176,190,123,125,94,
 1036,-61,-175,185,116,110,95,
 1037,-55,-170,194,119,115,96,
 1038,-63,-173,190,142,102,91,
 1039,-54,-193,184,140,112,95,
 1040,-58,-183,194,123,121,95,
 1041,-60,-171,200,118,124,99,
 1042,-61,-171,186,115,104,100,
 1043,-56,-162,188,131,105,99,
 1044,-55,-171,186,126,107,96,
 1045,-60,-183,192,115,115,95,
 1046,-60,-162,188,107,103,95,
 1047,-55,-175,191,114,109,100,
 1048,-58,-173,181,130,115,97,
 1049,-56,-175,179,117,111,98,
 1050,-61,-186,193,124,98,102,
 1051,-54,-187,185,110,126,100,
 1052,-61,-178,193,129,103,103,
 1053,-54,-176,192,122,105,103,
 1054,-57,-187,195,118,102,96,
 1055,-54,-176,187,106,96,107,
 1056,-55,-174,192,111,106,102,
 1057,-57,-179,187,124,103,98,
 1058,-60,-184,190,125,116,101,
 1059,-56,-170,185,123,118,107,
 1060,-52,-189,196,111,106,114,
 1061,-60,-187,189,109,105,109,
 1062,-55,-175,190,121,101,112,
 1063,-57,-183,178,128,106,110,
 1064,-53,-187,184,118,121,115,
 1065,-60,-181,194,129,104,113,
 1066,-59,-176,194,112,98,113,
 1067,-57,-176,191,116,117,119,
 1068,-59,-180,186,113,100,112,
 1069,-55,-180,194,128,128,112,
 1070,-60,-177,189,120,108,119,
 1071,-51,-180,189,115,111,115,
 1072,-58,-172,181,113,93,114,
 1073,-57,-178,197,127,108,118,
 1074,-60,-183,182,128,97,116,
 1075,-53,-175,187,128,105,112,
 1076,-58,-180,197,113,109,113,
 1077,-55,-189,199,125,120,111,
 1078,-57,-190,200,130,103,121,
 1079,-60,-164,207,146,117,111,
 1080,-56,-178,206,130,110,120,
 1081,-55,-173,203,120,121,110,
 1082,-56,-173,200,120,100,112,
 1083,-59,-169,192,133,106,112,
 1084,-58,-186,193,143,127,113,
 1085,-59,-189,197,144,109,112,
 1086,-55,-177,185,126,106,114,
 1087,-55,-173,193,118,100,105,
 1088,-56,-184,196,134,112,112,
 1089,-54,-180,192,138,106,116,
 1090,-58,-166,196,130,117,108,
 1091,-54,-176,183,124,102,114,
 1092,-60,-174,195,123,109,108,
 1093,-56,-182,188,134,97,113,
 1094,-53,-180,199,132,112,120,
 1095,-52,-178,198,124,118,111,
 1096,-56,-169,187,122,119,116,
 1097,-55,-168,197,118,112,108,
 1098,-50,-165,198,120,96,106,
 1099,-54,-175,189,131,120,120,
 1100,-57,-174,196,123,103,110,
 1101,-57,-175,193,119,108,114,
 1102,-49,-173,197,116,93,119,
 1103,-57,-177,195,119,103,121,
 1104,-59,-173,193,135,112,117,
 1105,-60,-166,197,132,118,114,
 1106,-50,-189,187,119,116,122,
 1107,-57,-186,190,112,90,118,
 1108,-57,-175,187,128,109,116,
 1109,-59,-170,182,133,105,116,
 1110,-56,-182,186,127,127,115,
 1111,-55,-179,191,121,100,119,
 1112,-56,-168,195,109,106,107,
 1113,-53,-176,196,118,95,111,
 1114,-58,-181,198,127,114,106,
 1115,-54,-178,199,127,119,102,
 1116,-60,-169,201,119,100,104,
 1117,-53,-178,203,119,100,104,
 1118,-59,-181,204,132,95,110,
 1119,-51,-175,193,124,103,110,
 1120,-58,-172,197,118,92,104,
 1121,-55,-174,198,124,112,105,
 1122,-60,-181,199,120,103,105,
 1123,-56,-177,195,129,114,104,
 1124,-59,-176,194,126,111,109,
 1125,-54,-172,187,127,102,106,
 1126,-55,-182,198,124,106,106,
 1127,-53,-189,187,121,92,112,
 1128,-57,-179,196,140,113,106,
 1129,-54,-176,184,140,113,109,
 1130,-59,-178,194,141,118,109,
 1131,-53,-169,186,142,91,111,
 1132,-52,-163,198,112,96,112,
 1133,-55,-177,208,127,119,112,
 1134,-55,-175,192,149,107,111,
 1135,-58,-178,193,154,117,120,
 1136,-53,-176,204,136,99,119,
 1137,-55,-170,191,125,92,118,
 1138,-52,-170,198,137,115,116,
 1139,-57,-178,188,144,112,114,
 1140,-49,-188,194,135,104,118,
 1141,-54,-178,191,130,97,111,
 1142,-50,-177,186,122,109,116,
 1143,-57,-181,188,141,99,117,
 1144,-53,-183,196,141,113,113,
 1145,-54,-174,195,127,95,110,
 1146,-53,-172,194,113,94,112,
 1147,-59,-167,202,127,103,122,
 1148,-54,-178,200,136,98,121,
 1149,-56,-181,185,132,115,113,
 1150,-56,-179,193,112,114,122,
 1151,-61,-170,197,124,108,113,
 1152,-53,-175,189,124,101,121,
 1153,-53,-180,197,125,105,118,
 1154,-57,-185,198,122,110,122,
 1155,-59,-179,198,113,95,129,
 1156,-55,-180,203,114,100,119,
 1157,-58,-174,201,119,88,118,
 1158,-56,-179,193,134,107,130,
 1159,-59,-184,200,128,112,125,
 1160,-53,-177,186,129,94,124,
 1161,-58,-161,185,116,103,133,
 1162,-54,-174,194,119,94,128,
 1163,-60,-167,197,136,95,120,
 1164,-56,-181,197,128,89,132,
 1165,-51,-171,189,113,91,127,
 1166,-58,-161,202,117,107,129,
 1167,-58,-163,197,124,101,129,
 1168,-58,-171,203,138,104,129,
 1169,-54,-174,193,125,87,123,
 1170,-59,-174,201,125,95,126,
 1171,-56,-171,202,119,113,121,
 1172,-58,-167,194,138,101,116,
 1173,-49,-166,205,139,103,121,
 1174,-54,-187,195,131,89,119,
 1175,-56,-172,206,122,110,126,
 1176,-55,-183,199,130,102,123,
 1177,-52,-172,204,145,99,122,
 1178,-57,-173,191,144,110,129,
 1179,-52,-172,200,138,94,129,
 1180,-58,-181,203,127,99,124,
 1181,-54,-182,198,136,82,124,
 1182,-52,-177,199,143,115,124,
 1183,-53,-173,202,142,120,127,
 1184,-61,-170,198,136,98,129,
 1185,-52,-174,199,129,103,132,
 1186,-58,-174,200,148,83,130,
 1187,-54,-163,201,146,98,125,
 1188,-57,-176,201,135,93,121,
 1189,-56,-169,202,120,85,127,
 1190,-55,-185,207,132,111,118,
 1191,-56,-181,199,145,102,131,
 1192,-60,-172,206,136,116,119,
 1193,-51,-174,199,131,90,128,
 1194,-59,-176,195,114,91,124,
 1195,-54,-167,200,127,111,114,
 1196,-57,-180,194,139,106,125,
 1197,-51,-184,204,131,110,125,
 1198,-58,-185,207,127,85,117,
 1199,-57,-174,209,117,101,119,
 1200,-54,-168,199,126,98,122,
 1201,-52,-168,197,128,106,123,
 1202,-53,-172,190,123,104,126,
 1203,-60,-186,195,117,76,121,
 1204,-53,-189,204,125,92,126,
 1205,-54,-181,198,137,100,117,
 1206,-52,-174,195,132,109,121,
 1207,-51,-175,201,122,94,133,
 1208,-56,-182,197,124,97,136,
 1209,-53,-186,203,134,93,128,
 1210,-59,-186,204,128,106,125,
 1211,-52,-185,205,123,102,124,
 1212,-57,-179,193,121,83,128,
 1213,-53,-189,199,116,102,130,
 1214,-51,-178,197,122,90,129,
 1215,-49,-178,201,131,107,131,
 1216,-53,-178,207,134,84,120,
 1217,-58,-187,203,128,93,127,
 1218,-49,-185,214,122,87,123,
 1219,-57,-183,213,132,91,124,
 1220,-54,-184,207,138,100,129,
 1221,-53,-184,206,124,92,135,
 1222,-48,-171,203,116,96,132,
 1223,-52,-178,201,123,90,139,
 1224,-58,-184,203,144,86,132,
 1225,-52,-185,188,147,88,138,
 1226,-55,-174,192,134,97,130,
 1227,-52,-182,197,124,98,138,
 1228,-51,-179,197,130,107,132,
 1229,-55,-182,205,142,91,132,
 1230,-50,-174,192,147,87,138,
 1231,-56,-181,199,128,95,129,
 1232,-50,-181,190,127,71,123,
 1233,-52,-179,203,140,86,132,
 1234,-58,-190,203,143,93,132,
 1235,-57,-175,203,131,104,128,
 1236,-59,-169,208,123,100,127,
 1237,-55,-180,203,131,80,126,
 1238,-58,-173,196,129,86,122,
 1239,-51,-189,206,128,90,118,
 1240,-56,-184,206,127,98,125,
 1241,-54,-185,205,123,86,127,
 1242,-60,-172,198,123,90,123,
 1243,-57,-180,202,121,73,120,
 1244,-55,-173,198,123,91,124,
 1245,-60,-175,201,119,95,126,
 1246,-56,-178,203,128,88,136,
 1247,-57,-176,199,132,99,125,
 1248,-56,-171,199,131,84,129,
 1249,-51,-183,200,125,100,116,
 1250,-58,-188,203,110,72,125,
 1251,-57,-175,199,120,87,130,
 1252,-56,-182,205,145,77,132,
 1253,-58,-174,207,124,97,116,
 1254,-54,-177,199,131,95,120,
 1255,-56,-178,204,119,118,120,
 1256,-56,-181,189,133,85,124,
 1257,-51,-176,195,131,83,119,
 1258,-58,-185,204,121,92,117,
 1259,-54,-182,205,126,99,117,
 1260,-51,-181,203,124,92,120,
 1261,-54,-175,202,126,97,115,
 1262,-53,-173,201,125,89,119,
 1263,-52,-183,204,131,86,127,
 1264,-56,-176,202,129,95,122,
 1265,-49,-171,207,131,92,125,
 1266,-55,-182,200,133,107,123,
 1267,-55,-186,199,123,74,132,
 1268,-52,-180,191,133,91,134,
 1269,-56,-174,201,129,76,126,
 1270,-56,-175,195,142,98,127,
 1271,-50,-175,206,130,81,131,
 1272,-55,-179,207,144,92,130,
 1273,-54,-178,192,117,84,127,
 1274,-49,-184,201,132,93,133,
 1275,-55,-187,192,145,81,139,
 1276,-60,-187,198,141,97,131,
 1277,-53,-183,204,142,78,130,
 1278,-57,-186,196,123,92,134,
 1279,-58,-180,193,129,70,129,
 1280,-53,-183,200,148,88,128,
 1281,-59,-183,208,150,81,125,
 1282,-55,-179,207,123,97,135,
 1283,-51,-175,206,125,83,124,
 1284,-56,-183,207,125,95,129,
 1285,-56,-181,212,148,90,134,
 1286,-55,-186,203,124,91,132,
 1287,-54,-193,199,118,89,132,
 1288,-54,-190,202,130,90,135,
 1289,-51,-179,203,130,79,130,
 1290,-56,-187,202,131,80,138,
 1291,-59,-191,203,125,85,131,
 1292,-53,-184,199,119,91,133,
 1293,-54,-190,207,127,85,129,
 1294,-61,-191,213,134,96,117,
 1295,-54,-180,208,117,77,125,
 1296,-52,-190,205,118,86,125,
 1297,-60,-192,208,122,86,126,
 1298,-53,-188,203,125,93,131,
 1299,-52,-182,206,130,81,122,
 1300,-56,-179,211,120,91,131,
 1301,-54,-188,206,132,79,123,
 1302,-52,-187,206,116,90,115,
 1303,-58,-178,198,129,86,125,
 1304,-53,-182,208,130,80,118,
 1305,-51,-178,211,126,65,117,
 1306,-52,-184,206,123,80,118,
 1307,-49,-185,205,124,87,125,
 1308,-52,-182,210,128,92,118,
 1309,-52,-189,203,128,82,114,
 1310,-55,-179,194,120,89,112,
 1311,-49,-187,210,123,75,117,
 1312,-50,-182,205,123,91,118,
 1313,-57,-192,207,139,78,129,
 1314,-59,-183,205,134,96,120,
 1315,-51,-190,198,125,84,113,
 1316,-53,-188,207,120,98,111,
 1317,-59,-190,202,129,85,109,
 1318,-52,-193,203,143,85,120,
 1319,-51,-195,198,142,88,123,
 1320,-51,-192,201,134,83,114,
 1321,-53,-195,203,120,93,115,
 1322,-56,-191,208,119,79,115,
 1323,-54,-196,197,137,82,117,
 1324,-55,-191,204,155,82,118,
 1325,-58,-187,207,134,86,116,
 1326,-54,-179,213,131,81,111,
 1327,-52,-191,217,119,81,112,
 1328,-57,-192,211,144,71,107,
 1329,-55,-187,215,143,86,108,
 1330,-52,-198,206,134,75,114,
 1331,-53,-183,210,124,83,113,
 1332,-57,-193,206,128,84,113,
 1333,-58,-198,209,144,86,118,
 1334,-50,-197,205,131,84,113,
 1335,-51,-185,208,124,74,119,
 1336,-57,-191,197,123,88,121,
 1337,-56,-182,206,118,76,120,
 1338,-55,-185,211,129,94,125,
 1339,-48,-192,207,133,77,118,
 1340,-52,-193,201,125,83,119,
 1341,-59,-192,216,111,77,114,
 1342,-59,-184,212,115,76,117,
 1343,-50,-197,203,129,87,118,
 1344,-55,-196,220,134,81,118,
 1345,-56,-187,209,120,86,117,
 1346,-55,-186,208,110,77,117,
 1347,-51,-188,210,115,75,112,
 1348,-51,-192,215,122,75,115,
 1349,-54,-193,208,128,78,112,
 1350,-48,-186,211,119,73,107,
 1351,-50,-199,212,103,75,114,
 1352,-51,-198,206,128,81,111,
 1353,-54,-196,212,130,59,113,
 1354,-56,-187,215,128,80,114,
 1355,-47,-192,211,120,80,109,
 1356,-49,-193,205,118,80,102,
 1357,-51,-196,208,111,91,98,
 1358,-52,-193,210,129,76,100,
 1359,-53,-198,206,126,81,106,
 1360,-48,-198,212,116,73,102,
 1361,-50,-185,214,118,80,103,
 1362,-52,-197,204,115,91,104,
 1363,-54,-193,215,118,84,102,
 1364,-54,-193,214,129,79,101,
 1365,-50,-199,210,128,70,101,
 1366,-51,-196,209,127,76,102,
 1367,-50,-199,208,121,86,106,
 1368,-54,-195,203,131,83,113,
 1369,-53,-198,190,134,81,108,
 1370,-49,-192,209,134,68,103,
 1371,-52,-193,208,136,83,106,
 1372,-54,-194,210,127,84,100,
 1373,-55,-199,210,115,76,100,
 1374,-57,-188,213,120,74,96,
 1375,-52,-198,208,142,72,100,
 1376,-53,-191,212,143,74,95,
 1377,-53,-192,213,128,81,95,
 1378,-51,-197,205,118,82,96,
 1379,-57,-194,211,113,85,96,
 1380,-50,-191,208,144,59,100,
 1381,-51,-190,200,140,75,97,
 1382,-51,-190,208,131,82,101,
 1383,-55,-194,211,121,69,93,
 1384,-55,-184,210,110,84,98,
 1385,-51,-196,199,126,65,93,
 1386,-52,-186,207,128,68,92,
 1387,-53,-193,207,125,71,91,
 1388,-53,-201,212,121,71,87,
 1389,-55,-192,201,117,77,95,
 1390,-51,-203,207,117,76,95,
 1391,-51,-203,215,119,74,89,
 1392,-56,-201,204,121,79,91,
 1393,-55,-197,224,119,78,91,
 1394,-54,-189,214,126,86,84,
 1395,-51,-200,214,114,78,79,
 1396,-52,-203,209,115,82,82,
 1397,-50,-207,205,122,82,86,
 1398,-52,-206,206,117,80,79,
 1399,-54,-200,209,113,85,81,
 1400,-50,-195,211,110,78,78,
 1401,-54,-203,209,117,78,81,
 1402,-49,-201,205,119,72,80,
 1403,-51,-199,204,111,78,73,
 1404,-52,-203,208,115,63,78,
 1405,-52,-193,220,121,80,79,
 1406,-55,-199,205,119,81,76,
 1407,-49,-198,217,108,69,75,
 1408,-49,-199,213,120,74,75,
 1409,-48,-199,206,111,77,76,
 1410,-50,-208,205,132,61,77,
 1411,-52,-207,211,123,75,80,
 1412,-54,-204,211,113,80,80,
 1413,-57,-209,212,110,65,79,
 1414,-48,-210,221,113,77,79,
 1415,-50,-211,218,120,70,76,
 1416,-48,-210,207,123,68,73,
 1417,-56,-198,214,121,79,73,
 1418,-56,-196,208,115,75,78,
 1419,-53,-198,209,117,76,76,
 1420,-54,-201,208,107,84,76,
 1421,-50,-201,204,108,70,80,
 1422,-53,-213,203,119,71,75,
 1423,-51,-195,198,128,78,73,
 1424,-52,-208,212,123,63,74,
 1425,-57,-204,215,125,84,71,
 1426,-53,-204,214,119,90,71,
 1427,-51,-214,211,126,78,78,
 1428,-51,-203,212,132,72,75,
 1429,-55,-208,210,130,70,75,
 1430,-55,-214,208,126,63,73,
 1431,-51,-210,214,120,69,78,
 1432,-52,-211,215,111,77,79,
 1433,-53,-211,218,115,69,77,
 1434,-54,-206,213,136,78,74,
 1435,-55,-202,223,136,77,72,
 1436,-53,-219,214,135,72,68,
 1437,-56,-218,222,126,64,71,
 1438,-52,-212,220,119,66,75,
 1439,-50,-214,205,118,71,72,
 1440,-48,-210,203,118,69,74,
 1441,-54,-211,205,139,80,73,
 1442,-59,-208,214,118,77,66,
 1443,-56,-200,204,139,74,69,
 1444,-51,-208,213,117,76,64,
 1445,-52,-210,214,114,66,69,
 1446,-54,-201,204,111,64,66,
 1447,-60,-214,217,114,76,70,
 1448,-55,-211,214,130,77,70,
 1449,-53,-214,219,126,69,65,
 1450,-46,-209,205,122,79,65,
 1451,-47,-200,207,120,82,68,
 1452,-49,-198,212,111,74,68,
 1453,-54,-216,205,104,76,67,
 1454,-57,-217,216,114,84,66,
 1455,-51,-213,210,117,65,63,
 1456,-52,-213,209,120,71,61,
 1457,-49,-196,216,117,67,55,
 1458,-54,-209,209,112,63,42,
 1459,-57,-218,214,106,75,26,
 1460,-51,-212,210,117,79,6,
 1461,-49,-206,208,118,68,-22,
 1462,-51,-213,209,113,74,-53,
 1463,-54,-206,215,107,64,-54,
 1464,-56,-216,216,113,82,-51,
 1465,-53,-206,214,101,74,-70,
 1466,-53,-218,214,103,71,-74,
 1467,-48,-216,217,104,75,-82,
 1468,-53,-212,219,111,80,-76,
 1469,-58,-213,218,113,78,-77,
 1470,-51,-213,216,110,78,-73,
 1471,-53,-210,214,111,82,-77,
 1472,-49,-210,216,101,81,-75,
 1473,-54,-206,222,106,78,-72,
 1474,-58,-201,212,107,77,-76,
 1475,-52,-213,212,105,82,-78,
 1476,-55,-216,209,102,82,-77,
 1477,-52,-211,218,109,82,-81,
 1478,-53,-213,215,110,75,-82,
 1479,-57,-205,212,96,68,-83,
 1480,-55,-219,216,101,61,-84,
 1481,-51,-224,222,115,79,-82,
 1482,-51,-224,217,104,71,-82,
 1483,-56,-211,216,107,69,-84,
 1484,-58,-208,218,104,83,-84,
 1485,-56,-222,220,115,79,-84,
 1486,-51,-220,226,111,63,-86,
 1487,-55,-220,220,113,74,-84,
 1488,-57,-212,224,105,69,-87,
 1489,-60,-209,210,102,62,-88,
 1490,-52,-223,210,99,73,-86,
 1491,-49,-223,221,108,74,-89,
 1492,-58,-227,215,110,73,-84,
 1493,-59,-218,214,114,78,-85,
 1494,-52,-218,222,104,77,-87,
 1495,-50,-219,219,108,72,-86,
 1496,-56,-217,218,110,75,-87,
 1497,-59,-231,207,102,69,-87,
 1498,-53,-211,217,100,69,-93,
 1499,-50,-217,214,105,76,-90,
 1500,-56,-224,215,114,79,-90,
 1501,-52,-216,219,117,76,-89,
 1502,-50,-211,208,118,78,-89,
 1503,-55,-216,221,133,81,-93,
 1504,-54,-227,216,123,86,-95,
 1505,-54,-223,216,113,74,-92,
 1506,-49,-213,222,105,68,-89,
 1507,-53,-203,221,99,69,-91,
 1508,-56,-224,218,95,66,-93,
 1509,-50,-221,222,110,77,-94,
 1510,-51,-228,221,117,80,-92,
 1511,-54,-219,220,126,80,-92,
 1512,-58,-213,219,122,75,-93,
 1513,-51,-224,220,123,75,-93,
 1514,-57,-226,219,102,79,-94,
 1515,-56,-218,206,105,77,-94,
 1516,-57,-208,217,108,73,-96,
 1517,-52,-222,220,113,74,-99,
 1518,-56,-226,211,112,70,-97,
 1519,-57,-218,207,108,71,-99,
 1520,-50,-216,223,117,71,-102,
 1521,-58,-225,222,125,66,-109,
 1522,-56,-219,217,114,74,-109,
 1523,-55,-214,219,101,74,-105,
 1524,-56,-215,223,116,78,-105,
 1525,-59,-232,224,113,68,-109,
 1526,-52,-228,224,107,65,-105,
 1527,-52,-206,233,108,80,-102,
 1528,-56,-216,223,105,70,-110,
 1529,-51,-228,220,113,75,-107,
 1530,-59,-231,210,114,71,-109,
 1531,-53,-225,219,110,70,-113,
 1532,-52,-217,220,106,77,-118,
 1533,-59,-220,209,104,78,-115,
 1534,-56,-217,218,109,83,-115,
 1535,-56,-222,225,105,75,-122,
 1536,-59,-226,227,96,77,-125,
 1537,-52,-228,212,110,77,-121,
 1538,-61,-222,228,110,72,-124,
 1539,-56,-216,226,106,85,-117,
 1540,-59,-226,223,102,76,-124,
 1541,-54,-229,224,100,70,-116,
 1542,-54,-223,226,99,78,-120,
 1543,-58,-221,224,100,79,-123,
 1544,-53,-239,214,107,69,-126,
 1545,-56,-223,220,107,74,-134,
 1546,-51,-211,227,105,74,-124,
 1547,-55,-218,224,101,73,-125,
 1548,-52,-233,217,113,73,-128,
 1549,-56,-221,221,103,74,-122,
 1550,-57,-224,227,103,73,-126,
 1551,-53,-226,214,97,73,-115,
 1552,-58,-220,210,98,75,-124,
 1553,-49,-222,217,100,78,-119,
 1554,-57,-234,231,95,81,-125,
 1555,-56,-232,223,100,72,-123,
 1556,-63,-231,218,102,75,-124,
 1557,-51,-230,220,111,72,-123,
 1558,-55,-219,218,110,72,-118,
 1559,-59,-231,232,108,78,-115,
 1560,-60,-221,231,102,83,-117,
 1561,-51,-217,231,104,87,-123,
 1562,-54,-223,228,103,76,-121,
 1563,-61,-225,225,96,85,-128,
 1564,-63,-236,231,95,88,-131,
 1565,-52,-226,225,103,84,-121,
 1566,-60,-215,224,108,78,-120,
 1567,-54,-221,227,108,81,-125,
 1568,-61,-222,224,107,81,-119,
 1569,-52,-216,218,110,78,-125,
 1570,-60,-221,229,105,80,-118,
 1571,-55,-227,228,104,79,-122,
 1572,-62,-234,231,109,88,-129,
 1573,-58,-228,221,94,81,-122,
 1574,-60,-242,220,91,74,-123,
 1575,-55,-220,232,113,81,-126,
 1576,-58,-219,235,110,66,-118,
 1577,-61,-232,233,101,74,-119,
 1578,-57,-220,222,103,82,-122,
 1579,-63,-229,223,108,83,-119,
 1580,-59,-234,222,100,76,-121,
 1581,-55,-227,215,105,76,-124,
 1582,-63,-221,222,103,77,-122,
 1583,-53,-227,228,101,76,-123,
 1584,-51,-247,225,104,83,-123,
 1585,-55,-220,223,107,78,-120,
 1586,-60,-227,227,107,72,-112,
 1587,-54,-228,218,110,62,-114,
 1588,-60,-220,231,112,69,-121,
 1589,-57,-223,220,107,82,-115,
 1590,-53,-232,232,117,77,-116,
 1591,-59,-212,222,101,81,-114,
 1592,-57,-234,231,110,76,-117,
 1593,-58,-232,223,107,70,-109,
 1594,-64,-222,226,105,74,-107,
 1595,-60,-221,213,103,74,-109,
 1596,-59,-225,228,110,84,-116,
 1597,-62,-204,221,114,82,-117,
 1598,-56,-214,219,117,76,-109,
 1599,-56,-227,230,112,83,-109,
 1600,-63,-221,220,130,79,-116,
 1601,-65,-232,223,122,81,-115,
 1602,-64,-230,219,104,74,-107,
 1603,-64,-212,233,101,77,-109,
 1604,-57,-221,223,106,84,-114,
 1605,-60,-219,214,109,82,-108,
 1606,-64,-229,233,107,83,-114,
 1607,-57,-223,234,102,78,-119,
 1608,-58,-225,213,109,74,-117,
 1609,-58,-224,228,122,80,-119,
 1610,-65,-227,227,120,88,-112,
 1611,-59,-222,231,124,82,-115,
 1612,-55,-223,224,117,80,-114,
 1613,-58,-231,218,113,85,-123,
 1614,-63,-228,236,107,87,-123,
 1615,-62,-230,234,100,84,-118,
 1616,-59,-234,225,97,86,-118,
 1617,-60,-213,227,107,88,-126,
 1618,-62,-232,218,115,81,-121,
 1619,-60,-233,230,122,85,-117,
 1620,-62,-240,230,121,87,-113,
 1621,-64,-221,228,116,88,-118,
 1622,-63,-224,232,114,77,-120,
 1623,-57,-239,223,105,84,-125,
 1624,-58,-236,225,112,83,-124,
 1625,-57,-227,224,105,90,-117,
 1626,-57,-238,233,102,86,-110,
 1627,-63,-232,220,96,76,-115,
 1628,-65,-223,225,126,84,-122,
 1629,-61,-237,231,117,90,-118,
 1630,-63,-232,222,109,84,-121,
 1631,-63,-229,221,110,79,-118,
 1632,-60,-226,221,111,85,-123,
 1633,-64,-214,225,106,87,-126,
 1634,-63,-236,214,102,81,-126,
 1635,-64,-229,228,109,86,-119,
 1636,-63,-229,218,110,88,-118,
 1637,-64,-227,235,116,82,-119,
 1638,-60,-223,230,117,86,-128,
 1639,-64,-236,230,114,83,-124,
 1640,-61,-215,228,111,77,-121,
 1641,-65,-219,232,114,81,-122,
 1642,-59,-244,226,110,80,-130,
 1643,-62,-233,231,107,87,-125,
 1644,-62,-231,227,108,80,-114,
 1645,-66,-228,231,102,80,-122,
 1646,-66,-223,230,102,73,-122,
 1647,-61,-229,222,108,74,-123,
 1648,-59,-233,231,105,76,-126,
 1649,-58,-241,232,104,77,-122,
 1650,-58,-229,233,102,89,-123,
 1651,-59,-229,226,107,89,-123,
 1652,-58,-225,237,117,79,-114,
 1653,-64,-221,226,111,88,-112,
 1654,-61,-236,234,105,83,-120,
 1655,-60,-235,218,104,83,-123,
 1656,-65,-214,220,103,92,-116,
 1657,-61,-231,223,109,89,-115,
 1658,-63,-224,225,109,91,-108,
 1659,-62,-231,217,107,97,-110,
 1660,-63,-232,226,110,84,-112,
 1661,-59,-222,220,109,75,-112,
 1662,-59,-240,221,107,92,-115,
 1663,-60,-220,223,101,89,-109,
 1664,-64,-233,228,101,83,-113,
 1665,-65,-218,228,105,82,-111,
 1666,-65,-225,231,104,85,-114,
 1667,-61,-230,229,102,88,-121,
 1668,-65,-224,232,111,84,-112,
 1669,-63,-233,224,101,91,-113,
 1670,-67,-218,224,104,91,-109,
 1671,-67,-225,227,107,83,-114,
 1672,-63,-233,222,107,86,-106,
 1673,-68,-233,225,105,81,-108,
 1674,-65,-247,215,100,91,-109,
 1675,-63,-225,232,110,89,-111,
 1676,-59,-234,232,109,92,-110,
 1677,-59,-232,228,105,73,-108,
 1678,-64,-235,228,130,89,-112,
 1679,-59,-229,225,123,85,-106,
 1680,-60,-225,230,111,86,-107,
 1681,-65,-231,218,109,72,-109,
 1682,-60,-207,233,113,88,-109,
 1683,-61,-233,229,108,91,-106,
 1684,-67,-232,235,110,76,-105,
 1685,-68,-225,234,118,82,-107,
 1686,-65,-234,221,123,89,-106,
 1687,-63,-220,228,120,85,-103,
 1688,-63,-236,224,127,90,-102,
 1689,-67,-225,228,116,90,-99,
 1690,-70,-233,226,105,93,-102,
 1691,-66,-225,222,114,86,-98,
 1692,-63,-222,227,116,90,-97,
 1693,-62,-234,227,116,93,-97,
 1694,-69,-225,226,125,82,-95,
 1695,-67,-220,231,125,89,-102,
 1696,-65,-226,226,131,89,-97,
 1697,-62,-235,223,131,85,-89,
 1698,-68,-210,230,123,84,-96,
 1699,-70,-229,226,120,91,-97,
 1700,-69,-217,237,123,102,-90,
 1701,-70,-207,222,118,97,-91,
 1702,-60,-236,220,113,97,-95,
 1703,-64,-228,232,117,78,-93,
 1704,-66,-227,222,121,89,-90,
 1705,-68,-223,219,132,97,-88,
 1706,-67,-229,229,132,92,-90,
 1707,-67,-232,223,127,98,-94,
 1708,-65,-237,223,118,91,-94,
 1709,-62,-227,217,124,96,-95,
 1710,-63,-228,229,120,78,-89,
 1711,-69,-228,232,114,83,-93,
 1712,-66,-214,230,127,100,-93,
 1713,-71,-232,220,115,91,-88,
 1714,-65,-224,235,124,88,-91,
 1715,-71,-234,231,130,88,-87,
 1716,-64,-218,233,124,77,-87,
 1717,-73,-223,232,110,85,-87,
 1718,-67,-229,222,121,84,-85,
 1719,-72,-222,221,130,93,-89,
 1720,-67,-225,234,132,88,-89,
 1721,-66,-215,232,122,89,-87,
 1722,-69,-227,231,134,84,-91,
 1723,-65,-220,234,123,84,-95,
 1724,-70,-226,230,117,99,-94,
 1725,-68,-219,224,118,91,-96,
 1726,-63,-228,229,121,86,-99,
 1727,-70,-222,233,114,93,-91,
 1728,-68,-219,236,119,84,-91,
 1729,-66,-213,227,123,87,-90,
 1730,-65,-207,231,119,97,-93,
 1731,-68,-230,242,111,84,-87,
 1732,-63,-233,229,118,89,-90,
 1733,-70,-232,235,112,92,-95,
 1734,-66,-225,228,115,94,-92,
 1735,-64,-220,229,116,101,-91,
 1736,-68,-223,229,126,95,-93,
 1737,-66,-215,232,126,91,-93,
 1738,-67,-225,229,115,93,-98,
 1739,-69,-215,233,107,91,-95,
 1740,-65,-230,227,120,86,-98,
 1741,-72,-213,226,113,93,-94,
 1742,-73,-231,230,117,92,-96,
 1743,-64,-225,226,123,88,-91,
 1744,-75,-224,226,126,81,-95,
 1745,-71,-215,235,120,89,-95,
 1746,-70,-218,242,118,90,-92,
 1747,-64,-223,234,117,88,-94,
 1748,-67,-210,225,115,92,-89,
 1749,-64,-233,223,120,88,-87,
 1750,-70,-219,226,115,87,-91,
 1751,-63,-225,228,122,92,-89,
 1752,-68,-215,223,121,93,-91,
 1753,-69,-220,219,112,91,-88,
 1754,-63,-219,228,120,85,-90,
 1755,-70,-233,221,124,83,-90,
 1756,-62,-224,232,116,91,-88,
 1757,-73,-224,230,117,81,-88,
 1758,-72,-223,238,129,95,-87,
 1759,-71,-209,230,128,87,-84,
 1760,-71,-235,228,116,88,-87,
 1761,-66,-215,226,128,101,-91,
 1762,-70,-223,231,114,86,-93,
 1763,-74,-215,226,112,92,-88,
 1764,-68,-221,219,122,102,-87,
 1765,-70,-223,227,126,95,-87,
 1766,-74,-216,226,127,108,-86,
 1767,-70,-223,226,122,101,-87,
 1768,-71,-211,225,128,70,-84,
 1769,-70,-225,214,120,91,-80,
 1770,-66,-202,228,124,94,-86,
 1771,-70,-220,226,120,92,-86,
 1772,-65,-213,224,133,93,-93,
 1773,-66,-217,230,140,84,-90,
 1774,-64,-215,230,135,82,-88,
 1775,-68,-221,231,129,101,-91,
 1776,-69,-215,223,129,89,-86,
 1777,-71,-210,230,108,97,-90,
 1778,-74,-209,228,138,90,-90,
 1779,-76,-213,234,142,94,-86,
 1780,-75,-229,236,142,90,-83,
 1781,-65,-205,237,140,80,-87,
 1782,-72,-221,228,141,90,-91,
 1783,-71,-202,221,119,102,-92,
 1784,-73,-215,230,116,93,-91,
 1785,-71,-216,214,133,95,-90,
 1786,-73,-211,219,147,91,-90,
 1787,-67,-220,220,146,91,-87,
 1788,-72,-208,218,134,99,-81,
 1789,-64,-218,229,115,92,-70,
 1790,-68,-209,226,120,98,-55,
 1791,-62,-225,219,121,82,-35,
 1792,-68,-209,224,128,81,-17,
 1793,-70,-213,222,126,95,12,
 1794,-74,-213,231,140,85,42,
 1795,-74,-208,227,126,87,71,
 1796,-74,-218,230,123,87,56,
 1797,-70,-212,234,131,83,57,
 1798,-70,-219,228,129,88,67,
 1799,-75,-204,212,131,88,77,
 1800,-74,-207,224,121,85,74,
 1801,-72,-188,220,119,95,78,
 1802,-70,-220,221,114,100,68,
 1803,-66,-207,224,117,103,73,
 1804,-71,-208,219,114,102,72,
 1805,-72,-197,223,122,101,81,
 1806,-71,-197,227,120,96,79,
 1807,-76,-207,228,126,90,81,
 1808,-75,-196,225,119,102,82,
 1809,-65,-209,229,117,102,76,
 1810,-70,-199,230,119,95,78,
 1811,-70,-221,227,120,92,81,
 1812,-63,-198,218,131,80,79,
 1813,-71,-220,221,123,89,81,
 1814,-72,-218,228,121,97,82,
 1815,-68,-194,225,117,91,86,
 1816,-64,-204,227,113,86,88,
 1817,-72,-196,217,118,83,85,
 1818,-70,-208,214,123,92,85,
 1819,-71,-194,211,131,94,84,
 1820,-68,-205,223,128,83,89,
 1821,-71,-199,230,115,87,90,
 1822,-69,-210,231,104,84,92,
 1823,-76,-214,222,112,81,86,
 1824,-74,-201,214,127,76,92,
 1825,-73,-208,227,131,81,90,
 1826,-72,-185,228,126,81,96,
 1827,-73,-207,214,120,91,99,
 1828,-73,-198,225,118,90,99,
 1829,-67,-216,218,129,97,96,
 1830,-66,-204,228,127,88,93,
 1831,-71,-199,216,122,95,96,
 1832,-71,-211,211,134,69,97,
 1833,-67,-199,225,127,84,95,
 1834,-67,-202,228,121,101,98,
 1835,-66,-196,222,126,92,92,
 1836,-68,-209,222,131,94,94,
 1837,-73,-200,218,133,87,99,
 1838,-74,-206,212,140,84,94,
 1839,-73,-208,227,148,92,93,
 1840,-67,-205,228,137,91,95,
 1841,-72,-211,215,128,87,96,
 1842,-66,-196,227,123,89,88,
 1843,-76,-203,210,129,90,90,
 1844,-74,-200,225,144,95,94,
 1845,-77,-191,227,149,81,91,
 1846,-68,-198,228,139,91,95,
 1847,-74,-194,225,135,82,95,
 1848,-73,-198,220,119,86,93,
 1849,-73,-191,231,134,82,93,
 1850,-72,-198,228,134,93,91,
 1851,-71,-201,226,139,95,90,
 1852,-69,-177,227,133,93,93,
 1853,-72,-197,221,117,90,96,
 1854,-72,-189,219,117,85,93,
 1855,-64,-199,233,129,87,97,
 1856,-70,-197,229,137,79,93,
 1857,-65,-196,222,129,76,91,
 1858,-73,-191,221,129,82,89,
 1859,-68,-181,227,122,83,90,
 1860,-71,-199,223,114,82,89,
 1861,-75,-190,223,127,86,93,
 1862,-71,-202,211,133,83,92,
 1863,-71,-188,222,139,87,93,
 1864,-73,-185,220,114,91,95,
 1865,-70,-203,233,121,89,94,
 1866,-71,-189,223,115,95,93,
 1867,-66,-192,227,123,80,91,
 1868,-69,-192,217,128,83,93,
 1869,-68,-190,219,128,93,93,
 1870,-67,-199,211,122,79,97,
 1871,-62,-194,209,120,90,96,
 1872,-67,-185,223,109,83,93,
 1873,-70,-195,223,117,81,94,
 1874,-67,-189,222,116,84,92,
 1875,-72,-207,224,124,86,93,
 1876,-68,-184,224,126,87,94,
 1877,-66,-192,219,121,87,93,
 1878,-73,-191,220,121,90,100,
 1879,-74,-188,215,110,90,99,
 1880,-74,-199,205,120,80,95,
 1881,-70,-184,217,121,89,98,
 1882,-71,-185,207,120,81,97,
 1883,-67,-191,219,124,82,101,
 1884,-72,-188,214,113,84,101,
 1885,-68,-196,209,119,78,98,
 1886,-70,-184,223,114,80,98,
 1887,-64,-168,218,125,81,97,
 1888,-69,-191,220,122,86,109,
 1889,-72,-181,219,118,98,108,
 1890,-66,-193,211,121,92,104,
 1891,-66,-194,209,119,90,106,
 1892,-68,-177,206,121,75,107,
 1893,-68,-185,216,136,75,106,
 1894,-70,-183,212,133,82,102,
 1895,-67,-181,217,127,84,104,
 1896,-68,-186,220,123,78,104,
 1897,-66,-178,229,115,88,102,
 1898,-69,-188,225,131,78,107,
 1899,-68,-179,215,137,73,111,
 1900,-62,-172,226,140,73,106,
 1901,-69,-187,225,138,77,109,
 1902,-62,-176,220,135,82,110,
 1903,-73,-172,216,121,83,105,
 1904,-68,-181,212,118,88,112,
 1905,-72,-178,225,132,76,106,
 1906,-66,-179,222,145,86,111,
 1907,-72,-178,225,139,89,110,
 1908,-70,-178,220,133,70,110,
 1909,-65,-187,222,130,76,107,
 1910,-66,-184,219,118,84,111,
 1911,-70,-174,213,133,85,113,
 1912,-68,-188,223,137,89,118,
 1913,-67,-174,220,129,77,111,
 1914,-68,-179,216,119,87,112,
 1915,-66,-179,224,119,83,110,
 1916,-60,-165,216,118,72,108,
 1917,-68,-177,220,126,87,113,
 1918,-68,-183,223,127,82,105,
 1919,-70,-166,227,130,71,116,
 1920,-69,-171,227,131,81,108,
 1921,-63,-173,227,125,70,109,
 1922,-69,-167,226,122,69,112,
 1923,-66,-181,230,122,77,111,
 1924,-72,-178,231,129,77,112,
 1925,-66,-178,219,119,67,112,
 1926,-71,-178,220,129,71,113,
 1927,-69,-164,222,114,78,115,
 1928,-66,-162,221,113,87,113,
 1929,-64,-180,220,116,83,112,
 1930,-60,-173,219,116,82,112,
 1931,-66,-167,221,128,86,120,
 1932,-61,-174,221,127,76,121,
 1933,-64,-168,221,116,87,120,
 1934,-65,-170,219,116,80,118,
 1935,-65,-172,213,117,79,117,
 1936,-63,-176,214,115,82,114,
 1937,-65,-172,221,117,77,114,
 1938,-68,-174,223,123,69,120,
 1939,-64,-171,228,124,71,115,
 1940,-70,-169,222,112,66,109,
 1941,-70,-173,215,113,72,110,
 1942,-66,-177,215,114,83,114,
 1943,-68,-165,216,122,73,110,
 1944,-70,-181,215,111,77,118,
 1945,-65,-162,216,126,65,110,
 1946,-66,-169,207,119,62,107,
 1947,-62,-182,218,117,74,111,
 1948,-67,-187,219,112,70,116,
 1949,-70,-169,211,115,64,111,
 1950,-66,-168,217,109,71,113,
 1951,-69,-167,209,115,69,111,
 1952,-60,-158,217,121,69,114,
 1953,-60,-168,223,109,76,109,
 1954,-61,-169,216,113,67,110,
 1955,-62,-169,207,113,72,105,
 1956,-58,-164,216,113,80,112,
 1957,-62,-169,216,123,82,109,
 1958,-61,-164,216,126,83,112,
 1959,-66,-155,205,120,80,105,
 1960,-68,-170,219,120,63,101,
 1961,-65,-162,218,130,71,101,
 1962,-62,-145,225,123,91,107,
 1963,-65,-166,219,115,80,102,
 1964,-66,-156,215,123,78,112,
 1965,-64,-150,214,117,83,106,
 1966,-65,-153,212,126,69,110,
 1967,-57,-166,213,125,68,104,
 1968,-62,-152,214,124,74,107,
 1969,-63,-163,227,122,72,101,
 1970,-61,-158,209,113,66,111,
 1971,-60,-159,222,111,82,106,
 1972,-63,-157,214,120,75,115,
 1973,-60,-155,218,127,71,109,
 1974,-66,-154,219,136,64,112,
 1975,-67,-167,218,136,57,104,
 1976,-67,-160,215,129,65,102,
 1977,-61,-161,215,118,78,103,
 1978,-64,-157,214,106,75,106,
 1979,-64,-152,216,118,67,102,
 1980,-59,-150,213,130,73,102,
 1981,-57,-166,213,134,73,108,
 1982,-63,-165,210,128,67,103,
 1983,-58,-155,215,109,67,106,
 1984,-57,-154,213,110,61,101,
 1985,-60,-157,220,108,61,104,
 1986,-61,-170,222,104,69,103,
 1987,-54,-157,218,110,77,104,
 1988,-55,-156,224,125,66,103,
 1989,-56,-157,211,123,66,110,
 1990,-57,-165,215,118,73,105,
 1991,-65,-151,203,99,64,109,
 1992,-66,-154,213,100,62,104,
 1993,-63,-156,209,106,66,103,
 1994,-64,-153,209,110,71,111,
 1995,-64,-152,214,111,62,102,
 1996,-57,-146,218,107,54,107,
 1997,-63,-153,219,113,62,105,
 1998,-57,-153,224,110,73,100,
 1999,-56,-150,225,102,64,103,
 2000,-56,-151,220,92,60,98,
 2001,-57,-151,216,112,63,102,
 2002,-62,-165,207,103,68,102,
 2003,-57,-153,208,98,71,97,
 2004,-56,-138,204,102,69,107,
 2005,-55,-149,207,109,76,106,
 2006,-53,-160,209,105,67,103,
 2007,-60,-159,216,103,69,108,
 2008,-58,-150,216,105,73,101,
 2009,-59,-138,212,107,67,101,
 2010,-60,-148,216,95,71,109,
 2011,-56,-143,217,103,70,105,
 2012,-57,-147,215,103,72,102,
 2013,-59,-138,213,106,58,107,
 2014,-56,-148,205,106,65,109,
 2015,-54,-148,205,107,71,106,
 2016,-56,-155,210,101,70,113,
 2017,-59,-140,207,93,70,108,
 2018,-58,-149,210,103,59,106,
 2019,-57,-147,205,98,52,112,
 2020,-53,-153,207,95,63,108,
 2021,-58,-155,212,102,65,107,
 2022,-59,-144,215,102,70,106,
 2023,-60,-146,211,106,68,114,
 2024,-53,-146,213,107,57,108,
 2025,-53,-152,209,101,62,105,
 2026,-59,-155,207,99,55,103,
 2027,-58,-144,206,91,63,107,
 2028,-56,-147,205,95,64,112,
 2029,-58,-140,204,95,57,104,
 2030,-59,-154,203,90,56,102,
 2031,-53,-153,213,90,53,109,
 2032,-58,-149,216,100,57,107,
 2033,-53,-145,204,107,61,107,
 2034,-53,-151,217,108,56,103,
 2035,-54,-146,203,101,53,103,
 2036,-54,-138,212,100,58,102,
 2037,-58,-142,200,97,66,105,
 2038,-54,-147,208,96,72,110,
 2039,-48,-136,199,93,60,99,
 2040,-55,-145,201,96,57,101,
 2041,-50,-148,202,97,57,99,
 2042,-56,-144,203,101,52,95,
 2043,-47,-139,197,98,68,96,
 2044,-50,-136,199,100,59,101,
 2045,-49,-136,204,104,62,99,
 2046,-54,-138,210,94,64,102,
 2047,-46,-140,214,104,55,95,
 2048,-53,-138,212,102,55,94,
 2049,-51,-140,205,99,62,95,
 2050,-55,-130,207,94,59,91,
 2051,-46,-149,203,80,55,95,
 2052,-52,-138,199,110,67,99,
 2053,-53,-140,194,102,54,96,
 2054,-48,-146,198,104,51,98,
 2055,-53,-139,201,101,58,94,
 2056,-52,-133,203,103,62,93,
 2057,-54,-130,202,107,54,93,
 2058,-53,-136,205,117,62,92,
 2059,-50,-137,208,116,68,92,
 2060,-55,-133,217,118,60,104,
 2061,-50,-137,214,105,61,98,
 2062,-49,-139,210,99,64,95,
 2063,-50,-133,208,98,51,95,
 2064,-50,-136,201,99,52,96,
 2065,-51,-134,194,98,57,98,
 2066,-47,-133,202,97,60,101,
 2067,-54,-136,209,97,62,97,
 2068,-56,-142,204,101,59,95,
 2069,-50,-141,204,103,58,95,
 2070,-47,-140,198,108,51,97,
 2071,-53,-130,200,109,52,91,
 2072,-51,-138,197,107,57,90,
 2073,-55,-134,202,116,59,97,
 2074,-48,-135,199,108,59,94,
 2075,-46,-136,205,101,59,87,
 2076,-45,-130,196,102,61,91,
 2077,-51,-133,206,92,56,90,
 2078,-53,-142,200,91,59,85,
 2079,-50,-132,196,91,56,87,
 2080,-53,-138,206,93,58,92,
 2081,-49,-136,205,93,67,87,
 2082,-53,-136,208,99,57,87,
 2083,-48,-136,197,92,53,84,
 2084,-47,-130,194,95,55,83,
 2085,-47,-131,204,106,52,89,
 2086,-46,-128,206,117,48,89,
 2087,-46,-139,207,109,58,89,
 2088,-47,-138,205,105,68,87,
 2089,-46,-136,202,103,64,87,
 2090,-44,-137,201,96,63,89,
 2091,-46,-133,195,90,53,88,
 2092,-44,-135,201,87,57,86,
 2093,-43,-129,202,99,60,88,
 2094,-44,-136,193,98,57,84,
 2095,-44,-134,198,95,58,82,
 2096,-45,-133,186,96,60,80,
 2097,-45,-125,196,90,56,81,
 2098,-44,-131,195,89,52,78,
