 0,24,12,-82,-36,-44,-90,
 1,24,11,-82,-35,-45,-89,
 2,23,11,-82,-36,-45,-90,
 3,23,12,-82,-36,-45,-89,
 4,23,12,-82,-36,-45,-89,
 5,23,12,-82,-36,-45,-88,
 6,23,11,-82,-35,-45,-89,
 7,23,11,-83,-35,-45,-88,
 8,23,11,-82,-35,-45,-88,
 9,23,11,-82,-35,-45,-89,
 10,24,11,-82,-35,-45,-88,
 11,24,10,-82,-35,-45,-88,
 12,23,11,-82,-35,-45,-88,
 13,23,11,-81,-35,-45,-88,
 14,23,10,-82,-34,-45,-88,
 15,23,11,-82,-34,-45,-88,
 16,23,10,-81,-34,-45,-88,
 17,23,10,-80,-34,-45,-88,
 18,23,11,-81,-33,-45,-88,
 19,23,11,-78,-34,-45,-88,
 20,23,10,-79,-32,-45,-89,
 21,22,8,-76,-30,-45,-89,
 22,22,7,-75,-28,-45,-89,
 23,22,6,-72,-26,-45,-89,
 24,22,4,-69,-22,-45,-89,
 25,22,2,-66,-18,-46,-90,
 26,22,0,-63,-13,-46,-91,
 27,22,0,-59,-10,-46,-93,
 28,22,-3,-52,-2,-46,-95,
 29,21,-7,-47,0,-46,-97,
 30,22,-8,-41,6,-46,-100,
 31,21,-9,-36,9,-47,-103,
 32,20,-11,-25,16,-48,-107,
 33,21,-12,-16,17,-49,-112,
 34,20,-12,-6,19,-49,-116,
 35,19,-13,0,21,-50,-122,
 36,18,-12,12,19,-50,-128,
 37,17,-12,23,18,-53,-134,
 38,14,-12,28,21,-54,-138,
 39,13,-12,33,24,-58,-145,
 40,12,-12,40,27,-61,-149,
 41,11,-12,50,32,-64,-148,
 42,8,-14,59,38,-66,-139,
 43,6,-17,56,42,-68,-129,
 44,4,-21,52,45,-69,-129,
 45,3,-23,57,44,-69,-129,
 46,1,-22,54,41,-70,-130,
 47,-1,-24,59,41,-71,-130,
 48,-4,-23,67,41,-71,-131,
 49,-6,-20,66,43,-72,-133,
 50,-7,-19,72,46,-73,-133,
 51,-9,-17,77,50,-74,-132,
 52,-10,-18,76,51,-75,-129,
 53,-11,-20,82,53,-76,-127,
 54,-13,-28,80,50,-75,-124,
 55,-14,-41,90,50,-75,-123,
 56,-14,-46,93,52,-74,-121,
 57,-15,-49,99,57,-75,-123,
 58,-15,-41,99,57,-74,-125,
 59,-17,-38,102,54,-73,-129,
 60,-16,-46,96,54,-71,-128,
 61,-16,-52,97,57,-71,-127,
 62,-17,-57,94,58,-69,-125,
 63,-17,-59,94,56,-68,-120,
 64,-19,-59,95,55,-67,-119,
 65,-20,-62,99,61,-68,-123,
 66,-21,-65,100,60,-68,-127,
 67,-22,-62,101,56,-69,-132,
 68,-21,-63,101,61,-70,-131,
 69,-23,-67,100,59,-71,-125,
 70,-23,-64,99,57,-71,-123,
 71,-24,-60,98,60,-72,-128,
 72,-22,-62,103,55,-72,-131,
 73,-22,-60,101,59,-74,-134,
 74,-22,-58,99,57,-73,-126,
 75,-22,-62,97,59,-72,-120,
 76,-22,-56,96,59,-70,-126,
 77,-23,-58,95,58,-68,-130,
 78,-24,-63,103,60,-67,-124,
 79,-24,-60,104,57,-66,-122,
 80,-24,-66,98,62,-68,-128,
 81,-23,-62,101,62,-70,-129,
 82,-21,-67,98,60,-73,-120,
 83,-22,-62,98,62,-73,-120,
 84,-22,-65,101,58,-72,-125,
 85,-25,-65,93,62,-69,-121,
 86,-26,-64,97,63,-67,-122,
 87,-28,-58,99,58,-69,-128,
 88,-28,-58,96,63,-70,-121,
 89,-28,-56,97,61,-71,-115,
 90,-28,-62,99,60,-73,-122,
 91,-30,-59,97,60,-72,-116,
 92,-32,-64,97,62,-69,-119,
 93,-35,-63,97,62,-69,-125,
 94,-37,-63,106,61,-73,-120,
 95,-37,-70,99,57,-77,-127,
 96,-38,-64,100,58,-76,-123,
 97,-38,-58,98,59,-73,-123,
 98,-40,-61,96,63,-72,-119,
 99,-43,-61,94,62,-76,-114,
 100,-42,-57,91,64,-76,-118,
 101,-38,-60,102,62,-74,-120,
 102,-39,-65,99,60,-70,-126,
 103,-43,-69,98,61,-75,-122,
 104,-43,-65,94,60,-77,-127,
 105,-40,-58,99,60,-73,-121,
 106,-38,-54,94,64,-73,-120,
 107,-40,-57,91,67,-76,-121,
 108,-41,-62,91,72,-74,-120,
 109,-40,-67,93,66,-71,-127,
 110,-39,-68,94,62,-75,-120,
 111,-42,-67,91,63,-74,-123,
 112,-45,-62,88,70,-71,-116,
 113,-42,-64,90,70,-75,-116,
 114,-42,-66,92,75,-74,-121,
 115,-44,-70,87,73,-74,-116,
 116,-43,-68,90,73,-80,-116,
 117,-40,-62,93,74,-75,-121,
 118,-45,-60,96,74,-79,-122,
 119,-46,-69,86,69,-76,-118,
 120,-43,-74,95,70,-74,-121,
 121,-44,-79,96,69,-76,-124,
 122,-46,-68,92,78,-74,-120,
 123,-44,-64,95,76,-79,-115,
 124,-45,-70,101,69,-72,-121,
 125,-45,-72,95,78,-79,-128,
 126,-43,-65,94,81,-77,-127,
 127,-46,-61,102,78,-81,-122,
 128,-44,-60,95,81,-74,-118,
 129,-44,-62,91,86,-79,-119,
 130,-47,-70,92,81,-79,-117,
 131,-42,-57,98,79,-80,-119,
 132,-48,-60,97,78,-81,-124,
 133,-47,-59,100,79,-78,-127,
 134,-47,-72,98,81,-82,-123,
 135,-49,-59,96,83,-77,-118,
 136,-43,-64,99,79,-76,-118,
 137,-48,-70,94,79,-83,-117,
 138,-43,-74,101,76,-83,-119,
 139,-49,-71,95,76,-81,-114,
 140,-47,-71,98,79,-84,-119,
 141,-48,-77,98,70,-84,-118,
 142,-46,-78,94,81,-82,-117,
 143,-46,-67,99,87,-80,-114,
 144,-47,-68,89,86,-79,-118,
 145,-49,-76,98,84,-82,-116,
 146,-49,-68,101,87,-85,-111,
 147,-50,-68,104,83,-85,-112,
 148,-46,-67,99,85,-85,-106,
 149,-51,-65,103,89,-77,-108,
 150,-45,-62,106,86,-77,-114,
 151,-50,-68,100,87,-81,-116,
 152,-45,-66,96,94,-81,-109,
 153,-51,-67,96,93,-83,-108,
 154,-45,-75,97,87,-84,-110,
 155,-50,-69,93,94,-87,-111,
 156,-51,-78,101,96,-82,-112,
 157,-45,-83,100,89,-78,-108,
 158,-52,-76,102,97,-86,-105,
 159,-48,-77,103,90,-87,-112,
 160,-50,-72,100,94,-80,-105,
 161,-52,-66,98,97,-83,-104,
 162,-46,-66,98,96,-83,-111,
 163,-50,-63,99,95,-84,-105,
 164,-50,-65,97,96,-85,-107,
 165,-46,-73,102,91,-91,-100,
 166,-50,-60,105,97,-81,-105,
 167,-51,-69,99,97,-85,-102,
 168,-48,-74,103,104,-88,-102,
 169,-50,-72,99,99,-80,-111,
 170,-54,-79,108,93,-91,-103,
 171,-52,-65,98,102,-92,-105,
 172,-50,-73,96,106,-79,-106,
 173,-50,-68,107,110,-88,-111,
 174,-54,-62,103,103,-84,-111,
 175,-50,-71,103,96,-88,-105,
 176,-51,-70,107,107,-82,-108,
 177,-53,-68,102,108,-88,-103,
 178,-54,-74,106,104,-87,-110,
 179,-51,-74,109,103,-87,-103,
 180,-50,-70,103,100,-88,-104,
 181,-47,-81,105,108,-78,-102,
 182,-53,-81,106,95,-88,-99,
 183,-54,-77,96,105,-84,-101,
 184,-54,-72,103,112,-85,-107,
 185,-53,-71,101,110,-86,-109,
 186,-48,-68,101,109,-92,-101,
 187,-47,-71,102,112,-85,-106,
 188,-48,-72,98,121,-87,-104,
 189,-51,-75,108,122,-86,-104,
 190,-53,-75,108,131,-86,-101,
 191,-55,-79,103,124,-86,-105,
 192,-54,-69,104,119,-93,-105,
 193,-51,-77,106,116,-88,-110,
 194,-54,-67,107,111,-90,-110,
 195,-51,-77,111,107,-86,-106,
 196,-52,-71,103,111,-90,-103,
 197,-50,-73,101,116,-90,-104,
 198,-46,-76,103,129,-88,-102,
 199,-49,-84,105,118,-98,-100,
 200,-48,-77,108,125,-91,-103,
 201,-47,-86,106,133,-100,-100,
 202,-52,-81,112,134,-96,-97,
 203,-52,-69,112,135,-86,-102,
 204,-53,-80,104,113,-88,-103,
 205,-52,-70,107,119,-96,-99,
 206,-53,-77,106,115,-95,-104,
 207,-55,-68,107,126,-94,-104,
 208,-57,-78,108,126,-98,-100,
 209,-56,-81,105,124,-91,-106,
 210,-58,-79,106,133,-92,-104,
 211,-55,-74,109,132,-102,-104,
 212,-56,-77,112,131,-89,-103,
 213,-52,-75,116,129,-90,-108,
 214,-54,-82,103,111,-91,-109,
 215,-54,-80,106,114,-94,-109,
 216,-54,-87,110,118,-99,-112,
 217,-59,-90,110,109,-93,-108,
 218,-55,-86,107,122,-96,-110,
 219,-55,-90,111,128,-89,-112,
 220,-53,-83,107,124,-104,-111,
 221,-52,-77,111,125,-101,-114,
 222,-55,-72,112,120,-105,-111,
 223,-54,-85,115,128,-106,-121,
 224,-53,-81,118,116,-101,-112,
 225,-53,-89,118,112,-104,-110,
 226,-59,-82,113,116,-100,-112,
 227,-59,-76,108,114,-99,-113,
 228,-55,-84,110,126,-109,-118,
 229,-55,-87,117,126,-101,-117,
 230,-62,-87,105,126,-96,-122,
 231,-56,-90,117,127,-95,-121,
 232,-53,-96,111,118,-110,-119,
 233,-58,-90,116,125,-95,-121,
 234,-62,-84,116,119,-97,-120,
 235,-59,-91,115,122,-105,-116,
 236,-56,-89,112,125,-106,-127,
 237,-60,-85,113,134,-96,-122,
 238,-56,-88,109,128,-100,-115,
 239,-56,-89,112,119,-103,-115,
 240,-56,-79,117,131,-97,-112,
 241,-53,-80,110,127,-96,-117,
 242,-60,-89,114,120,-118,-114,
 243,-53,-85,110,124,-104,-112,
 244,-57,-87,110,132,-102,-114,
 245,-57,-92,106,125,-114,-118,
 246,-52,-98,111,129,-105,-116,
 247,-59,-96,122,125,-98,-115,
 248,-53,-91,110,131,-110,-119,
 249,-58,-87,108,115,-101,-117,
 250,-53,-92,107,131,-91,-117,
 251,-61,-91,107,127,-113,-116,
 252,-54,-93,107,134,-99,-117,
 253,-60,-92,114,128,-102,-121,
 254,-56,-84,111,127,-110,-118,
 255,-61,-93,104,120,-100,-116,
 256,-54,-85,110,129,-108,-123,
 257,-59,-91,108,129,-105,-118,
 258,-53,-93,114,133,-95,-123,
 259,-63,-90,102,136,-112,-118,
 260,-58,-94,117,135,-98,-130,
 261,-60,-89,116,126,-98,-120,
 262,-63,-90,115,123,-106,-118,
 263,-58,-85,115,130,-95,-121,
 264,-62,-88,116,139,-119,-114,
 265,-58,-93,112,141,-96,-116,
 266,-63,-94,113,141,-108,-116,
 267,-62,-92,119,134,-107,-119,
 268,-60,-86,118,135,-103,-115,
 269,-64,-89,116,134,-106,-116,
 270,-60,-95,112,148,-96,-120,
 271,-64,-99,119,154,-101,-116,
 272,-63,-97,113,147,-99,-113,
 273,-58,-94,120,151,-109,-111,
 274,-61,-91,117,141,-106,-113,
 275,-62,-89,111,142,-106,-112,
 276,-58,-95,107,149,-119,-114,
 277,-64,-93,107,157,-108,-119,
 278,-64,-93,105,150,-115,-117,
 279,-54,-94,109,150,-95,-114,
 280,-54,-95,116,142,-115,-115,
 281,-61,-97,108,143,-99,-116,
 282,-59,-93,112,147,-112,-113,
 283,-56,-98,107,156,-95,-120,
 284,-59,-92,113,152,-120,-113,
 285,-61,-99,114,148,-105,-111,
 286,-54,-90,107,132,-114,-116,
 287,-55,-93,107,135,-104,-110,
 288,-61,-97,114,154,-124,-106,
 289,-63,-97,107,156,-107,-113,
 290,-64,-90,120,144,-118,-108,
 291,-59,-103,114,139,-110,-109,
 292,-58,-98,111,142,-109,-115,
 293,-63,-99,114,145,-99,-111,
 294,-65,-105,113,143,-105,-105,
 295,-68,-103,116,143,-118,-109,
 296,-58,-99,109,143,-108,-111,
 297,-63,-97,108,132,-110,-104,
 298,-59,-95,115,152,-108,-108,
 299,-65,-95,115,151,-111,-112,
 300,-66,-95,106,146,-99,-105,
 301,-67,-98,109,146,-108,-105,
 302,-64,-95,109,146,-118,-106,
 303,-68,-99,109,151,-100,-108,
 304,-62,-105,110,144,-116,-109,
 305,-65,-112,102,144,-119,-110,
 306,-58,-104,109,139,-108,-106,
 307,-60,-99,114,143,-123,-104,
 308,-61,-96,112,152,-105,-109,
 309,-59,-100,109,149,-120,-103,
 310,-64,-100,105,141,-116,-105,
 311,-61,-99,110,149,-112,-109,
 312,-59,-94,111,144,-115,-103,
 313,-62,-102,106,158,-119,-105,
 314,-65,-104,111,152,-107,-104,
 315,-63,-104,114,157,-118,-111,
 316,-64,-110,111,138,-115,-103,
 317,-61,-110,109,153,-119,-104,
 318,-61,-102,110,156,-128,-106,
 319,-63,-104,112,149,-110,-104,
 320,-67,-97,107,146,-121,-101,
 321,-66,-98,113,137,-118,-102,
 322,-67,-107,113,163,-114,-108,
 323,-63,-99,110,175,-115,-107,
 324,-64,-102,116,162,-122,-103,
 325,-67,-99,108,142,-124,-105,
 326,-68,-100,111,156,-119,-104,
 327,-66,-110,103,171,-123,-112,
 328,-69,-101,104,180,-126,-107,
 329,-65,-101,101,148,-117,-105,
 330,-63,-101,103,152,-117,-103,
 331,-61,-102,102,172,-116,-107,
 332,-63,-101,111,168,-123,-103,
 333,-59,-104,108,162,-121,-98,
 334,-60,-107,116,159,-114,-99,
 335,-62,-100,109,163,-116,-98,
 336,-71,-109,111,161,-109,-99,
 337,-72,-111,104,153,-115,-98,
 338,-68,-107,110,152,-127,-97,
 339,-70,-111,115,162,-119,-97,
 340,-70,-104,107,161,-114,-96,
 341,-66,-101,99,148,-117,-98,
 342,-61,-102,104,146,-117,-100,
 343,-63,-104,107,159,-128,-94,
 344,-63,-102,116,155,-126,-96,
 345,-64,-107,112,157,-123,-94,
 346,-65,-109,111,144,-110,-91,
 347,-61,-112,115,148,-121,-91,
 348,-65,-113,113,161,-130,-93,
 349,-65,-109,105,152,-129,-96,
 350,-63,-111,110,140,-125,-101,
 351,-62,-101,113,161,-127,-102,
 352,-60,-108,114,160,-119,-99,
 353,-68,-104,117,155,-122,-95,
 354,-69,-107,117,154,-120,-95,
 355,-68,-102,120,159,-134,-97,
 356,-66,-109,117,168,-127,-95,
 357,-65,-113,110,146,-116,-94,
 358,-65,-106,108,158,-124,-94,
 359,-70,-115,109,175,-123,-90,
 360,-63,-108,107,163,-122,-92,
 361,-62,-108,110,153,-134,-92,
 362,-62,-107,116,163,-131,-92,
 363,-68,-114,109,186,-128,-94,
 364,-70,-111,118,181,-118,-91,
 365,-66,-110,107,147,-133,-92,
 366,-70,-104,112,162,-131,-95,
 367,-64,-111,107,188,-134,-93,
 368,-69,-111,115,163,-114,-95,
 369,-59,-115,112,158,-123,-93,
 370,-60,-116,114,179,-119,-96,
 371,-63,-114,113,179,-131,-95,
 372,-64,-115,112,154,-116,-95,
 373,-65,-110,114,161,-124,-96,
 374,-66,-115,108,180,-112,-98,
 375,-68,-106,108,162,-127,-94,
 376,-69,-108,107,144,-120,-100,
 377,-62,-110,97,166,-121,-97,
 378,-61,-107,103,175,-123,-93,
 379,-63,-115,110,154,-134,-90,
 380,-68,-121,110,152,-116,-91,
 381,-69,-109,110,173,-126,-90,
 382,-64,-115,113,171,-117,-92,
 383,-66,-112,114,153,-124,-94,
 384,-70,-112,99,160,-123,-94,
 385,-62,-118,106,170,-124,-95,
 386,-67,-108,111,152,-118,-91,
 387,-65,-114,116,154,-119,-96,
 388,-72,-115,118,167,-129,-94,
 389,-65,-109,112,163,-141,-91,
 390,-70,-110,111,163,-130,-88,
 391,-70,-118,116,177,-115,-91,
 392,-65,-112,106,160,-124,-89,
 393,-62,-116,106,146,-140,-86,
 394,-67,-110,105,177,-133,-85,
 395,-63,-108,102,179,-121,-86,
 396,-63,-106,110,159,-129,-86,
 397,-66,-111,104,166,-121,-84,
 398,-64,-108,111,181,-112,-85,
 399,-61,-117,115,178,-123,-86,
 400,-60,-111,105,156,-130,-89,
 401,-68,-112,113,192,-135,-86,
 402,-69,-116,109,189,-129,-84,
 403,-65,-114,115,157,-122,-86,
 404,-66,-118,106,179,-129,-83,
 405,-65,-112,110,192,-128,-86,
 406,-69,-117,110,169,-118,-88,
 407,-63,-118,101,170,-122,-85,
 408,-62,-119,108,187,-120,-84,
 409,-62,-112,107,167,-135,-85,
 410,-71,-108,107,161,-136,-80,
 411,-68,-117,105,183,-126,-84,
 412,-66,-116,102,177,-113,-86,
 413,-70,-122,107,150,-130,-85,
 414,-64,-121,109,177,-140,-80,
 415,-68,-125,103,178,-133,-80,
 416,-63,-122,97,155,-122,-78,
 417,-72,-116,100,168,-125,-79,
 418,-68,-119,98,180,-131,-81,
 419,-66,-122,105,154,-136,-83,
 420,-72,-116,106,161,-130,-79,
 421,-68,-120,106,184,-131,-75,
 422,-64,-116,117,161,-122,-79,
 423,-65,-123,108,173,-134,-76,
 424,-68,-114,103,185,-129,-71,
 425,-64,-124,105,164,-132,-77,
 426,-64,-122,104,169,-126,-76,
 427,-67,-127,101,185,-137,-80,
 428,-64,-126,99,169,-136,-78,
 429,-63,-118,102,174,-115,-80,
 430,-65,-121,112,185,-128,-74,
 431,-68,-121,109,178,-130,-79,
 432,-69,-125,107,177,-127,-76,
 433,-70,-117,108,189,-135,-84,
 434,-72,-119,111,183,-124,-79,
 435,-65,-123,111,165,-122,-76,
 436,-65,-116,101,199,-129,-80,
 437,-64,-122,108,163,-125,-77,
 438,-68,-117,99,167,-140,-73,
 439,-66,-127,104,191,-128,-76,
 440,-67,-124,106,167,-120,-77,
 441,-67,-124,109,172,-119,-76,
 442,-71,-115,105,188,-129,-75,
 443,-64,-119,107,171,-126,-74,
 444,-67,-123,101,171,-125,-73,
 445,-71,-124,106,183,-137,-73,
 446,-67,-126,111,169,-127,-73,
 447,-69,-114,107,176,-131,-72,
 448,-66,-116,109,180,-129,-68,
 449,-62,-125,99,166,-138,-57,
 450,-60,-125,104,178,-138,-45,
 451,-67,-120,107,182,-133,-25,
 452,-66,-129,106,153,-124,-4,
 453,-62,-124,102,186,-141,22,
 454,-61,-127,101,181,-141,42,
 455,-65,-122,108,158,-128,73,
 456,-61,-120,108,189,-130,68,
 457,-63,-128,103,185,-145,79,
 458,-68,-126,102,169,-135,83,
 459,-65,-130,99,186,-123,76,
 460,-67,-125,112,196,-128,80,
 461,-63,-126,109,165,-136,69,
 462,-71,-127,106,192,-124,73,
 463,-70,-122,101,198,-127,70,
 464,-62,-129,95,171,-124,77,
 465,-64,-133,97,191,-136,73,
 466,-69,-128,103,174,-120,78,
 467,-70,-127,104,176,-116,76,
 468,-67,-120,106,193,-112,78,
 469,-67,-126,104,173,-128,80,
 470,-73,-129,96,194,-148,79,
 471,-70,-127,100,180,-106,81,
 472,-64,-126,98,169,-118,82,
 473,-71,-130,99,187,-134,82,
 474,-71,-118,100,177,-132,77,
 475,-70,-129,104,162,-128,80,
 476,-65,-122,105,187,-131,87,
 477,-67,-130,106,174,-135,88,
 478,-68,-132,111,177,-142,88,
 479,-67,-135,105,191,-135,85,
 480,-67,-132,105,163,-142,89,
 481,-64,-127,107,191,-136,87,
 482,-68,-127,110,180,-130,89,
 483,-66,-126,107,163,-134,89,
 484,-65,-129,111,195,-141,93,
 485,-63,-128,106,184,-138,90,
 486,-65,-129,107,172,-120,93,
 487,-70,-126,105,207,-132,90,
 488,-65,-128,104,189,-132,93,
 489,-71,-127,100,182,-114,95,
 490,-64,-118,108,211,-142,94,
 491,-64,-120,96,171,-131,91,
 492,-72,-128,106,197,-123,92,
 493,-67,-125,104,198,-126,93,
 494,-72,-133,102,158,-130,92,
 495,-70,-133,108,179,-139,91,
 496,-65,-124,109,170,-126,94,
 497,-66,-124,107,173,-120,95,
 498,-70,-130,99,182,-136,102,
 499,-72,-120,99,158,-136,94,
 500,-74,-131,106,180,-119,96,
 501,-64,-124,107,180,-131,96,
 502,-62,-127,98,163,-138,95,
 503,-64,-128,102,176,-124,98,
 504,-62,-125,100,170,-123,91,
 505,-64,-127,101,166,-141,95,
 506,-67,-128,93,183,-121,94,
 507,-69,-133,103,154,-124,95,
 508,-63,-129,107,190,-136,93,
 509,-64,-143,108,181,-134,98,
 510,-64,-124,103,162,-114,96,
 511,-71,-128,105,195,-117,101,
 512,-65,-135,102,187,-130,98,
 513,-67,-128,104,168,-141,98,
 514,-67,-125,95,215,-112,101,
 515,-70,-134,96,174,-115,101,
 516,-63,-133,98,200,-137,102,
 517,-67,-119,97,187,-113,98,
 518,-67,-132,99,176,-131,102,
 519,-64,-129,92,205,-141,100,
 520,-72,-131,97,166,-122,103,
 521,-71,-130,98,184,-132,104,
 522,-70,-131,100,194,-142,96,
 523,-68,-129,97,165,-133,100,
 524,-64,-126,92,190,-120,100,
 525,-66,-140,94,172,-123,97,
 526,-70,-135,99,178,-137,100,
 527,-65,-134,96,179,-124,103,
 528,-66,-131,96,165,-131,105,
 529,-66,-130,90,188,-143,106,
 530,-66,-131,92,177,-121,102,
 531,-68,-127,98,175,-131,102,
 532,-64,-131,96,187,-144,99,
 533,-67,-135,90,163,-117,99,
 534,-63,-136,89,191,-131,97,
 535,-66,-131,98,184,-131,97,
 536,-66,-136,91,176,-131,98,
 537,-65,-134,88,205,-110,94,
 538,-69,-132,93,174,-120,97,
 539,-68,-132,98,174,-106,105,
 540,-63,-135,94,192,-133,101,
 541,-62,-142,95,185,-126,98,
 542,-63,-136,94,170,-99,103,
 543,-63,-120,93,196,-128,99,
 544,-70,-135,88,180,-135,101,
 545,-64,-128,91,177,-120,102,
 546,-64,-135,90,199,-131,102,
 547,-64,-133,93,166,-139,104,
 548,-63,-133,96,197,-123,103,
 549,-64,-132,98,188,-112,103,
 550,-63,-119,95,183,-143,106,
 551,-63,-135,98,182,-140,102,
 552,-63,-135,94,159,-117,106,
 553,-62,-132,99,192,-137,102,
 554,-66,-138,92,173,-123,104,
 555,-64,-124,97,174,-111,101,
 556,-67,-141,89,184,-139,109,
 557,-63,-139,91,154,-131,99,
 558,-68,-138,83,180,-116,109,
 559,-66,-134,90,189,-133,99,
 560,-66,-122,93,172,-142,103,
 561,-64,-122,98,194,-122,109,
 562,-66,-133,98,180,-115,108,
 563,-64,-134,100,190,-134,111,
 564,-61,-140,96,203,-137,104,
 565,-62,-139,93,169,-123,107,
 566,-61,-125,93,202,-132,105,
 567,-64,-135,97,189,-122,106,
 568,-62,-134,90,181,-122,108,
 569,-66,-132,92,201,-136,111,
 570,-64,-135,87,171,-110,107,
 571,-64,-134,93,191,-125,114,
 572,-60,-141,87,180,-131,106,
 573,-69,-139,96,162,-127,108,
 574,-60,-138,93,193,-121,106,
 575,-63,-134,87,156,-119,108,
 576,-62,-134,89,185,-126,110,
 577,-65,-138,90,180,-131,102,
 578,-68,-137,91,164,-110,107,
 579,-69,-136,94,192,-134,111,
 580,-61,-131,86,173,-128,108,
 581,-66,-139,94,182,-131,113,
 582,-62,-123,89,178,-134,108,
 583,-61,-127,97,169,-113,111,
 584,-68,-132,91,186,-115,115,
 585,-68,-135,88,169,-129,119,
 586,-68,-137,95,198,-132,120,
 587,-64,-136,88,181,-113,119,
 588,-61,-141,91,166,-114,112,
 589,-61,-138,96,199,-139,113,
 590,-66,-135,89,192,-119,112,
 591,-64,-140,91,187,-132,116,
 592,-65,-136,87,196,-135,112,
 593,-60,-137,83,173,-111,113,
 594,-62,-139,79,199,-131,115,
 595,-67,-134,83,182,-137,120,
 596,-63,-131,88,186,-112,115,
 597,-62,-141,81,185,-123,122,
 598,-65,-135,85,160,-121,115,
 599,-60,-133,84,187,-118,114,
 600,-57,-141,85,175,-111,117,
 601,-66,-143,89,182,-108,121,
 602,-65,-136,82,188,-132,126,
 603,-60,-147,77,155,-110,120,
 604,-59,-147,85,188,-142,121,
 605,-63,-134,79,176,-113,121,
 606,-65,-131,83,179,-116,114,
 607,-61,-136,82,184,-151,120,
 608,-63,-136,81,162,-123,115,
 609,-63,-139,85,187,-106,127,
 610,-60,-142,84,171,-136,129,
 611,-63,-136,86,185,-121,121,
 612,-68,-129,90,183,-110,119,
 613,-61,-137,88,170,-114,119,
 614,-62,-145,85,196,-132,119,
 615,-66,-144,82,177,-123,117,
 616,-66,-141,86,200,-117,122,
 617,-57,-150,85,192,-128,123,
 618,-60,-141,84,172,-113,125,
 619,-67,-146,78,197,-118,124,
 620,-60,-140,83,172,-132,123,
 621,-64,-146,84,173,-103,123,
 622,-65,-137,84,185,-117,116,
 623,-63,-139,80,160,-129,122,
 624,-55,-145,81,175,-119,127,
 625,-63,-143,84,168,-116,126,
 626,-64,-139,75,175,-108,120,
 627,-57,-147,78,185,-138,119,
 628,-63,-143,77,165,-119,116,
 629,-62,-150,82,188,-107,123,
 630,-59,-154,86,164,-126,121,
 631,-61,-148,87,166,-119,121,
 632,-61,-148,87,184,-117,115,
 633,-59,-139,81,148,-132,114,
 634,-63,-147,84,183,-114,116,
 635,-63,-139,80,175,-112,115,
 636,-57,-147,79,160,-129,114,
 637,-59,-144,80,186,-116,121,
 638,-64,-139,82,155,-107,118,
 639,-60,-144,82,194,-97,116,
 640,-61,-144,85,178,-120,129,
 641,-64,-149,84,176,-124,126,
 642,-56,-150,87,202,-101,116,
 643,-63,-145,78,163,-129,125,
 644,-65,-147,86,188,-126,122,
 645,-59,-146,80,187,-115,122,
 646,-65,-148,84,159,-120,116,
 647,-57,-141,81,196,-121,118,
 648,-64,-146,82,164,-116,118,
 649,-64,-147,84,188,-122,125,
 650,-59,-137,83,183,-126,119,
 651,-64,-149,77,154,-119,122,
 652,-64,-146,86,185,-111,117,
 653,-58,-149,84,160,-121,127,
 654,-64,-157,81,183,-123,119,
 655,-59,-153,81,172,-100,119,
 656,-65,-153,78,164,-114,131,
 657,-58,-142,78,186,-126,124,
 658,-63,-148,82,161,-96,118,
 659,-64,-151,85,172,-117,119,
 660,-57,-151,82,169,-117,116,
 661,-58,-140,78,159,-103,116,
 662,-54,-141,80,183,-98,124,
 663,-57,-141,77,185,-113,120,
 664,-55,-148,78,181,-131,121,
 665,-62,-149,80,196,-107,124,
 666,-53,-139,84,168,-85,121,
 667,-60,-148,85,194,-99,118,
 668,-59,-151,81,196,-136,121,
 669,-57,-154,77,152,-125,122,
 670,-61,-148,78,202,-107,132,
 671,-58,-141,86,169,-105,122,
 672,-62,-151,84,172,-115,119,
 673,-57,-153,79,184,-121,121,
 674,-64,-153,85,161,-122,118,
 675,-56,-153,84,181,-102,129,
 676,-61,-150,79,160,-109,121,
 677,-59,-143,84,152,-120,120,
 678,-63,-155,76,183,-119,114,
 679,-59,-154,80,169,-115,127,
 680,-60,-147,79,176,-107,123,
 681,-58,-151,81,168,-113,125,
 682,-66,-150,85,166,-115,123,
 683,-58,-157,86,180,-102,117,
 684,-62,-156,85,161,-109,119,
 685,-59,-159,80,174,-126,114,
 686,-65,-157,81,178,-107,119,
 687,-58,-152,80,150,-105,117,
 688,-63,-148,84,178,-121,115,
 689,-57,-151,88,179,-111,115,
 690,-66,-143,85,168,-98,112,
 691,-57,-155,88,195,-102,114,
 692,-62,-155,82,174,-116,115,
 693,-59,-157,86,172,-105,113,
 694,-66,-157,87,196,-106,122,
 695,-59,-151,88,160,-107,120,
 696,-63,-147,93,181,-104,121,
 697,-62,-153,90,177,-127,114,
 698,-59,-152,91,157,-115,112,
 699,-64,-158,93,184,-89,120,
 700,-61,-152,85,147,-103,112,
 701,-62,-153,87,169,-121,116,
 702,-57,-156,81,168,-99,118,
 703,-61,-154,84,145,-104,122,
 704,-56,-153,85,173,-115,112,
 705,-62,-142,85,163,-99,115,
 706,-53,-145,92,162,-88,118,
 707,-60,-147,98,173,-98,118,
 708,-54,-150,98,158,-107,115,
 709,-53,-151,99,172,-112,119,
 710,-59,-156,102,168,-106,121,
 711,-57,-148,93,150,-91,110,
 712,-64,-157,93,184,-87,113,
 713,-54,-147,87,169,-116,111,
 714,-63,-150,89,161,-111,122,
 715,-61,-155,89,185,-92,117,
 716,-63,-152,87,158,-99,111,
 717,-61,-164,92,167,-121,115,
 718,-56,-155,89,187,-108,116,
 719,-65,-150,93,161,-90,118,
 720,-57,-154,95,183,-106,125,
 721,-62,-156,92,186,-116,120,
 722,-60,-157,96,155,-115,111,
 723,-57,-158,93,185,-98,113,
 724,-62,-163,99,173,-110,117,
 725,-57,-161,98,155,-105,117,
 726,-64,-151,102,189,-102,123,
 727,-64,-156,101,174,-114,122,
 728,-62,-158,99,166,-97,119,
 729,-65,-158,94,168,-95,116,
 730,-57,-157,95,155,-109,119,
 731,-64,-167,93,175,-108,127,
 732,-63,-164,101,164,-99,123,
 733,-62,-151,99,154,-103,119,
 734,-63,-148,99,165,-102,116,
 735,-57,-152,102,168,-101,115,
 736,-64,-159,98,148,-98,112,
 737,-61,-158,103,178,-91,112,
 738,-58,-162,104,153,-87,111,
 739,-63,-158,100,155,-95,123,
 740,-56,-148,100,177,-99,119,
 741,-62,-154,101,157,-97,119,
 742,-61,-154,103,169,-95,127,
 743,-54,-154,100,165,-88,124,
 744,-60,-167,102,152,-90,122,
 745,-56,-151,103,181,-104,124,
 746,-61,-154,110,177,-98,128,
 747,-56,-150,113,156,-96,116,
 748,-55,-163,110,183,-86,116,
 749,-58,-165,106,175,-100,115,
 750,-57,-162,106,156,-95,121,
 751,-57,-160,110,184,-95,117,
 752,-62,-159,108,168,-106,113,
 753,-55,-160,105,145,-101,118,
 754,-61,-157,106,179,-87,112,
 755,-65,-162,106,170,-89,109,
 756,-55,-165,107,152,-104,115,
 757,-60,-159,107,170,-108,116,
 758,-63,-162,110,149,-92,113,
 759,-57,-155,106,156,-85,113,
 760,-59,-162,107,159,-98,114,
 761,-58,-168,109,142,-104,111,
 762,-55,-159,105,148,-92,105,
 763,-62,-162,107,158,-88,109,
 764,-57,-159,108,141,-94,107,
 765,-59,-145,104,153,-93,106,
 766,-61,-152,114,165,-88,109,
 767,-57,-170,111,138,-96,110,
 768,-63,-162,115,155,-91,107,
 769,-61,-158,108,155,-88,109,
 770,-62,-154,111,144,-81,112,
 771,-65,-152,109,172,-85,115,
 772,-57,-154,105,166,-98,115,
 773,-58,-158,111,138,-81,122,
 774,-64,-157,112,182,-77,112,
 775,-56,-155,107,179,-94,111,
 776,-58,-157,104,134,-90,111,
 777,-63,-161,105,174,-98,110,
 778,-61,-164,112,183,-89,108,
 779,-57,-165,108,147,-90,109,
 780,-63,-152,114,166,-87,109,
 781,-58,-151,114,182,-89,111,
 782,-57,-165,118,148,-79,109,
 783,-62,-171,112,163,-98,107,
 784,-56,-168,113,167,-75,108,
 785,-58,-159,110,144,-87,106,
 786,-64,-164,116,161,-87,109,
 787,-55,-168,122,164,-82,111,
 788,-55,-171,118,151,-86,114,
 789,-62,-163,117,154,-84,119,
 790,-55,-157,117,163,-89,112,
 791,-57,-148,123,138,-87,112,
 792,-55,-166,122,169,-72,111,
 793,-53,-166,123,161,-89,116,
 794,-59,-165,116,138,-87,117,
 795,-59,-157,118,154,-80,118,
 796,-52,-161,121,165,-84,109,
 797,-57,-167,117,142,-87,116,
 798,-61,-161,121,144,-71,112,
 799,-55,-161,113,166,-79,114,
 800,-60,-160,122,141,-76,113,
 801,-61,-165,123,140,-83,120,
 802,-54,-167,127,178,-86,113,
 803,-63,-164,116,153,-71,114,
 804,-59,-162,120,145,-88,114,
 805,-53,-161,120,172,-77,115,
 806,-59,-164,120,171,-74,118,
 807,-63,-165,120,142,-62,113,
 808,-56,-158,115,174,-70,112,
 809,-60,-160,123,166,-69,108,
 810,-58,-170,122,130,-79,106,
 811,-56,-171,113,173,-67,113,
 812,-59,-166,126,158,-75,109,
 813,-53,-164,124,138,-67,115,
 814,-60,-154,126,167,-79,107,
 815,-61,-178,127,157,-67,108,
 816,-57,-160,129,131,-81,110,
 817,-63,-156,127,163,-70,105,
 818,-59,-164,130,167,-68,102,
 819,-56,-177,132,141,-75,102,
 820,-61,-163,130,148,-69,102,
 821,-62,-162,124,163,-72,105,
 822,-56,-165,139,143,-64,106,
 823,-61,-164,135,130,-55,97,
 824,-60,-171,131,147,-65,104,
 825,-57,-161,133,155,-72,98,
 826,-59,-162,126,140,-63,102,
 827,-59,-166,127,150,-59,108,
 828,-54,-162,133,147,-71,103,
 829,-63,-167,130,131,-53,102,
 830,-55,-163,125,144,-55,106,
 831,-56,-167,132,159,-53,100,
 832,-60,-149,131,140,-59,102,
 833,-53,-160,128,138,-52,99,
 834,-55,-157,139,166,-46,99,
 835,-60,-177,129,159,-50,108,
 836,-52,-161,141,133,-50,100,
 837,-55,-160,134,158,-48,98,
 838,-62,-162,142,175,-42,101,
 839,-54,-179,139,155,-44,102,
 840,-59,-167,133,148,-55,100,
 841,-61,-160,136,171,-47,99,
 842,-53,-166,135,164,-46,98,
 843,-61,-168,135,138,-43,105,
 844,-61,-153,135,169,-46,94,
 845,-59,-161,133,164,-48,100,
 846,-59,-173,139,138,-45,92,
 847,-56,-154,141,155,-39,100,
 848,-60,-167,142,160,-43,96,
 849,-55,-173,135,138,-42,95,
 850,-55,-170,143,139,-44,99,
 851,-65,-170,140,161,-23,95,
 852,-55,-169,136,142,15,100,
 853,-58,-168,141,132,30,92,
 854,-62,-172,137,146,52,88,
 855,-63,-165,137,151,58,91,
 856,-60,-160,134,130,54,93,
 857,-62,-173,141,137,54,89,
 858,-55,-174,151,162,47,96,
 859,-57,-166,140,151,51,94,
 860,-64,-163,150,130,63,94,
 861,-56,-166,148,142,57,93,
 862,-58,-169,151,150,67,96,
 863,-58,-167,147,139,69,92,
 864,-55,-169,154,124,71,89,
 865,-61,-166,144,146,67,92,
 866,-60,-161,148,143,67,91,
 867,-55,-167,144,134,67,86,
 868,-57,-176,133,141,70,87,
 869,-60,-168,140,159,68,90,
 870,-64,-169,141,149,66,89,
 871,-53,-180,142,135,76,85,
 872,-57,-167,148,151,74,87,
 873,-58,-165,146,163,77,93,
 874,-58,-175,153,138,74,93,
 875,-57,-161,142,139,85,89,
 876,-53,-162,149,163,83,89,
 877,-61,-176,150,160,82,88,
 878,-56,-161,143,129,85,90,
 879,-54,-169,153,142,79,95,
 880,-59,-163,146,167,78,94,
 881,-51,-179,152,145,81,87,
 882,-54,-169,156,127,82,90,
 883,-57,-167,144,147,80,89,
 884,-51,-176,152,161,87,89,
 885,-56,-169,148,139,84,94,
 886,-55,-159,149,124,92,88,
 887,-54,-169,149,142,85,92,
 888,-58,-170,142,149,90,88,
 889,-61,-162,150,149,94,91,
 890,-62,-174,156,130,88,88,
 891,-60,-182,149,145,80,86,
 892,-54,-169,156,140,86,84,
 893,-60,-172,160,132,82,89,
 894,-55,-178,146,127,87,89,
 895,-58,-169,152,153,81,86,
 896,-64,-161,147,147,92,88,
 897,-56,-171,159,130,93,92,
 898,-61,-176,151,126,89,83,
 899,-57,-169,149,143,99,85,
 900,-56,-175,155,144,91,82,
 901,-55,-162,163,123,93,83,
 902,-57,-166,160,130,88,81,
 903,-64,-178,164,151,92,83,
 904,-57,-175,157,144,99,83,
 905,-56,-176,146,119,94,83,
 906,-57,-178,148,136,97,86,
 907,-54,-162,157,150,87,86,
 908,-61,-172,160,145,102,83,
 909,-55,-173,159,130,86,88,
 910,-61,-172,160,146,87,91,
 911,-54,-171,163,151,100,89,
 912,-58,-177,161,159,89,85,
 913,-64,-180,154,135,98,87,
 914,-54,-166,160,138,100,87,
 915,-61,-174,161,155,94,89,
 916,-57,-182,159,156,100,88,
 917,-61,-161,164,132,97,89,
 918,-53,-165,157,129,102,96,
 919,-59,-160,152,146,100,96,
 920,-60,-167,152,157,99,89,
 921,-52,-167,156,139,90,91,
 922,-58,-175,159,126,101,87,
 923,-57,-177,163,141,101,92,
 924,-52,-171,161,151,106,94,
 925,-53,-175,157,137,101,91,
 926,-53,-162,167,130,88,88,
 927,-58,-164,160,147,96,93,
 928,-52,-181,169,143,96,98,
 929,-61,-166,164,139,102,96,
 930,-55,-161,158,123,100,93,
 931,-59,-185,166,134,105,92,
 932,-60,-175,155,147,107,93,
 933,-55,-174,163,136,110,96,
 934,-58,-191,154,121,101,96,
 935,-56,-164,153,137,89,96,
 936,-54,-161,157,138,99,93,
 937,-57,-173,170,127,95,94,
 938,-62,-171,166,131,98,95,
 939,-53,-180,169,126,95,97,
 940,-59,-185,170,142,103,95,
 941,-57,-170,159,131,100,92,
 942,-58,-181,165,129,100,98,
 943,-54,-179,165,121,96,97,
 944,-60,-169,167,125,102,95,
 945,-55,-185,165,135,97,92,
 946,-58,-186,170,128,106,91,
 947,-55,-170,164,123,101,95,
 948,-54,-174,165,135,112,91,
 949,-59,-173,168,151,99,95,
 950,-60,-170,175,131,98,90,
 951,-59,-179,173,119,109,94,
 952,-57,-182,159,138,109,98,
 953,-63,-171,161,158,108,95,
 954,-56,-176,173,158,112,96,
 955,-60,-172,172,139,113,96,
 956,-54,-172,174,116,109,101,
 957,-60,-182,177,132,108,100,
 958,-52,-171,173,150,97,99,
 959,-58,-169,162,151,102,105,
 960,-53,-173,168,132,107,104,
 961,-55,-164,168,121,109,101,
 962,-52,-175,160,153,113,104,
 963,-53,-190,169,143,109,98,
 964,-58,-181,169,137,109,99,
 965,-59,-181,168,121,104,105,
 966,-56,-183,170,127,110,96,
 967,-55,-171,173,139,107,96,
 968,-58,-170,175,143,102,99,
 969,-58,-175,175,134,111,101,
 970,-58,-179,167,131,110,98,
 971,-56,-179,166,133,103,101,
 972,-61,-183,173,143,107,98,
 973,-57,-170,175,139,117,98,
 974,-61,-182,171,112,112,100,
 975,-52,-174,170,132,94,99,
 976,-58,-172,173,144,107,99,
 977,-61,-186,179,134,108,105,
 978,-54,-175,176,122,97,102,
 979,-58,-170,165,124,100,94,
 980,-55,-181,175,134,107,101,
 981,-59,-168,175,132,106,97,
 982,-55,-166,168,117,103,97,
 983,-59,-180,168,120,107,100,
 984,-56,-175,171,122,100,93,
 985,-61,-176,168,135,103,91,
 986,-60,-185,170,133,115,95,
 987,-59,-174,173,117,104,93,
 988,-57,-168,169,112,105,93,
 989,-60,-170,167,139,106,99,
 990,-56,-171,178,138,108,93,
 991,-59,-184,170,127,102,94,
 992,-57,-180,175,127,118,96,
 993,-61,-165,171,122,123,90,
 994,-58,-182,178,129,116,86,
 995,-59,-170,167,150,113,92,
 996,-56,-168,176,136,104,93,
 997,-61,-176,177,127,112,89,
 998,-56,-174,171,122,119,89,
 999,-54,-172,176,134,115,91,
 1000,-59,-190,173,150,115,90,
 1001,-60,-184,185,152,124,95,
 1002,-60,-179,186,141,99,92,
 1003,-55,-183,172,122,105,84,
 1004,-57,-177,180,146,113,87,
 1005,-55,-181,175,152,99,89,
 1006,-57,-180,174,142,100,86,
 1007,-50,-175,175,122,104,84,
 1008,-55,-180,177,125,104,87,
 1009,-56,-184,173,147,113,88,
 1010,-55,-179,179,141,111,84,
 1011,-56,-179,170,133,112,85,
 1012,-59,-189,183,114,105,85,
 1013,-57,-177,181,130,105,86,
 1014,-57,-183,181,144,118,84,
 1015,-54,-187,182,133,113,88,
 1016,-58,-175,171,126,110,89,
 1017,-56,-177,185,115,109,88,
 1018,-63,-177,188,132,99,82,
 1019,-53,-177,170,137,99,86,
 1020,-61,-187,181,131,109,84,
 1021,-58,-164,177,120,103,86,
 1022,-60,-162,183,112,110,84,
 1023,-59,-189,184,128,113,89,
 1024,-59,-175,183,133,114,89,
 1025,-61,-179,179,133,109,89,
 1026,-57,-185,175,123,104,92,
 1027,-61,-163,177,110,113,87,
 1028,-52,-179,174,126,100,91,
 1029,-60,-181,173,130,125,92,
 1030,-59,-178,176,133,119,87,
 1031,-60,-166,182,127,97,86,
 1032,-55,-186,181,115,111,89,
 1033,-62,-183,182,131,107,95,
 1034,-55,-166,179,130,112,90,
 1035,-58,-186,178,127,109,86,
 1036,-54,-182,178,124,110,88,
 1037,-61,-176,171,116,111,90,
 1038,-55,-183,182,124,111,91,
 1039,-59,-184,185,132,119,97,
 1040,-52,-182,186,118,101,96,
 1041,-58,-193,183,122,102,90,
 1042,-52,-174,193,117,103,89,
 1043,-59,-174,195,124,97,91,
 1044,-52,-181,196,137,118,88,
 1045,-58,-174,186,140,107,88,
 1046,-53,-169,184,130,107,87,
 1047,-60,-183,181,118,107,93,
 1048,-57,-175,186,135,114,91,
 1049,-54,-172,184,146,115,89,
 1050,-56,-185,187,139,119,92,
 1051,-59,-176,189,139,123,90,
 1052,-58,-169,195,121,101,88,
 1053,-54,-184,181,128,103,91,
 1054,-55,-178,194,144,106,88,
 1055,-57,-176,187,156,121,88,
 1056,-54,-176,187,147,129,87,
 1057,-62,-172,191,129,110,87,
 1058,-61,-170,183,120,114,85,
 1059,-55,-187,194,141,111,88,
 1060,-63,-190,189,141,115,88,
 1061,-55,-177,188,141,114,85,
 1062,-59,-175,194,131,121,90,
 1063,-57,-172,189,111,103,90,
 1064,-62,-170,190,132,103,90,
 1065,-60,-167,188,140,104,97,
 1066,-53,-181,187,127,108,95,
 1067,-60,-169,191,125,105,96,
 1068,-60,-175,192,114,108,96,
 1069,-62,-182,178,129,109,92,
 1070,-58,-175,190,133,109,99,
 1071,-58,-170,183,124,106,95,
 1072,-61,-177,188,127,91,96,
 1073,-62,-178,188,127,125,95,
 1074,-53,-187,186,132,105,93,
 1075,-60,-182,188,137,113,96,
 1076,-59,-183,180,128,98,97,
 1077,-62,-177,191,123,101,94,
 1078,-51,-181,181,120,103,95,
 1079,-59,-177,194,134,115,95,
 1080,-55,-172,186,140,116,94,
 1081,-59,-177,187,127,115,103,
 1082,-51,-181,187,123,111,100,
 1083,-58,-181,191,116,108,100,
 1084,-53,-180,185,120,115,99,
 1085,-59,-176,186,132,99,99,
 1086,-51,-193,175,137,130,111,
 1087,-56,-177,190,131,104,105,
 1088,-56,-174,189,127,111,105,
 1089,-62,-187,187,110,95,102,
 1090,-53,-177,186,119,105,111,
 1091,-56,-176,190,126,107,108,
 1092,-57,-181,191,131,116,103,
 1093,-62,-185,184,127,100,111,
 1094,-51,-176,196,123,108,112,
 1095,-59,-176,197,126,86,113,
 1096,-57,-184,191,139,106,121,
 1097,-60,-180,194,133,88,112,
 1098,-53,-170,196,130,102,110,
 1099,-60,-175,184,122,100,113,
 1100,-57,-189,198,126,117,111,
 1101,-61,-178,196,138,113,110,
 1102,-54,-175,201,140,108,119,
 1103,-60,-181,200,144,111,107,
 1104,-57,-172,186,116,115,108,
 1105,-59,-168,185,118,89,104,
 1106,-60,-173,182,136,95,105,
 1107,-54,-190,184,150,112,107,
 1108,-60,-182,192,146,129,110,
 1109,-54,-169,192,137,105,113,
 1110,-60,-173,187,132,109,111,
 1111,-52,-177,192,138,105,106,
 1112,-60,-177,196,152,118,112,
 1113,-53,-170,195,142,104,113,
 1114,-60,-184,187,128,120,109,
 1115,-55,-179,195,120,103,110,
 1116,-59,-165,185,129,106,116,
 1117,-53,-181,192,129,97,123,
 1118,-57,-184,193,135,104,115,
 1119,-56,-184,189,128,107,113,
 1120,-55,-177,189,120,119,108,
 1121,-57,-183,188,119,109,111,
 1122,-58,-183,200,137,101,110,
 1123,-57,-177,195,134,92,114,
 1124,-53,-182,186,135,113,109,
 1125,-56,-185,190,126,104,117,
 1126,-49,-185,188,128,98,114,
 1127,-56,-182,192,141,99,114,
 1128,-53,-171,189,136,103,120,
 1129,-58,-170,195,134,91,111,
 1130,-50,-183,190,121,126,115,
 1131,-58,-184,184,113,112,117,
 1132,-53,-169,187,128,113,123,
 1133,-60,-176,186,139,89,115,
 1134,-50,-173,191,134,112,117,
 1135,-57,-179,187,137,99,116,
 1136,-56,-170,189,119,117,121,
 1137,-60,-177,193,128,92,117,
 1138,-53,-187,190,136,105,111,
 1139,-58,-179,190,127,90,111,
 1140,-61,-174,194,121,106,114,
 1141,-53,-169,186,121,104,115,
 1142,-58,-178,198,125,106,109,
 1143,-60,-184,200,138,94,111,
 1144,-62,-180,205,129,97,109,
 1145,-55,-177,203,124,91,111,
 1146,-56,-178,187,124,102,111,
 1147,-55,-182,187,132,94,111,
 1148,-60,-188,180,134,94,109,
 1149,-57,-179,194,135,106,111,
 1150,-54,-184,192,125,114,119,
 1151,-61,-176,186,127,114,121,
 1152,-51,-186,196,118,93,119,
 1153,-59,-168,192,140,98,112,
 1154,-53,-174,193,158,90,115,
 1155,-60,-176,185,152,107,118,
 1156,-56,-181,195,142,116,120,
 1157,-53,-183,190,120,102,111,
 1158,-55,-175,191,129,97,114,
 1159,-49,-175,192,142,103,120,
 1160,-54,-174,195,160,96,112,
 1161,-53,-185,190,147,120,112,
 1162,-58,-185,193,125,105,115,
 1163,-49,-178,189,126,116,114,
 1164,-56,-174,203,142,91,109,
 1165,-54,-179,196,143,105,112,
 1166,-51,-177,199,139,95,115,
 1167,-53,-176,198,131,112,120,
 1168,-51,-169,199,123,110,120,
 1169,-59,-169,190,133,110,115,
 1170,-59,-175,188,144,92,117,
 1171,-53,-183,191,135,108,111,
 1172,-56,-185,192,128,101,112,
 1173,-51,-179,193,123,99,121,
 1174,-58,-164,190,136,97,122,
 1175,-53,-174,189,133,96,116,
 1176,-57,-178,191,127,96,118,
 1177,-54,-176,189,129,101,113,
 1178,-54,-176,198,127,110,123,
 1179,-61,-170,193,128,116,125,
 1180,-51,-170,191,130,109,122,
 1181,-57,-177,182,132,94,117,
 1182,-59,-171,194,126,116,124,
 1183,-54,-177,187,121,101,124,
 1184,-57,-174,196,123,111,124,
 1185,-54,-179,196,134,104,125,
 1186,-56,-171,191,130,108,126,
 1187,-58,-179,188,137,95,123,
 1188,-52,-179,187,127,123,130,
 1189,-56,-164,196,124,100,130,
 1190,-54,-169,203,128,102,125,
 1191,-52,-167,190,128,87,126,
 1192,-60,-174,194,131,104,129,
 1193,-52,-177,189,129,84,130,
 1194,-55,-169,191,113,100,133,
 1195,-60,-168,194,122,90,129,
 1196,-55,-170,200,137,90,117,
 1197,-57,-170,194,140,104,124,
 1198,-57,-169,184,140,118,126,
 1199,-51,-176,195,120,108,135,
 1200,-58,-168,189,126,84,128,
 1201,-50,-174,193,144,100,133,
 1202,-48,-166,189,147,97,130,
 1203,-55,-171,187,129,110,127,
 1204,-52,-172,199,129,95,128,
 1205,-50,-177,185,132,94,132,
 1206,-54,-178,190,140,91,129,
 1207,-51,-179,191,155,109,122,
 1208,-52,-176,191,147,93,130,
 1209,-56,-171,190,140,100,124,
 1210,-53,-169,202,135,101,135,
 1211,-53,-172,195,147,110,125,
 1212,-55,-171,194,153,77,129,
 1213,-54,-174,198,152,106,132,
 1214,-54,-167,193,146,84,131,
 1215,-56,-173,190,124,109,128,
 1216,-51,-178,187,147,107,125,
 1217,-56,-173,186,157,107,133,
 1218,-53,-177,191,139,92,125,
 1219,-49,-182,193,132,98,127,
 1220,-56,-175,184,125,92,131,
 1221,-54,-171,195,131,93,122,
 1222,-55,-165,185,144,90,127,
 1223,-55,-176,196,143,96,122,
 1224,-55,-184,194,137,93,127,
 1225,-52,-185,200,121,98,131,
 1226,-58,-169,196,130,109,124,
 1227,-56,-166,199,146,107,128,
 1228,-51,-174,189,142,101,138,
 1229,-52,-165,195,133,96,128,
 1230,-56,-171,192,119,116,132,
 1231,-55,-168,198,134,91,134,
 1232,-52,-175,197,143,102,127,
 1233,-57,-171,191,134,86,129,
 1234,-53,-172,202,134,94,136,
 1235,-52,-175,200,135,93,131,
 1236,-54,-175,197,121,107,127,
 1237,-59,-172,194,131,99,123,
 1238,-49,-171,196,138,95,130,
 1239,-52,-172,195,135,86,138,
 1240,-56,-176,196,126,95,135,
 1241,-57,-174,202,120,89,134,
 1242,-50,-168,189,133,101,129,
 1243,-52,-167,186,140,82,140,
 1244,-56,-170,194,130,94,132,
 1245,-56,-173,199,121,96,132,
 1246,-50,-175,194,122,113,134,
 1247,-48,-175,191,139,92,129,
 1248,-54,-177,196,127,84,136,
 1249,-48,-178,193,132,82,138,
 1250,-50,-179,189,129,99,146,
 1251,-53,-176,190,122,101,142,
 1252,-51,-176,195,123,101,134,
 1253,-53,-171,190,130,87,138,
 1254,-48,-176,197,138,90,142,
 1255,-55,-182,187,136,76,136,
 1256,-54,-175,199,112,98,139,
 1257,-49,-172,196,129,83,134,
 1258,-47,-177,193,143,100,139,
 1259,-51,-179,188,156,80,127,
 1260,-56,-174,190,153,101,128,
 1261,-54,-177,205,128,79,134,
 1262,-53,-177,203,137,92,133,
 1263,-53,-176,201,145,88,129,
 1264,-57,-176,202,152,89,135,
 1265,-51,-174,203,150,96,125,
 1266,-48,-174,195,134,101,123,
 1267,-52,-171,205,130,87,126,
 1268,-53,-182,199,143,103,128,
 1269,-56,-173,198,159,86,133,
 1270,-49,-171,200,152,98,132,
 1271,-49,-175,190,136,80,131,
 1272,-56,-174,190,125,102,131,
 1273,-56,-177,196,139,85,135,
 1274,-52,-170,191,150,109,132,
 1275,-51,-174,197,153,104,125,
 1276,-49,-165,192,132,102,121,
 1277,-56,-168,201,128,88,122,
 1278,-53,-172,198,130,99,130,
 1279,-55,-182,202,139,95,132,
 1280,-52,-177,195,136,103,120,
 1281,-54,-177,196,133,81,120,
 1282,-59,-177,195,121,95,125,
 1283,-50,-181,195,127,76,132,
 1284,-51,-174,203,134,87,123,
 1285,-53,-169,199,139,79,128,
 1286,-56,-177,197,131,90,118,
 1287,-57,-180,197,126,85,121,
 1288,-52,-176,194,122,95,122,
 1289,-54,-177,195,138,78,124,
 1290,-52,-173,202,148,79,119,
 1291,-51,-179,195,134,89,120,
 1292,-58,-187,193,116,86,126,
 1293,-53,-180,203,115,84,128,
 1294,-53,-182,207,125,86,126,
 1295,-53,-171,198,138,90,128,
 1296,-53,-179,196,130,105,127,
 1297,-55,-178,201,123,107,121,
 1298,-50,-178,188,122,81,133,
 1299,-52,-180,185,133,75,125,
 1300,-54,-173,197,136,98,135,
 1301,-52,-179,198,132,100,133,
 1302,-56,-180,205,130,83,130,
 1303,-50,-173,193,123,92,132,
 1304,-49,-175,187,127,89,136,
 1305,-50,-181,187,132,92,133,
 1306,-52,-178,193,133,83,122,
 1307,-54,-172,203,126,87,124,
 1308,-50,-169,203,120,96,125,
 1309,-52,-179,200,134,92,132,
 1310,-53,-165,195,145,83,122,
 1311,-51,-169,195,143,99,126,
 1312,-52,-174,197,144,90,130,
 1313,-53,-175,197,129,91,120,
 1314,-53,-174,192,120,91,135,
 1315,-55,-179,194,136,83,131,
 1316,-55,-177,199,156,86,129,
 1317,-49,-171,199,156,76,127,
 1318,-48,-175,205,131,82,133,
 1319,-50,-175,202,122,84,126,
 1320,-52,-178,197,126,88,129,
 1321,-51,-176,188,148,72,126,
 1322,-52,-180,197,152,85,125,
 1323,-56,-176,194,142,70,127,
 1324,-55,-179,197,132,83,117,
 1325,-55,-179,202,122,91,125,
 1326,-52,-175,198,122,88,132,
 1327,-50,-171,195,145,91,124,
 1328,-51,-175,200,138,78,127,
 1329,-50,-178,198,123,104,118,
 1330,-49,-177,201,123,94,121,
 1331,-50,-172,196,130,95,113,
 1332,-50,-182,189,130,85,119,
 1333,-53,-177,190,139,91,117,
 1334,-53,-171,195,129,91,120,
 1335,-53,-184,201,120,81,117,
 1336,-58,-181,204,124,93,117,
 1337,-55,-182,203,124,82,117,
 1338,-55,-179,200,137,91,121,
 1339,-53,-177,189,128,91,126,
 1340,-50,-183,202,125,86,110,
 1341,-50,-178,205,115,87,118,
 1342,-53,-170,202,120,83,119,
 1343,-52,-180,204,129,86,118,
 1344,-53,-179,191,139,71,116,
 1345,-55,-181,200,128,91,118,
 1346,-55,-178,202,116,75,126,
 1347,-55,-181,200,121,85,119,
 1348,-53,-185,195,126,82,127,
 1349,-53,-179,203,131,85,122,
 1350,-49,-175,208,135,98,118,
 1351,-49,-182,201,120,83,116,
 1352,-49,-185,193,118,77,114,
 1353,-50,-187,202,123,70,112,
 1354,-50,-188,205,130,90,116,
 1355,-52,-178,196,133,85,113,
 1356,-51,-176,198,130,85,117,
 1357,-50,-181,203,122,85,128,
 1358,-52,-184,204,118,80,120,
 1359,-52,-183,203,132,90,121,
 1360,-52,-182,207,132,82,126,
 1361,-51,-180,199,124,81,125,
 1362,-51,-179,201,129,94,128,
 1363,-52,-183,209,121,78,125,
 1364,-55,-182,205,120,98,124,
 1365,-55,-180,207,137,86,120,
 1366,-53,-184,197,137,87,128,
 1367,-50,-188,200,140,88,121,
 1368,-52,-191,193,136,80,119,
 1369,-52,-191,202,134,83,126,
 1370,-56,-188,191,122,83,122,
 1371,-52,-185,203,132,87,122,
 1372,-50,-187,200,138,93,128,
 1373,-48,-180,204,148,83,126,
 1374,-50,-183,198,134,76,121,
 1375,-50,-191,209,122,88,124,
 1376,-52,-183,208,128,87,123,
 1377,-49,-192,203,135,80,121,
 1378,-50,-172,205,138,88,119,
 1379,-50,-182,204,131,87,120,
 1380,-50,-180,198,132,77,123,
 1381,-51,-181,202,122,81,123,
 1382,-52,-178,202,129,92,117,
 1383,-53,-188,200,141,77,124,
 1384,-51,-181,202,138,95,123,
 1385,-51,-190,193,129,85,108,
 1386,-53,-189,202,122,79,120,
 1387,-52,-176,200,121,89,121,
 1388,-51,-179,193,121,87,111,
 1389,-53,-187,195,140,96,112,
 1390,-52,-184,202,130,94,117,
 1391,-54,-190,204,127,92,113,
 1392,-52,-190,206,124,91,112,
 1393,-54,-185,206,117,85,112,
 1394,-55,-184,207,122,88,107,
 1395,-54,-189,202,135,88,105,
 1396,-52,-188,203,137,70,103,
 1397,-55,-185,195,120,89,104,
 1398,-52,-196,203,125,85,101,
 1399,-56,-197,204,111,75,102,
 1400,-55,-193,207,124,82,107,
 1401,-54,-173,198,134,77,107,
 1402,-52,-186,202,135,77,98,
 1403,-54,-194,200,127,71,99,
 1404,-54,-193,209,129,67,101,
 1405,-57,-183,198,118,89,95,
 1406,-53,-193,210,120,76,99,
 1407,-55,-197,208,122,75,107,
 1408,-49,-186,207,126,83,102,
 1409,-50,-197,211,128,76,100,
 1410,-51,-192,198,124,77,96,
 1411,-54,-201,206,119,84,95,
 1412,-53,-193,202,120,79,95,
 1413,-50,-198,204,126,90,92,
 1414,-51,-190,199,133,78,95,
 1415,-54,-193,199,120,74,93,
 1416,-50,-189,202,111,76,97,
 1417,-53,-192,207,124,89,93,
 1418,-52,-188,206,125,84,93,
 1419,-53,-189,206,132,92,90,
 1420,-52,-192,209,122,97,90,
 1421,-51,-194,213,134,89,93,
 1422,-52,-189,202,129,82,89,
 1423,-54,-201,199,122,77,90,
 1424,-53,-196,208,119,86,86,
 1425,-56,-194,209,130,88,92,
 1426,-51,-193,209,136,85,86,
 1427,-52,-194,215,141,78,86,
 1428,-51,-201,212,138,68,89,
 1429,-55,-196,213,134,69,89,
 1430,-52,-185,206,124,76,91,
 1431,-54,-196,205,118,80,88,
 1432,-52,-196,211,129,74,87,
 1433,-53,-191,211,134,70,85,
 1434,-52,-199,200,131,69,83,
 1435,-56,-187,207,140,76,92,
 1436,-54,-197,208,128,82,88,
 1437,-55,-202,202,127,89,84,
 1438,-50,-199,207,121,80,82,
 1439,-52,-190,213,134,78,80,
 1440,-52,-186,208,141,80,83,
 1441,-51,-202,211,123,73,80,
 1442,-52,-188,209,119,74,79,
 1443,-49,-197,201,124,86,81,
 1444,-49,-202,205,120,83,81,
 1445,-49,-203,209,121,77,78,
 1446,-51,-197,194,132,71,77,
 1447,-51,-200,197,122,73,80,
 1448,-49,-199,207,126,86,78,
 1449,-53,-200,212,116,82,80,
 1450,-51,-193,206,120,78,79,
 1451,-49,-204,217,115,73,76,
 1452,-50,-203,211,127,89,76,
 1453,-53,-205,214,124,74,78,
 1454,-51,-202,209,124,86,81,
 1455,-49,-200,197,119,89,75,
 1456,-48,-204,208,117,76,77,
 1457,-50,-208,203,108,83,75,
 1458,-49,-207,205,114,91,81,
 1459,-50,-201,202,119,89,76,
 1460,-52,-194,200,126,88,75,
 1461,-49,-204,205,118,85,81,
 1462,-48,-199,213,112,74,78,
 1463,-48,-204,208,119,87,77,
 1464,-49,-201,206,109,86,75,
 1465,-53,-199,210,120,84,69,
 1466,-53,-199,206,119,85,71,
 1467,-52,-199,212,125,87,73,
 1468,-53,-194,207,116,80,72,
 1469,-51,-204,215,113,79,68,
 1470,-54,-201,212,115,90,70,
 1471,-53,-196,217,111,79,68,
 1472,-52,-205,206,130,65,69,
 1473,-51,-198,212,123,69,74,
 1474,-54,-201,212,128,73,72,
 1475,-52,-204,214,129,73,72,
 1476,-54,-207,211,117,70,74,
 1477,-50,-211,213,114,81,68,
 1478,-49,-201,217,109,80,71,
 1479,-49,-202,206,108,77,69,
 1480,-47,-201,210,123,77,68,
 1481,-49,-201,212,127,66,66,
 1482,-48,-205,210,127,79,72,
 1483,-52,-211,205,111,79,68,
 1484,-49,-210,216,114,83,71,
 1485,-51,-202,210,119,76,74,
 1486,-50,-201,213,117,76,72,
 1487,-55,-201,218,114,85,69,
 1488,-54,-194,207,125,69,70,
 1489,-54,-196,212,124,80,72,
 1490,-53,-199,215,120,75,74,
 1491,-56,-208,207,112,86,72,
 1492,-52,-206,206,119,70,69,
 1493,-58,-210,223,118,79,62,
 1494,-54,-206,216,118,86,46,
 1495,-51,-204,215,130,85,17,
 1496,-50,-215,207,132,87,-6,
 1497,-51,-204,216,132,83,-37,
 1498,-50,-215,204,138,75,-52,
 1499,-54,-202,208,129,78,-54,
 1500,-55,-207,203,120,81,-62,
 1501,-54,-207,213,109,78,-83,
 1502,-56,-213,217,116,86,-82,
 1503,-53,-222,213,120,84,-81,
 1504,-55,-215,207,136,80,-78,
 1505,-55,-214,205,135,71,-80,
 1506,-53,-201,218,138,71,-76,
 1507,-53,-216,222,120,74,-79,
 1508,-55,-218,215,113,84,-82,
 1509,-58,-207,207,117,70,-79,
 1510,-56,-212,208,118,81,-79,
 1511,-58,-208,219,133,79,-85,
 1512,-50,-207,218,125,81,-88,
 1513,-50,-202,221,139,72,-89,
 1514,-50,-217,216,134,81,-84,
 1515,-53,-215,217,118,79,-85,
 1516,-54,-217,221,116,70,-83,
 1517,-57,-214,217,118,86,-88,
 1518,-57,-219,222,113,84,-87,
 1519,-52,-222,211,132,72,-91,
 1520,-57,-218,215,129,88,-88,
 1521,-51,-212,216,130,83,-88,
 1522,-50,-211,219,125,79,-90,
 1523,-49,-208,218,114,80,-90,
 1524,-50,-224,209,107,78,-90,
 1525,-57,-223,220,114,81,-89,
 1526,-54,-215,218,109,75,-91,
 1527,-55,-209,224,125,67,-86,
 1528,-51,-216,220,125,75,-88,
 1529,-52,-220,218,121,81,-92,
 1530,-52,-226,223,112,77,-94,
 1531,-56,-215,216,113,84,-93,
 1532,-57,-211,226,114,75,-92,
 1533,-50,-207,215,110,75,-93,
 1534,-51,-209,218,101,81,-98,
 1535,-50,-217,217,111,74,-95,
 1536,-55,-211,204,116,86,-100,
 1537,-54,-211,208,119,86,-97,
 1538,-50,-222,219,106,83,-94,
 1539,-53,-216,212,106,75,-97,
 1540,-57,-206,221,100,75,-94,
 1541,-57,-206,216,99,69,-98,
 1542,-51,-218,217,102,84,-96,
 1543,-50,-219,212,110,88,-97,
 1544,-52,-218,214,108,78,-102,
 1545,-60,-213,220,109,90,-98,
 1546,-52,-211,222,119,77,-97,
 1547,-51,-217,222,109,84,-99,
 1548,-57,-219,223,105,90,-98,
 1549,-58,-209,212,109,95,-101,
 1550,-55,-217,221,104,86,-99,
 1551,-53,-227,226,103,79,-100,
 1552,-57,-210,208,105,80,-102,
 1553,-59,-215,209,109,80,-97,
 1554,-51,-218,215,123,80,-105,
 1555,-54,-221,223,115,87,-107,
 1556,-57,-222,224,108,85,-102,
 1557,-57,-226,220,109,83,-100,
 1558,-54,-221,224,112,86,-97,
 1559,-60,-223,231,109,78,-104,
 1560,-58,-225,230,109,77,-103,
 1561,-54,-212,230,117,81,-97,
 1562,-60,-227,230,106,79,-99,
 1563,-59,-220,223,105,75,-103,
 1564,-54,-229,227,113,76,-105,
 1565,-56,-223,225,115,77,-101,
 1566,-58,-211,221,113,81,-104,
 1567,-53,-220,221,110,83,-105,
 1568,-61,-231,212,104,87,-105,
 1569,-56,-223,225,114,71,-106,
 1570,-52,-230,216,118,77,-105,
 1571,-57,-241,217,121,86,-105,
 1572,-51,-217,211,118,78,-113,
 1573,-55,-211,227,116,87,-110,
 1574,-60,-219,221,115,86,-109,
 1575,-51,-228,221,118,90,-111,
 1576,-58,-229,219,106,80,-116,
 1577,-55,-221,221,111,87,-113,
 1578,-56,-222,213,119,85,-111,
 1579,-57,-241,228,119,86,-112,
 1580,-53,-229,228,122,86,-108,
 1581,-61,-231,228,136,77,-111,
 1582,-54,-223,221,132,82,-112,
 1583,-59,-222,228,134,86,-113,
 1584,-57,-218,223,108,87,-122,
 1585,-60,-237,226,110,83,-118,
 1586,-55,-233,219,113,91,-124,
 1587,-53,-223,221,113,90,-126,
 1588,-58,-221,214,127,88,-126,
 1589,-57,-233,225,126,85,-129,
 1590,-58,-228,227,124,79,-127,
 1591,-53,-222,217,132,86,-128,
 1592,-55,-230,223,132,79,-129,
 1593,-60,-222,230,114,86,-126,
 1594,-61,-217,221,108,90,-133,
 1595,-55,-231,230,116,75,-125,
 1596,-62,-226,233,112,88,-130,
 1597,-60,-224,223,108,82,-135,
 1598,-57,-224,230,123,80,-128,
 1599,-55,-231,218,129,80,-128,
 1600,-56,-230,220,129,73,-123,
 1601,-62,-237,225,119,84,-135,
 1602,-55,-232,229,119,81,-126,
 1603,-60,-233,230,118,83,-129,
 1604,-59,-228,225,106,82,-129,
 1605,-57,-230,227,112,89,-131,
 1606,-58,-231,228,105,83,-126,
 1607,-60,-218,229,116,89,-123,
 1608,-62,-241,228,117,82,-122,
 1609,-61,-229,231,120,82,-127,
 1610,-62,-230,234,118,89,-131,
 1611,-60,-232,229,117,80,-131,
 1612,-54,-230,227,115,90,-130,
 1613,-62,-230,227,111,89,-137,
 1614,-59,-239,221,112,85,-134,
 1615,-56,-227,212,109,84,-133,
 1616,-54,-238,232,118,91,-135,
 1617,-58,-230,225,109,75,-133,
 1618,-55,-219,217,97,71,-123,
 1619,-55,-233,224,108,83,-123,
 1620,-62,-231,213,112,88,-123,
 1621,-60,-229,221,106,88,-124,
 1622,-58,-243,221,108,79,-123,
 1623,-55,-221,227,106,93,-121,
 1624,-60,-217,236,115,93,-126,
 1625,-56,-233,227,107,87,-127,
 1626,-60,-229,225,120,78,-127,
 1627,-58,-227,228,105,85,-123,
 1628,-64,-234,232,111,81,-129,
 1629,-59,-232,214,109,89,-126,
 1630,-59,-229,233,109,93,-127,
 1631,-62,-224,233,104,97,-120,
 1632,-62,-226,220,106,81,-123,
 1633,-64,-229,233,117,84,-125,
 1634,-63,-235,228,124,93,-126,
 1635,-58,-230,216,122,90,-121,
 1636,-62,-236,229,115,88,-116,
 1637,-62,-228,234,115,87,-113,
 1638,-65,-233,235,113,77,-113,
 1639,-61,-237,228,107,87,-113,
 1640,-65,-222,226,105,86,-115,
 1641,-57,-236,231,114,99,-116,
 1642,-63,-248,222,120,92,-117,
 1643,-66,-228,227,119,80,-113,
 1644,-62,-240,217,114,80,-126,
 1645,-63,-234,230,106,93,-121,
 1646,-64,-228,217,110,90,-113,
 1647,-63,-241,234,111,89,-120,
 1648,-58,-236,225,112,94,-114,
 1649,-58,-219,229,105,93,-113,
 1650,-58,-239,230,112,77,-114,
 1651,-58,-221,235,121,94,-116,
 1652,-58,-238,236,110,91,-116,
 1653,-60,-225,218,116,76,-118,
 1654,-64,-232,226,122,65,-112,
 1655,-65,-233,230,112,85,-115,
 1656,-58,-225,216,117,79,-114,
 1657,-62,-224,222,119,85,-115,
 1658,-68,-227,230,118,87,-120,
 1659,-68,-239,219,118,82,-119,
 1660,-62,-245,228,124,87,-123,
 1661,-68,-219,238,126,87,-116,
 1662,-66,-240,228,125,87,-117,
 1663,-66,-224,228,118,80,-121,
 1664,-67,-232,233,116,90,-122,
 1665,-63,-246,235,120,100,-122,
 1666,-63,-230,234,113,92,-115,
 1667,-64,-226,231,121,88,-117,
 1668,-63,-220,222,133,88,-112,
 1669,-65,-222,227,132,93,-117,
 1670,-67,-236,222,134,89,-114,
 1671,-62,-227,226,141,90,-122,
 1672,-66,-238,227,136,92,-114,
 1673,-66,-234,230,124,89,-115,
 1674,-61,-230,234,127,87,-122,
 1675,-65,-237,231,118,99,-119,
 1676,-62,-220,222,116,100,-120,
 1677,-59,-243,231,123,98,-125,
 1678,-59,-226,230,131,96,-117,
 1679,-60,-237,235,140,93,-116,
 1680,-63,-221,230,138,91,-123,
 1681,-67,-223,225,118,92,-123,
 1682,-65,-236,217,119,98,-122,
 1683,-63,-221,222,122,86,-119,
 1684,-67,-229,219,126,93,-128,
 1685,-61,-223,233,128,95,-126,
 1686,-67,-230,224,134,100,-113,
 1687,-70,-227,216,135,89,-118,
 1688,-67,-234,229,135,86,-118,
 1689,-66,-238,228,118,98,-128,
 1690,-69,-221,233,125,83,-123,
 1691,-68,-238,226,124,87,-125,
 1692,-68,-234,235,123,94,-118,
 1693,-69,-239,224,132,89,-117,
 1694,-67,-230,226,133,92,-121,
 1695,-68,-230,234,129,91,-114,
 1696,-71,-241,226,122,92,-112,
 1697,-65,-227,226,122,92,-115,
 1698,-66,-240,234,112,92,-114,
 1699,-72,-236,218,116,84,-109,
 1700,-64,-236,220,127,97,-109,
 1701,-66,-227,229,119,93,-110,
 1702,-69,-233,229,132,91,-114,
 1703,-63,-238,237,124,94,-115,
 1704,-67,-228,231,116,87,-117,
 1705,-65,-240,232,120,88,-109,
 1706,-67,-236,237,112,97,-111,
 1707,-64,-239,230,119,95,-110,
 1708,-68,-236,227,123,88,-115,
 1709,-67,-237,232,134,98,-121,
 1710,-65,-224,230,127,98,-115,
 1711,-67,-220,218,128,90,-111,
 1712,-66,-232,232,118,103,-105,
 1713,-69,-229,225,122,110,-105,
 1714,-69,-232,218,112,89,-106,
 1715,-71,-220,233,119,92,-103,
 1716,-74,-231,231,125,106,-109,
 1717,-72,-225,232,132,101,-104,
 1718,-70,-244,226,128,93,-103,
 1719,-69,-225,222,121,95,-105,
 1720,-67,-247,231,123,92,-101,
 1721,-70,-227,220,127,94,-103,
 1722,-66,-229,224,121,99,-102,
 1723,-72,-225,224,124,101,-102,
 1724,-65,-224,227,125,93,-102,
 1725,-68,-242,218,127,93,-106,
 1726,-66,-229,220,126,91,-107,
 1727,-71,-238,231,125,110,-102,
 1728,-65,-229,221,123,98,-105,
 1729,-61,-246,236,125,81,-103,
 1730,-70,-231,233,130,97,-110,
 1731,-69,-237,221,134,82,-99,
 1732,-67,-224,235,139,89,-101,
 1733,-74,-241,236,132,94,-99,
 1734,-69,-218,234,128,97,-96,
 1735,-67,-223,218,121,88,-97,
 1736,-72,-218,233,123,98,-98,
 1737,-76,-224,225,129,90,-100,
 1738,-75,-224,223,132,106,-94,
 1739,-72,-229,217,135,99,-95,
 1740,-73,-228,232,137,90,-91,
 1741,-73,-222,225,129,106,-96,
 1742,-74,-233,218,126,97,-98,
 1743,-68,-230,224,115,98,-90,
 1744,-75,-240,233,128,102,-89,
 1745,-73,-226,229,146,90,-90,
 1746,-72,-237,224,151,93,-87,
 1747,-72,-222,237,154,96,-91,
 1748,-65,-236,230,146,101,-89,
 1749,-67,-222,216,139,95,-87,
 1750,-66,-221,225,125,91,-88,
 1751,-70,-216,227,133,86,-87,
 1752,-66,-234,223,140,101,-88,
 1753,-69,-210,224,157,98,-90,
 1754,-71,-235,228,156,107,-87,
 1755,-69,-222,213,138,99,-90,
 1756,-72,-236,230,138,87,-90,
 1757,-75,-218,225,137,100,-86,
 1758,-76,-224,228,137,98,-85,
 1759,-73,-210,225,140,98,-82,
 1760,-73,-230,237,146,97,-82,
 1761,-72,-224,233,150,90,-85,
 1762,-74,-221,228,143,108,-87,
 1763,-76,-209,227,136,99,-84,
 1764,-74,-233,231,138,95,-80,
 1765,-68,-212,223,145,97,-84,
 1766,-73,-237,229,145,89,-85,
 1767,-74,-222,227,139,108,-80,
 1768,-73,-224,232,129,96,-85,
 1769,-68,-213,225,132,98,-86,
 1770,-70,-227,234,135,94,-86,
 1771,-72,-224,232,136,90,-82,
 1772,-72,-227,220,148,94,-84,
 1773,-72,-218,235,140,93,-86,
 1774,-73,-229,228,131,90,-83,
 1775,-66,-243,233,128,100,-83,
 1776,-71,-223,229,128,99,-78,
 1777,-71,-230,229,135,109,-81,
 1778,-76,-221,231,143,99,-83,
 1779,-73,-237,217,145,96,-82,
 1780,-77,-222,225,132,99,-76,
 1781,-72,-215,225,133,94,-77,
 1782,-78,-219,232,133,99,-83,
 1783,-78,-224,220,129,102,-82,
 1784,-71,-213,228,139,96,-81,
 1785,-74,-218,232,141,99,-84,
 1786,-72,-226,224,134,88,-83,
 1787,-73,-225,229,135,100,-81,
 1788,-66,-219,229,131,98,-79,
 1789,-72,-228,224,135,97,-83,
 1790,-73,-209,215,126,100,-81,
 1791,-75,-222,210,143,96,-84,
 1792,-76,-212,215,129,102,-86,
 1793,-72,-226,218,134,89,-84,
 1794,-72,-213,214,136,92,-81,
 1795,-72,-236,217,127,88,-86,
 1796,-73,-225,219,133,98,-84,
 1797,-80,-224,225,143,105,-81,
 1798,-77,-218,225,131,88,-84,
 1799,-75,-229,230,140,105,-82,
 1800,-73,-217,234,135,103,-86,
 1801,-80,-229,226,130,104,-78,
 1802,-79,-209,227,142,100,-80,
 1803,-74,-232,233,141,96,-74,
 1804,-80,-221,217,149,112,-79,
 1805,-74,-225,216,137,90,-81,
 1806,-71,-212,226,125,93,-77,
 1807,-72,-225,228,127,100,-80,
 1808,-69,-205,226,144,103,-86,
 1809,-73,-208,215,160,109,-87,
 1810,-67,-212,224,159,90,-86,
 1811,-75,-218,229,152,98,-84,
 1812,-77,-208,220,145,102,-84,
 1813,-71,-224,225,136,98,-83,
 1814,-78,-203,222,148,99,-81,
 1815,-80,-210,231,159,95,-79,
 1816,-77,-213,234,164,94,-70,
 1817,-79,-224,215,150,98,-60,
 1818,-74,-217,227,144,104,-41,
 1819,-78,-219,223,141,101,-19,
 1820,-78,-212,226,145,100,11,
 1821,-78,-221,228,161,95,46,
 1822,-79,-215,226,153,96,62,
 1823,-74,-224,226,134,99,56,
 1824,-71,-208,218,135,96,60,
 1825,-72,-208,225,138,99,71,
 1826,-75,-219,217,145,84,76,
 1827,-71,-220,222,149,111,83,
 1828,-71,-205,222,136,92,77,
 1829,-70,-207,219,139,89,76,
 1830,-77,-222,225,135,102,71,
 1831,-76,-204,228,134,81,72,
 1832,-70,-211,225,133,95,74,
 1833,-77,-211,236,140,97,69,
 1834,-76,-224,232,147,98,75,
 1835,-79,-199,220,124,98,78,
 1836,-72,-214,221,132,108,77,
 1837,-73,-208,212,142,99,78,
 1838,-74,-212,226,137,90,78,
 1839,-73,-197,227,133,100,76,
 1840,-79,-212,227,146,90,75,
 1841,-78,-194,222,122,107,72,
 1842,-70,-215,233,135,106,76,
 1843,-71,-199,221,136,98,78,
 1844,-76,-213,225,139,92,80,
 1845,-66,-202,217,139,93,78,
 1846,-70,-210,223,121,100,75,
 1847,-68,-196,221,129,101,79,
 1848,-70,-227,220,131,108,78,
 1849,-72,-200,234,142,93,77,
 1850,-76,-207,225,139,101,81,
 1851,-73,-199,232,127,85,80,
 1852,-79,-210,221,125,94,85,
 1853,-76,-195,223,129,93,82,
 1854,-76,-194,220,143,78,86,
 1855,-81,-202,220,138,98,85,
 1856,-82,-187,230,144,88,85,
 1857,-75,-201,218,134,103,90,
 1858,-76,-195,225,136,104,84,
 1859,-75,-215,227,135,108,89,
 1860,-67,-202,226,145,95,89,
 1861,-75,-205,217,143,93,88,
 1862,-75,-192,233,142,85,85,
 1863,-71,-213,225,139,88,85,
 1864,-77,-185,222,136,102,87,
 1865,-72,-207,216,155,97,85,
 1866,-69,-197,212,154,99,83,
 1867,-74,-205,226,161,83,90,
 1868,-79,-196,227,153,97,88,
 1869,-69,-204,225,143,86,90,
 1870,-78,-211,225,131,95,88,
 1871,-79,-207,224,150,93,93,
 1872,-72,-204,223,158,83,90,
 1873,-80,-193,224,156,110,91,
 1874,-78,-201,220,150,90,91,
 1875,-74,-181,221,131,100,90,
 1876,-72,-203,220,138,80,87,
 1877,-78,-194,223,149,89,87,
 1878,-74,-207,221,149,88,87,
 1879,-76,-189,218,137,95,87,
 1880,-69,-205,229,125,100,86,
 1881,-74,-190,228,140,89,88,
 1882,-73,-194,221,147,100,89,
 1883,-78,-193,226,154,92,89,
 1884,-73,-196,220,136,98,88,
 1885,-70,-200,215,140,85,87,
 1886,-78,-191,223,134,84,88,
 1887,-68,-204,223,143,90,91,
 1888,-73,-188,218,148,84,90,
 1889,-74,-190,215,147,96,93,
 1890,-76,-181,218,138,83,91,
 1891,-80,-191,222,125,102,92,
 1892,-77,-183,213,138,92,93,
 1893,-77,-209,222,138,101,94,
 1894,-71,-195,219,147,87,98,
 1895,-78,-195,215,127,97,93,
 1896,-74,-207,224,131,101,91,
 1897,-76,-179,219,128,89,98,
 1898,-75,-200,217,140,97,97,
 1899,-72,-186,213,138,82,99,
 1900,-75,-201,224,138,96,107,
 1901,-70,-195,224,142,82,101,
 1902,-76,-200,216,125,91,102,
 1903,-70,-203,220,131,93,101,
 1904,-72,-183,207,126,91,107,
 1905,-73,-201,216,136,97,101,
 1906,-78,-183,221,139,89,100,
 1907,-76,-195,217,125,82,101,
 1908,-72,-191,218,133,81,103,
 1909,-78,-186,214,132,90,99,
 1910,-73,-180,216,131,80,102,
 1911,-78,-185,217,142,91,97,
 1912,-79,-193,215,129,88,104,
 1913,-70,-185,213,121,87,103,
 1914,-75,-189,218,134,104,104,
 1915,-68,-187,210,136,95,102,
 1916,-71,-186,217,140,100,99,
 1917,-73,-193,222,135,71,108,
 1918,-64,-185,216,133,79,109,
 1919,-67,-187,217,124,83,104,
 1920,-73,-176,218,132,81,109,
 1921,-66,-176,221,141,91,107,
 1922,-69,-196,222,149,86,107,
 1923,-65,-178,205,151,81,117,
 1924,-74,-185,210,141,83,111,
 1925,-67,-192,225,129,80,110,
 1926,-76,-193,219,137,82,114,
 1927,-76,-186,217,149,86,107,
 1928,-77,-183,219,154,90,117,
 1929,-72,-199,214,157,73,112,
 1930,-77,-182,219,149,86,110,
 1931,-73,-176,215,129,77,114,
 1932,-74,-185,215,135,81,111,
 1933,-74,-181,219,146,85,111,
 1934,-72,-186,215,154,83,107,
 1935,-65,-182,212,143,86,111,
 1936,-70,-180,218,130,78,107,
 1937,-72,-179,222,120,87,114,
 1938,-70,-174,221,124,88,109,
 1939,-68,-186,212,132,87,112,
 1940,-73,-184,219,143,89,110,
 1941,-68,-172,218,139,79,109,
 1942,-74,-181,216,130,85,110,
 1943,-72,-168,210,118,95,111,
 1944,-70,-189,220,139,63,119,
 1945,-64,-177,223,130,81,118,
 1946,-75,-171,222,144,78,120,
 1947,-73,-182,213,134,82,119,
 1948,-72,-173,217,122,75,112,
 1949,-67,-186,220,130,75,119,
 1950,-72,-177,220,128,86,110,
 1951,-75,-159,218,144,78,115,
 1952,-74,-175,222,127,72,115,
 1953,-70,-177,215,131,83,114,
 1954,-68,-169,218,126,83,117,
 1955,-64,-186,213,123,91,116,
 1956,-70,-168,222,134,76,120,
 1957,-66,-167,225,134,77,114,
 1958,-70,-181,221,133,80,120,
 1959,-64,-177,211,126,71,110,
 1960,-67,-175,214,129,73,111,
 1961,-68,-171,219,120,59,109,
 1962,-70,-163,219,131,80,106,
 1963,-71,-181,213,130,90,117,
 1964,-73,-165,212,127,82,108,
 1965,-66,-170,213,122,75,116,
 1966,-71,-178,211,117,62,108,
 1967,-71,-175,200,117,85,110,
 1968,-74,-172,214,121,75,105,
 1969,-73,-176,206,128,68,107,
 1970,-67,-163,211,129,74,103,
 1971,-64,-169,219,127,78,107,
 1972,-72,-183,209,129,62,106,
 1973,-69,-176,207,130,76,111,
 1974,-65,-170,207,120,66,101,
 1975,-67,-178,216,127,77,107,
 1976,-66,-164,217,139,88,112,
 1977,-60,-164,219,134,84,106,
 1978,-67,-170,214,135,81,107,
 1979,-66,-158,205,127,79,102,
 1980,-67,-160,215,120,64,106,
 1981,-69,-172,216,117,71,102,
 1982,-64,-160,213,129,85,108,
 1983,-66,-163,211,136,78,103,
 1984,-64,-170,206,144,79,113,
 1985,-69,-175,220,143,75,104,
 1986,-68,-165,213,130,67,107,
 1987,-70,-163,213,124,75,101,
 1988,-63,-174,210,120,79,100,
 1989,-70,-161,204,127,70,101,
 1990,-61,-158,214,138,77,107,
 1991,-65,-169,221,147,77,100,
 1992,-67,-168,220,146,61,105,
 1993,-66,-159,208,132,75,102,
 1994,-66,-171,217,131,77,106,
 1995,-66,-173,213,126,68,101,
 1996,-62,-164,217,129,80,107,
 1997,-65,-170,214,138,69,104,
 1998,-62,-167,217,133,66,103,
 1999,-64,-156,217,131,70,101,
 2000,-60,-167,219,115,76,106,
 2001,-65,-166,216,116,74,102,
 2002,-61,-160,221,109,67,104,
 2003,-61,-161,213,114,70,105,
 2004,-63,-162,209,123,64,105,
 2005,-57,-166,215,127,72,101,
 2006,-58,-157,218,127,71,101,
 2007,-62,-163,219,113,68,98,
 2008,-58,-168,221,111,72,100,
 2009,-64,-167,222,115,63,97,
 2010,-60,-159,210,116,51,102,
 2011,-59,-160,209,110,73,98,
 2012,-61,-158,217,113,70,103,
 2013,-65,-168,206,127,54,98,
 2014,-65,-149,210,117,57,99,
 2015,-65,-151,201,114,71,110,
 2016,-60,-160,201,118,67,103,
 2017,-61,-148,219,100,58,100,
 2018,-63,-159,216,109,69,100,
 2019,-61,-152,221,112,77,102,
 2020,-65,-160,220,111,60,108,
 2021,-60,-156,217,110,72,104,
 2022,-57,-158,214,114,70,110,
 2023,-63,-158,204,115,69,108,
 2024,-58,-170,208,106,73,108,
 2025,-55,-150,211,113,71,108,
 2026,-52,-152,208,103,72,107,
 2027,-58,-157,217,107,82,105,
 2028,-58,-153,207,116,73,103,
 2029,-54,-146,209,115,67,105,
 2030,-54,-139,213,101,67,101,
 2031,-59,-152,212,103,60,99,
 2032,-62,-152,202,107,64,105,
 2033,-59,-160,211,113,81,101,
 2034,-62,-152,201,105,69,95,
 2035,-60,-144,208,105,61,105,
 2036,-56,-153,208,110,61,103,
 2037,-62,-154,210,100,70,99,
 2038,-60,-146,206,105,73,99,
 2039,-51,-150,212,109,76,103,
 2040,-59,-144,211,102,63,103,
 2041,-55,-158,211,100,54,96,
 2042,-57,-151,218,101,62,103,
 2043,-51,-148,213,96,62,99,
 2044,-59,-136,210,99,57,101,
 2045,-55,-152,196,99,67,102,
 2046,-58,-149,202,104,55,106,
 2047,-55,-150,198,111,62,105,
 2048,-60,-145,208,97,60,106,
 2049,-59,-141,208,101,64,105,
 2050,-60,-158,212,100,53,98,
 2051,-58,-148,206,102,51,102,
 2052,-59,-150,215,96,60,106,
 2053,-54,-148,207,93,60,104,
 2054,-54,-146,209,102,62,97,
 2055,-50,-154,206,104,51,99,
 2056,-56,-153,206,102,53,94,
 2057,-49,-146,190,104,55,97,
 2058,-56,-145,198,104,54,93,
 2059,-53,-142,197,100,70,99,
 2060,-53,-146,202,114,67,104,
 2061,-57,-147,195,103,68,101,
 2062,-49,-146,204,105,61,97,
 2063,-53,-137,214,96,61,95,
 2064,-49,-141,210,99,61,90,
 2065,-57,-149,213,102,60,92,
 2066,-51,-155,209,107,70,92,
 2067,-54,-151,209,111,66,94,
 2068,-49,-143,205,111,61,96,
 2069,-52,-142,200,105,59,94,
 2070,-50,-136,200,114,59,89,
 2071,-49,-148,195,120,53,92,
 2072,-53,-139,198,115,51,94,
 2073,-54,-137,200,114,63,91,
 2074,-56,-142,199,108,62,94,
 2075,-57,-136,202,111,62,98,
 2076,-51,-135,206,105,59,96,
 2077,-55,-135,204,96,62,95,
 2078,-54,-143,209,102,53,98,
 2079,-53,-144,201,99,58,94,
 2080,-54,-141,204,107,53,89,
 2081,-54,-140,212,105,50,89,
 2082,-48,-131,207,110,58,91,
 2083,-52,-137,202,111,59,87,
 2084,-56,-139,206,122,59,89,
 2085,-53,-139,204,109,55,93,
 2086,-49,-147,198,116,59,89,
 2087,-54,-145,200,116,53,92,
 2088,-53,-132,194,105,57,91,
 2089,-54,-136,196,103,61,87,
 2090,-47,-140,205,98,69,89,
 2091,-47,-141,201,99,53,86,
 2092,-46,-143,195,100,54,92,
 2093,-53,-133,201,99,60,90,
 2094,-53,-136,193,104,51,87,
 2095,-51,-136,200,104,62,87,
 2096,-51,-130,202,105,69,88,
 2097,-47,-133,207,108,62,92,
 2098,-48,-140,203,112,51,86,
