 0,22,11,-90,-33,-44,-75,
 1,22,12,-91,-33,-44,-75,
 2,23,12,-90,-32,-44,-75,
 3,22,12,-90,-32,-44,-75,
 4,22,12,-90,-32,-44,-75,
 5,23,12,-90,-32,-44,-74,
 6,22,12,-89,-32,-44,-74,
 7,22,12,-90,-33,-45,-74,
 8,23,12,-90,-32,-44,-73,
 9,22,13,-89,-32,-44,-74,
 10,22,12,-89,-32,-44,-74,
 11,23,12,-90,-32,-44,-74,
 12,22,12,-89,-32,-44,-73,
 13,22,12,-89,-32,-44,-73,
 14,22,13,-89,-33,-44,-73,
 15,22,12,-89,-32,-44,-73,
 16,22,11,-89,-32,-44,-74,
 17,22,11,-88,-33,-43,-73,
 18,21,11,-88,-33,-43,-72,
 19,22,12,-87,-32,-43,-73,
 20,22,11,-87,-32,-43,-74,
 21,22,12,-86,-33,-42,-73,
 22,22,11,-85,-32,-41,-74,
 23,22,11,-83,-32,-38,-74,
 24,22,10,-82,-33,-37,-74,
 25,22,8,-80,-32,-34,-75,
 26,21,7,-77,-33,-30,-76,
 27,22,6,-74,-32,-28,-78,
 28,22,4,-71,-32,-25,-79,
 29,21,3,-68,-32,-21,-81,
 30,22,0,-63,-33,-17,-84,
 31,20,0,-58,-32,-12,-87,
 32,22,-2,-53,-33,-8,-91,
 33,20,-5,-46,-33,-4,-95,
 34,21,-7,-40,-33,0,-100,
 35,20,-9,-33,-33,3,-105,
 36,20,-10,-24,-33,7,-112,
 37,20,-11,-17,-33,9,-117,
 38,20,-12,-6,-35,13,-125,
 39,20,-12,0,-35,15,-131,
 40,19,-12,14,-35,17,-138,
 41,19,-12,22,-36,18,-145,
 42,18,-13,26,-36,19,-149,
 43,20,-12,33,-36,17,-149,
 44,17,-12,39,-37,22,-137,
 45,16,-12,47,-37,21,-127,
 46,16,-11,56,-38,22,-125,
 47,15,-12,57,-38,24,-124,
 48,13,-13,48,-39,25,-124,
 49,12,-16,50,-40,27,-126,
 50,10,-18,48,-40,29,-128,
 51,8,-18,49,-41,31,-129,
 52,6,-20,62,-42,34,-129,
 53,5,-22,68,-42,36,-129,
 54,4,-21,67,-43,35,-126,
 55,3,-20,68,-43,34,-124,
 56,1,-19,75,-45,31,-121,
 57,0,-17,72,-45,32,-121,
 58,-2,-17,77,-45,33,-120,
 59,-4,-16,79,-45,36,-123,
 60,-5,-19,80,-46,37,-125,
 61,-8,-22,90,-46,37,-126,
 62,-9,-28,94,-46,36,-125,
 63,-10,-40,97,-47,32,-122,
 64,-12,-45,102,-47,32,-119,
 65,-12,-48,100,-47,34,-116,
 66,-13,-46,102,-47,38,-117,
 67,-13,-37,98,-47,38,-121,
 68,-15,-39,92,-47,34,-126,
 69,-15,-49,96,-47,33,-128,
 70,-14,-55,97,-46,37,-123,
 71,-14,-59,97,-47,39,-121,
 72,-16,-61,101,-46,36,-121,
 73,-15,-60,99,-46,32,-125,
 74,-16,-62,99,-45,34,-130,
 75,-15,-67,105,-44,36,-125,
 76,-16,-65,105,-41,35,-119,
 77,-17,-64,101,-39,32,-117,
 78,-18,-65,97,-35,37,-123,
 79,-20,-69,97,-32,36,-123,
 80,-21,-67,104,-28,33,-117,
 81,-21,-61,103,-23,36,-118,
 82,-21,-64,100,-18,38,-124,
 83,-22,-64,100,-12,32,-123,
 84,-22,-59,96,-5,36,-115,
 85,-23,-59,92,-1,39,-117,
 86,-24,-62,95,0,35,-120,
 87,-22,-57,99,6,43,-116,
 88,-20,-58,97,10,40,-117,
 89,-21,-62,96,12,39,-122,
 90,-21,-61,101,16,41,-114,
 91,-21,-61,100,19,37,-111,
 92,-22,-65,96,18,41,-114,
 93,-22,-63,97,16,37,-109,
 94,-23,-64,97,17,41,-118,
 95,-23,-66,94,17,38,-118,
 96,-23,-61,99,18,39,-115,
 97,-23,-66,98,22,38,-122,
 98,-23,-60,97,27,42,-116,
 99,-22,-63,96,31,42,-117,
 100,-21,-57,99,34,41,-109,
 101,-20,-58,91,37,38,-111,
 102,-21,-56,98,38,40,-111,
 103,-23,-58,91,40,39,-112,
 104,-24,-60,96,40,44,-118,
 105,-25,-62,99,38,35,-113,
 106,-26,-63,98,38,42,-118,
 107,-26,-64,95,37,36,-112,
 108,-26,-65,95,36,40,-112,
 109,-27,-69,90,34,41,-114,
 110,-27,-61,97,38,38,-115,
 111,-29,-65,94,41,45,-121,
 112,-30,-59,96,43,43,-116,
 113,-33,-56,94,45,37,-117,
 114,-34,-62,93,48,39,-113,
 115,-35,-57,90,47,42,-115,
 116,-36,-62,89,46,37,-120,
 117,-37,-68,96,45,39,-115,
 118,-36,-63,91,47,42,-118,
 119,-38,-66,92,50,40,-121,
 120,-39,-67,88,52,40,-116,
 121,-40,-60,92,55,43,-119,
 122,-39,-55,89,54,44,-123,
 123,-37,-60,87,51,37,-120,
 124,-38,-68,87,50,34,-116,
 125,-41,-68,88,55,41,-114,
 126,-43,-67,87,58,45,-118,
 127,-42,-65,92,59,45,-120,
 128,-40,-65,89,56,42,-117,
 129,-38,-63,87,57,41,-115,
 130,-39,-67,88,60,39,-116,
 131,-40,-70,93,63,40,-120,
 132,-41,-74,87,63,41,-120,
 133,-39,-73,86,59,43,-115,
 134,-39,-68,84,62,46,-114,
 135,-41,-65,90,66,44,-118,
 136,-44,-64,88,62,43,-120,
 137,-42,-68,88,60,40,-117,
 138,-39,-69,86,65,40,-118,
 139,-40,-72,92,64,40,-117,
 140,-42,-71,91,60,42,-116,
 141,-42,-66,92,63,41,-115,
 142,-40,-67,96,63,42,-116,
 143,-41,-71,84,59,39,-115,
 144,-46,-73,84,65,37,-114,
 145,-46,-76,95,64,40,-112,
 146,-42,-66,89,61,39,-112,
 147,-42,-64,92,66,44,-113,
 148,-46,-58,94,63,41,-112,
 149,-44,-66,89,65,42,-111,
 150,-41,-74,89,65,42,-113,
 151,-43,-70,92,64,42,-106,
 152,-45,-64,86,68,46,-111,
 153,-40,-61,89,61,50,-115,
 154,-42,-71,92,67,47,-110,
 155,-45,-75,89,63,48,-112,
 156,-42,-62,88,68,47,-113,
 157,-40,-65,93,63,45,-118,
 158,-45,-71,91,69,47,-115,
 159,-43,-70,91,63,43,-114,
 160,-41,-71,95,67,42,-113,
 161,-47,-72,86,62,43,-115,
 162,-46,-73,96,65,48,-112,
 163,-43,-80,97,66,47,-110,
 164,-48,-75,90,63,49,-108,
 165,-45,-72,91,65,44,-108,
 166,-43,-67,89,62,41,-110,
 167,-46,-73,94,63,42,-111,
 168,-43,-66,88,67,47,-102,
 169,-46,-64,93,63,48,-110,
 170,-48,-58,92,63,46,-106,
 171,-44,-62,90,67,43,-106,
 172,-45,-70,93,67,43,-107,
 173,-43,-60,94,62,45,-103,
 174,-43,-72,96,65,49,-105,
 175,-48,-76,92,68,44,-107,
 176,-43,-63,96,68,42,-113,
 177,-48,-65,91,66,42,-112,
 178,-47,-77,90,62,46,-103,
 179,-47,-76,94,62,50,-110,
 180,-47,-66,90,65,43,-102,
 181,-43,-73,88,67,41,-111,
 182,-48,-82,86,70,43,-108,
 183,-44,-79,93,72,46,-107,
 184,-47,-72,90,72,51,-106,
 185,-42,-73,95,74,43,-102,
 186,-48,-64,98,70,42,-105,
 187,-46,-64,99,72,41,-105,
 188,-47,-65,96,70,46,-110,
 189,-46,-62,89,71,47,-103,
 190,-46,-59,99,69,42,-109,
 191,-47,-66,95,70,40,-106,
 192,-48,-63,96,70,45,-105,
 193,-49,-66,96,70,44,-105,
 194,-48,-68,99,80,46,-105,
 195,-47,-68,91,76,43,-108,
 196,-47,-66,94,72,41,-111,
 197,-46,-73,97,69,46,-107,
 198,-49,-68,90,76,47,-104,
 199,-45,-71,98,76,48,-99,
 200,-48,-72,89,71,46,-103,
 201,-43,-67,98,74,43,-101,
 202,-51,-61,98,79,47,-100,
 203,-45,-68,90,79,50,-102,
 204,-48,-67,95,83,53,-100,
 205,-47,-70,92,78,44,-96,
 206,-49,-73,93,78,50,-97,
 207,-51,-69,90,80,47,-101,
 208,-45,-76,89,85,49,-98,
 209,-51,-70,95,78,52,-102,
 210,-44,-70,95,85,50,-101,
 211,-45,-78,95,85,49,-99,
 212,-49,-72,93,77,50,-102,
 213,-45,-77,93,79,45,-98,
 214,-51,-71,97,83,50,-101,
 215,-52,-71,95,83,47,-100,
 216,-49,-69,99,76,44,-100,
 217,-50,-65,91,77,41,-107,
 218,-46,-71,96,83,41,-104,
 219,-49,-70,101,82,44,-109,
 220,-51,-74,97,80,45,-110,
 221,-49,-63,97,80,44,-107,
 222,-48,-74,97,83,43,-109,
 223,-52,-71,97,81,41,-109,
 224,-50,-72,100,80,40,-113,
 225,-47,-72,101,76,41,-111,
 226,-47,-66,101,76,43,-116,
 227,-49,-71,103,76,42,-119,
 228,-43,-67,91,77,43,-118,
 229,-45,-75,97,78,42,-120,
 230,-52,-72,101,78,45,-117,
 231,-49,-77,93,78,44,-120,
 232,-44,-75,104,82,40,-120,
 233,-49,-73,98,85,39,-115,
 234,-50,-82,94,86,44,-117,
 235,-50,-75,102,91,43,-122,
 236,-46,-76,99,89,40,-122,
 237,-48,-73,103,91,35,-119,
 238,-48,-71,99,85,39,-118,
 239,-49,-74,100,87,44,-124,
 240,-48,-77,101,84,39,-121,
 241,-45,-73,106,84,45,-117,
 242,-48,-79,99,81,41,-119,
 243,-52,-79,93,85,41,-115,
 244,-49,-83,103,85,41,-121,
 245,-47,-75,105,90,36,-117,
 246,-46,-78,100,88,41,-117,
 247,-47,-70,104,88,35,-115,
 248,-53,-78,95,90,41,-116,
 249,-52,-76,95,93,34,-117,
 250,-51,-75,102,89,35,-114,
 251,-51,-82,104,91,39,-119,
 252,-49,-81,98,84,35,-121,
 253,-48,-83,100,90,39,-117,
 254,-49,-73,101,88,41,-122,
 255,-51,-83,96,92,39,-113,
 256,-51,-77,104,97,36,-124,
 257,-52,-76,105,93,37,-118,
 258,-50,-77,109,97,40,-117,
 259,-52,-64,111,102,38,-115,
 260,-57,-76,110,99,37,-117,
 261,-55,-79,111,97,37,-121,
 262,-55,-86,109,88,35,-120,
 263,-53,-76,107,88,31,-123,
 264,-51,-80,97,96,18,-115,
 265,-50,-77,95,98,1,-113,
 266,-50,-79,99,98,-12,-117,
 267,-50,-76,99,109,-16,-110,
 268,-52,-82,103,104,-23,-109,
 269,-52,-87,105,92,-37,-113,
 270,-52,-76,104,89,-33,-114,
 271,-49,-85,103,104,-24,-116,
 272,-53,-84,99,107,-30,-120,
 273,-51,-86,104,102,-31,-114,
 274,-53,-79,104,102,-31,-116,
 275,-54,-78,104,109,-35,-122,
 276,-57,-84,98,111,-34,-117,
 277,-53,-80,103,107,-44,-111,
 278,-53,-81,102,116,-43,-114,
 279,-56,-79,108,112,-53,-115,
 280,-58,-76,100,120,-62,-119,
 281,-57,-88,105,114,-63,-124,
 282,-58,-76,95,108,-73,-117,
 283,-50,-87,101,106,-78,-120,
 284,-56,-81,102,108,-69,-117,
 285,-54,-81,105,113,-67,-114,
 286,-51,-83,99,113,-77,-114,
 287,-53,-84,98,113,-84,-110,
 288,-56,-84,99,100,-77,-110,
 289,-57,-94,102,120,-75,-117,
 290,-55,-93,99,135,-82,-110,
 291,-52,-84,98,126,-74,-112,
 292,-49,-85,98,132,-74,-111,
 293,-50,-83,95,118,-79,-107,
 294,-52,-89,107,119,-72,-115,
 295,-52,-87,101,116,-75,-109,
 296,-57,-86,106,118,-77,-109,
 297,-55,-82,105,118,-72,-111,
 298,-51,-89,108,120,-83,-109,
 299,-49,-89,102,126,-84,-107,
 300,-52,-82,103,129,-77,-111,
 301,-56,-90,114,130,-76,-106,
 302,-52,-89,99,122,-86,-111,
 303,-50,-94,106,125,-84,-105,
 304,-57,-89,101,110,-79,-109,
 305,-56,-85,109,106,-80,-113,
 306,-59,-93,105,106,-88,-107,
 307,-56,-84,113,118,-74,-110,
 308,-52,-84,109,114,-81,-114,
 309,-60,-91,104,127,-77,-107,
 310,-58,-90,111,121,-74,-103,
 311,-52,-88,105,127,-89,-104,
 312,-53,-92,105,121,-85,-105,
 313,-56,-90,97,123,-77,-104,
 314,-57,-92,101,123,-73,-108,
 315,-54,-94,105,117,-85,-106,
 316,-56,-96,104,117,-85,-116,
 317,-56,-84,99,116,-78,-111,
 318,-56,-98,101,112,-77,-111,
 319,-59,-92,104,119,-82,-112,
 320,-61,-92,98,124,-85,-105,
 321,-52,-81,102,119,-91,-106,
 322,-58,-91,101,116,-88,-105,
 323,-58,-89,105,124,-83,-106,
 324,-54,-91,103,133,-101,-107,
 325,-60,-96,108,126,-82,-110,
 326,-54,-89,105,119,-88,-104,
 327,-58,-86,103,114,-95,-111,
 328,-60,-94,110,125,-100,-109,
 329,-55,-97,107,120,-89,-107,
 330,-56,-94,108,120,-90,-106,
 331,-54,-97,98,132,-103,-108,
 332,-58,-102,109,120,-92,-104,
 333,-57,-97,107,122,-85,-103,
 334,-55,-99,102,122,-100,-104,
 335,-60,-91,103,128,-94,-98,
 336,-56,-88,98,112,-88,-100,
 337,-54,-98,95,125,-84,-101,
 338,-50,-92,107,124,-100,-98,
 339,-58,-97,104,123,-90,-102,
 340,-55,-101,98,126,-91,-97,
 341,-58,-96,96,127,-96,-105,
 342,-59,-99,97,133,-87,-102,
 343,-58,-96,104,131,-110,-98,
 344,-58,-103,105,123,-110,-99,
 345,-55,-103,103,127,-104,-99,
 346,-53,-101,107,117,-94,-95,
 347,-59,-99,100,126,-91,-93,
 348,-55,-99,102,128,-113,-100,
 349,-64,-95,106,127,-97,-97,
 350,-56,-92,109,136,-98,-97,
 351,-61,-91,105,132,-110,-97,
 352,-58,-98,96,129,-100,-94,
 353,-59,-100,98,127,-117,-102,
 354,-56,-88,104,133,-102,-96,
 355,-57,-100,98,131,-115,-98,
 356,-63,-100,101,132,-104,-93,
 357,-57,-99,102,133,-107,-96,
 358,-63,-101,98,133,-100,-100,
 359,-57,-108,104,123,-108,-97,
 360,-63,-104,101,144,-107,-96,
 361,-58,-99,102,146,-116,-103,
 362,-60,-93,105,154,-110,-101,
 363,-56,-94,105,152,-115,-103,
 364,-56,-104,105,144,-113,-105,
 365,-62,-104,105,137,-123,-103,
 366,-62,-105,100,139,-113,-105,
 367,-59,-102,101,149,-115,-101,
 368,-62,-102,111,161,-105,-104,
 369,-60,-104,108,144,-120,-102,
 370,-57,-106,108,140,-110,-100,
 371,-65,-103,103,134,-121,-102,
 372,-59,-110,99,138,-122,-104,
 373,-61,-109,103,157,-114,-99,
 374,-63,-106,95,159,-121,-103,
 375,-58,-102,101,142,-106,-99,
 376,-56,-100,102,126,-118,-99,
 377,-57,-106,109,141,-122,-104,
 378,-59,-107,90,147,-116,-102,
 379,-55,-107,105,154,-119,-105,
 380,-59,-94,106,146,-115,-104,
 381,-59,-99,101,143,-123,-100,
 382,-55,-101,108,129,-123,-99,
 383,-60,-102,107,150,-108,-98,
 384,-62,-106,103,152,-119,-94,
 385,-63,-108,96,145,-121,-90,
 386,-59,-100,102,133,-114,-91,
 387,-58,-106,108,146,-119,-92,
 388,-66,-102,107,156,-124,-93,
 389,-61,-98,97,151,-116,-94,
 390,-58,-104,99,145,-114,-95,
 391,-60,-107,96,130,-125,-92,
 392,-64,-111,99,135,-127,-95,
 393,-62,-103,104,158,-117,-100,
 394,-61,-104,104,153,-114,-95,
 395,-59,-106,107,142,-124,-91,
 396,-62,-109,109,145,-116,-96,
 397,-66,-106,111,154,-135,-92,
 398,-60,-102,99,150,-115,-94,
 399,-67,-103,101,153,-121,-93,
 400,-60,-100,101,144,-126,-91,
 401,-63,-101,107,147,-130,-90,
 402,-66,-105,103,148,-119,-85,
 403,-65,-103,106,154,-115,-91,
 404,-59,-107,108,154,-113,-89,
 405,-62,-98,107,153,-133,-91,
 406,-61,-108,112,161,-138,-86,
 407,-64,-108,110,161,-126,-85,
 408,-68,-104,107,164,-117,-89,
 409,-65,-104,101,140,-126,-84,
 410,-62,-114,97,150,-127,-90,
 411,-63,-113,100,188,-121,-84,
 412,-61,-114,107,166,-120,-84,
 413,-61,-104,111,149,-136,-87,
 414,-63,-106,106,151,-121,-89,
 415,-61,-111,103,182,-126,-82,
 416,-62,-110,100,170,-123,-82,
 417,-64,-112,99,141,-138,-82,
 418,-59,-104,106,158,-127,-81,
 419,-64,-113,102,183,-124,-83,
 420,-61,-111,101,163,-132,-83,
 421,-60,-117,107,155,-125,-79,
 422,-58,-118,100,166,-131,-83,
 423,-58,-112,98,175,-123,-85,
 424,-63,-104,101,169,-118,-84,
 425,-59,-109,103,162,-126,-83,
 426,-63,-109,110,161,-124,-84,
 427,-67,-111,110,164,-128,-80,
 428,-64,-111,109,159,-128,-81,
 429,-67,-107,103,148,-127,-78,
 430,-62,-101,102,168,-127,-79,
 431,-67,-108,102,171,-131,-84,
 432,-66,-111,94,162,-128,-83,
 433,-68,-112,93,158,-136,-78,
 434,-67,-106,96,166,-128,-80,
 435,-65,-118,95,161,-134,-84,
 436,-64,-116,108,155,-126,-81,
 437,-64,-111,110,158,-119,-87,
 438,-65,-111,101,172,-129,-85,
 439,-67,-114,103,164,-130,-85,
 440,-63,-115,92,163,-138,-85,
 441,-64,-107,104,176,-128,-84,
 442,-64,-111,106,159,-119,-89,
 443,-66,-105,100,151,-136,-88,
 444,-64,-114,97,172,-138,-85,
 445,-64,-115,106,179,-138,-89,
 446,-62,-116,103,161,-138,-82,
 447,-61,-114,111,164,-129,-83,
 448,-64,-114,109,191,-125,-86,
 449,-65,-114,104,185,-135,-85,
 450,-66,-118,104,158,-129,-82,
 451,-62,-114,105,191,-139,-83,
 452,-62,-112,98,191,-128,-87,
 453,-60,-114,102,159,-132,-89,
 454,-64,-112,104,184,-142,-92,
 455,-64,-108,102,189,-139,-90,
 456,-61,-112,101,167,-129,-89,
 457,-65,-117,91,181,-132,-87,
 458,-66,-121,107,189,-136,-79,
 459,-69,-115,104,153,-142,-67,
 460,-69,-113,103,174,-118,-50,
 461,-64,-116,103,183,-123,-28,
 462,-65,-117,105,163,-136,-1,
 463,-65,-110,109,169,-142,29,
 464,-63,-113,107,175,-134,45,
 465,-65,-118,102,175,-134,60,
 466,-72,-118,104,167,-129,74,
 467,-67,-119,107,183,-131,81,
 468,-65,-110,102,183,-131,87,
 469,-65,-121,108,160,-131,90,
 470,-62,-119,103,183,-126,89,
 471,-65,-124,102,176,-131,83,
 472,-60,-121,100,172,-124,83,
 473,-61,-118,98,195,-115,79,
 474,-61,-120,99,180,-114,81,
 475,-57,-110,103,170,-129,78,
 476,-65,-116,102,199,-145,81,
 477,-69,-116,98,171,-120,88,
 478,-70,-117,93,171,-126,83,
 479,-66,-112,99,204,-141,86,
 480,-64,-113,102,166,-139,88,
 481,-63,-117,104,188,-128,85,
 482,-64,-113,102,200,-128,86,
 483,-64,-117,105,174,-120,84,
 484,-63,-118,102,183,-137,86,
 485,-69,-126,94,194,-130,87,
 486,-64,-117,99,171,-129,92,
 487,-62,-117,98,184,-145,88,
 488,-65,-122,94,185,-128,87,
 489,-68,-114,99,168,-134,89,
 490,-66,-124,97,194,-128,88,
 491,-69,-123,103,179,-142,88,
 492,-67,-125,94,179,-150,93,
 493,-66,-116,96,191,-129,98,
 494,-67,-124,105,166,-126,102,
 495,-68,-120,99,175,-142,98,
 496,-70,-122,99,179,-145,97,
 497,-63,-130,98,161,-122,104,
 498,-64,-128,96,185,-128,100,
 499,-63,-132,98,175,-142,98,
 500,-67,-115,100,180,-143,106,
 501,-63,-123,94,198,-128,108,
 502,-61,-117,99,173,-145,103,
 503,-65,-123,101,188,-140,102,
 504,-67,-124,97,210,-131,107,
 505,-71,-121,96,179,-150,109,
 506,-69,-123,96,207,-141,105,
 507,-64,-126,102,192,-134,105,
 508,-64,-127,96,190,-128,104,
 509,-62,-125,96,212,-137,111,
 510,-65,-120,95,171,-131,111,
 511,-67,-125,98,211,-126,115,
 512,-71,-123,101,180,-132,115,
 513,-72,-127,92,195,-145,116,
 514,-68,-128,100,196,-139,112,
 515,-66,-124,102,179,-134,111,
 516,-66,-130,97,207,-139,102,
 517,-72,-126,96,182,-132,107,
 518,-72,-126,99,192,-128,104,
 519,-65,-124,99,199,-148,108,
 520,-65,-126,95,180,-141,110,
 521,-72,-136,98,203,-133,112,
 522,-70,-126,97,183,-142,111,
 523,-72,-130,98,180,-144,108,
 524,-64,-120,101,198,-143,106,
 525,-69,-127,97,177,-127,105,
 526,-69,-125,97,197,-145,105,
 527,-67,-126,96,173,-132,108,
 528,-67,-126,96,204,-131,108,
 529,-68,-126,102,196,-152,106,
 530,-63,-125,100,198,-126,105,
 531,-61,-128,93,213,-134,108,
 532,-68,-132,99,182,-149,106,
 533,-69,-136,92,205,-130,114,
 534,-65,-133,97,189,-134,108,
 535,-64,-128,92,200,-132,104,
 536,-69,-128,98,196,-146,110,
 537,-71,-128,94,183,-121,115,
 538,-68,-133,90,209,-130,106,
 539,-65,-127,96,186,-162,110,
 540,-64,-133,97,203,-127,114,
 541,-67,-131,102,187,-139,101,
 542,-67,-126,102,214,-149,110,
 543,-67,-129,100,194,-142,106,
 544,-71,-141,101,202,-145,108,
 545,-66,-132,101,194,-134,103,
 546,-70,-134,93,177,-142,104,
 547,-70,-132,91,206,-142,107,
 548,-74,-135,93,175,-139,103,
 549,-69,-135,97,196,-140,105,
 550,-69,-129,92,185,-139,105,
 551,-67,-138,99,206,-144,103,
 552,-62,-133,100,211,-131,107,
 553,-65,-124,93,195,-139,106,
 554,-71,-131,92,214,-122,110,
 555,-70,-132,100,188,-140,107,
 556,-62,-130,91,225,-140,105,
 557,-65,-134,95,189,-125,105,
 558,-65,-133,95,223,-142,105,
 559,-63,-137,99,177,-136,105,
 560,-69,-125,94,199,-130,110,
 561,-71,-133,94,194,-114,102,
 562,-66,-133,97,207,-147,105,
 563,-68,-122,93,197,-135,109,
 564,-68,-136,95,190,-144,114,
 565,-67,-125,94,203,-137,104,
 566,-71,-134,95,198,-131,107,
 567,-72,-135,88,207,-143,114,
 568,-73,-135,95,181,-119,104,
 569,-68,-131,94,205,-130,108,
 570,-71,-130,101,186,-139,107,
 571,-66,-138,93,199,-133,109,
 572,-65,-135,99,182,-112,112,
 573,-73,-138,94,215,-154,113,
 574,-74,-125,99,193,-132,110,
 575,-70,-133,91,207,-124,109,
 576,-72,-131,88,214,-138,106,
 577,-69,-139,100,222,-131,116,
 578,-71,-133,95,191,-149,114,
 579,-71,-131,101,205,-128,112,
 580,-70,-132,94,210,-127,112,
 581,-66,-135,96,209,-145,114,
 582,-63,-132,98,193,-140,115,
 583,-68,-130,99,197,-114,114,
 584,-73,-135,94,205,-149,111,
 585,-69,-128,98,203,-121,118,
 586,-69,-132,100,207,-140,118,
 587,-69,-137,99,198,-122,124,
 588,-67,-138,101,196,-135,117,
 589,-70,-139,103,188,-144,115,
 590,-69,-136,97,199,-124,122,
 591,-70,-136,96,185,-133,115,
 592,-70,-133,109,214,-135,118,
 593,-71,-133,98,181,-122,119,
 594,-69,-136,101,218,-136,128,
 595,-70,-135,98,203,-147,119,
 596,-70,-137,103,224,-111,118,
 597,-69,-137,97,190,-139,128,
 598,-68,-135,94,226,-129,128,
 599,-74,-128,96,186,-127,126,
 600,-69,-128,100,225,-143,122,
 601,-68,-136,98,189,-126,122,
 602,-65,-132,101,215,-130,117,
 603,-68,-131,103,187,-138,123,
 604,-70,-129,99,202,-116,115,
 605,-70,-134,101,191,-131,115,
 606,-68,-133,99,201,-134,117,
 607,-67,-139,94,192,-128,116,
 608,-68,-139,99,211,-137,117,
 609,-68,-137,94,195,-125,123,
 610,-65,-139,95,221,-134,126,
 611,-67,-142,101,188,-129,124,
 612,-70,-134,106,215,-128,117,
 613,-64,-137,101,186,-143,124,
 614,-72,-131,101,212,-125,116,
 615,-69,-141,96,191,-110,125,
 616,-69,-140,97,226,-145,121,
 617,-73,-136,95,184,-120,122,
 618,-70,-141,94,232,-135,116,
 619,-66,-138,96,194,-118,121,
 620,-67,-130,95,215,-131,119,
 621,-73,-139,97,187,-131,115,
 622,-68,-134,103,207,-112,118,
 623,-69,-138,102,183,-128,120,
 624,-66,-146,103,201,-118,120,
 625,-71,-150,97,185,-114,122,
 626,-74,-139,101,211,-123,117,
 627,-71,-132,105,211,-126,123,
 628,-68,-138,103,194,-116,119,
 629,-69,-142,106,189,-128,125,
 630,-64,-143,99,190,-120,118,
 631,-68,-135,106,200,-141,124,
 632,-69,-142,100,184,-118,118,
 633,-63,-142,98,199,-118,118,
 634,-64,-144,94,199,-128,120,
 635,-70,-143,95,211,-141,116,
 636,-62,-143,101,201,-111,118,
 637,-68,-148,94,217,-139,124,
 638,-69,-138,103,204,-113,119,
 639,-71,-151,100,207,-130,114,
 640,-67,-150,101,199,-117,123,
 641,-71,-145,107,212,-133,124,
 642,-71,-148,101,188,-131,118,
 643,-64,-136,106,215,-112,125,
 644,-68,-145,101,186,-122,117,
 645,-72,-138,101,212,-122,119,
 646,-67,-145,100,190,-130,124,
 647,-68,-148,94,212,-103,130,
 648,-71,-152,104,186,-119,127,
 649,-65,-151,103,211,-112,117,
 650,-65,-145,103,183,-148,125,
 651,-71,-141,94,208,-101,122,
 652,-68,-148,93,187,-134,122,
 653,-68,-147,101,210,-126,127,
 654,-66,-148,99,195,-114,125,
 655,-67,-149,94,222,-127,124,
 656,-62,-153,103,190,-122,125,
 657,-64,-149,98,217,-104,124,
 658,-69,-145,100,200,-122,124,
 659,-69,-138,95,226,-146,125,
 660,-67,-144,97,181,-107,129,
 661,-73,-144,103,206,-133,123,
 662,-68,-146,97,194,-101,120,
 663,-65,-151,99,205,-135,123,
 664,-64,-141,96,200,-125,132,
 665,-70,-148,102,204,-113,125,
 666,-68,-149,103,200,-120,127,
 667,-65,-144,97,186,-120,130,
 668,-70,-155,105,191,-115,124,
 669,-68,-151,104,201,-104,128,
 670,-70,-145,103,197,-139,127,
 671,-67,-151,103,190,-110,124,
 672,-70,-148,100,207,-129,130,
 673,-72,-145,99,190,-113,127,
 674,-68,-148,106,221,-117,123,
 675,-66,-149,103,189,-123,125,
 676,-72,-159,102,219,-103,123,
 677,-67,-146,102,205,-118,128,
 678,-67,-156,96,220,-118,131,
 679,-65,-143,101,189,-117,115,
 680,-71,-139,102,210,-101,123,
 681,-69,-149,94,187,-130,126,
 682,-64,-151,99,202,-109,131,
 683,-69,-154,105,183,-115,121,
 684,-69,-145,107,197,-124,118,
 685,-63,-144,107,180,-108,124,
 686,-66,-152,106,200,-117,128,
 687,-66,-147,104,185,-110,120,
 688,-64,-151,104,187,-116,113,
 689,-65,-143,102,189,-126,125,
 690,-67,-147,104,199,-122,112,
 691,-68,-151,103,193,-106,120,
 692,-72,-150,98,194,-105,129,
 693,-72,-141,94,190,-122,119,
 694,-65,-150,105,219,-95,121,
 695,-70,-153,100,195,-116,128,
 696,-68,-156,104,219,-114,121,
 697,-66,-156,103,186,-104,121,
 698,-66,-159,105,203,-121,129,
 699,-66,-157,104,179,-97,114,
 700,-73,-148,109,206,-95,117,
 701,-67,-147,106,195,-103,116,
 702,-68,-151,109,196,-116,117,
 703,-67,-150,102,189,-97,117,
 704,-66,-144,101,190,-87,115,
 705,-72,-160,112,191,-123,114,
 706,-65,-154,106,181,-112,111,
 707,-67,-158,105,181,-102,113,
 708,-63,-145,107,186,-107,119,
 709,-69,-147,102,196,-112,122,
 710,-65,-159,112,194,-117,126,
 711,-64,-158,107,204,-110,115,
 712,-65,-157,113,183,-101,113,
 713,-65,-152,113,200,-114,121,
 714,-62,-160,104,210,-114,129,
 715,-65,-152,108,202,-111,120,
 716,-70,-154,112,218,-101,120,
 717,-64,-163,112,191,-102,120,
 718,-67,-160,115,184,-117,121,
 719,-64,-150,106,186,-101,120,
 720,-70,-143,113,185,-104,123,
 721,-70,-143,111,181,-118,118,
 722,-65,-163,111,192,-94,120,
 723,-71,-159,118,175,-102,121,
 724,-68,-156,116,192,-118,123,
 725,-72,-153,111,182,-92,119,
 726,-70,-151,119,192,-105,121,
 727,-70,-165,114,181,-102,119,
 728,-65,-163,119,187,-103,121,
 729,-65,-152,114,187,-101,117,
 730,-66,-156,111,188,-87,123,
 731,-72,-147,115,182,-104,117,
 732,-72,-151,108,198,-112,127,
 733,-67,-157,117,191,-79,124,
 734,-63,-155,115,205,-92,122,
 735,-62,-158,117,169,-119,122,
 736,-64,-159,117,211,-92,121,
 737,-66,-161,119,177,-89,120,
 738,-69,-163,125,214,-107,122,
 739,-67,-151,116,160,-97,128,
 740,-64,-146,118,197,-92,118,
 741,-62,-148,120,167,-93,125,
 742,-65,-167,115,187,-92,118,
 743,-64,-162,119,171,-110,125,
 744,-68,-149,110,187,-100,122,
 745,-65,-153,119,180,-87,120,
 746,-68,-158,122,191,-77,121,
 747,-70,-160,119,181,-115,115,
 748,-64,-162,124,199,-105,114,
 749,-66,-159,119,188,-89,117,
 750,-65,-152,125,177,-100,117,
 751,-66,-155,114,189,-112,113,
 752,-71,-156,120,178,-87,112,
 753,-72,-148,125,186,-87,111,
 754,-70,-151,121,187,-107,119,
 755,-69,-160,128,198,-104,116,
 756,-72,-170,124,176,-87,119,
 757,-66,-157,127,209,-95,121,
 758,-65,-148,124,164,-97,118,
 759,-67,-162,127,205,-97,115,
 760,-69,-160,119,157,-96,117,
 761,-71,-155,131,193,-84,116,
 762,-69,-160,126,157,-86,126,
 763,-62,-162,123,173,-97,118,
 764,-67,-161,125,163,-91,123,
 765,-67,-159,129,184,-87,114,
 766,-64,-153,127,171,-85,120,
 767,-67,-154,116,161,-90,121,
 768,-66,-151,117,186,-99,117,
 769,-61,-160,128,156,-86,115,
 770,-63,-154,118,186,-83,115,
 771,-68,-163,127,163,-73,117,
 772,-68,-172,125,182,-76,118,
 773,-70,-162,128,152,-84,110,
 774,-64,-153,118,192,-85,119,
 775,-67,-153,127,170,-69,118,
 776,-69,-170,120,196,-82,121,
 777,-65,-162,129,186,-76,114,
 778,-66,-149,125,168,-92,115,
 779,-66,-161,124,194,-84,112,
 780,-62,-166,123,161,-86,127,
 781,-64,-161,127,198,-73,124,
 782,-68,-166,123,158,-68,124,
 783,-67,-163,123,182,-81,121,
 784,-63,-166,125,168,-75,122,
 785,-68,-160,127,179,-80,113,
 786,-69,-162,133,176,-89,124,
 787,-66,-163,131,157,-83,119,
 788,-70,-171,131,179,-81,119,
 789,-65,-161,126,156,-87,127,
 790,-70,-149,129,185,-77,120,
 791,-68,-159,122,160,-76,114,
 792,-59,-163,123,168,-87,117,
 793,-65,-165,124,180,-77,111,
 794,-65,-155,126,161,-60,109,
 795,-63,-164,130,174,-72,111,
 796,-60,-164,129,158,-73,115,
 797,-60,-157,130,180,-76,113,
 798,-61,-154,134,156,-79,111,
 799,-65,-161,140,173,-74,105,
 800,-68,-160,125,171,-72,105,
 801,-64,-153,124,170,-67,107,
 802,-66,-166,138,190,-81,104,
 803,-68,-167,125,154,-69,108,
 804,-66,-153,143,189,-72,106,
 805,-68,-162,130,172,-67,105,
 806,-67,-169,136,167,-69,102,
 807,-66,-175,131,168,-74,101,
 808,-69,-172,132,143,-63,105,
 809,-67,-158,137,166,-53,114,
 810,-61,-165,138,160,-70,104,
 811,-68,-165,127,161,-68,108,
 812,-67,-156,130,170,-69,105,
 813,-62,-166,134,155,-62,108,
 814,-63,-160,130,166,-63,106,
 815,-63,-160,131,146,-56,112,
 816,-62,-171,140,162,-66,112,
 817,-65,-177,136,169,-66,108,
 818,-63,-157,138,145,-62,105,
 819,-65,-167,137,176,-50,105,
 820,-65,-160,137,151,-60,108,
 821,-61,-163,137,169,-54,111,
 822,-57,-165,138,165,-65,103,
 823,-59,-168,142,146,-62,99,
 824,-58,-170,136,175,-55,99,
 825,-55,-173,144,167,-61,104,
 826,-59,-172,141,162,-55,98,
 827,-61,-173,142,188,-53,100,
 828,-61,-175,143,141,-59,108,
 829,-64,-168,131,178,-51,100,
 830,-61,-180,136,170,-53,107,
 831,-61,-166,144,150,-50,97,
 832,-64,-155,151,181,-55,97,
 833,-64,-174,149,143,-49,97,
 834,-58,-162,148,160,-53,94,
 835,-62,-167,150,161,-39,96,
 836,-61,-170,145,144,-46,102,
 837,-59,-167,137,170,-49,97,
 838,-60,-157,138,150,-41,99,
 839,-61,-163,146,146,-46,100,
 840,-66,-171,154,167,-49,94,
 841,-64,-161,148,151,-38,98,
 842,-66,-163,150,152,-40,94,
 843,-61,-172,150,162,-35,96,
 844,-63,-162,153,141,-43,99,
 845,-61,-161,147,156,-38,102,
 846,-60,-179,149,166,-7,97,
 847,-58,-170,147,143,38,106,
 848,-61,-163,147,153,51,102,
 849,-65,-172,150,167,60,100,
 850,-65,-170,157,144,69,97,
 851,-60,-163,150,166,67,100,
 852,-65,-176,154,166,59,100,
 853,-56,-170,152,149,56,96,
 854,-57,-167,156,178,68,95,
 855,-59,-163,150,156,73,99,
 856,-59,-177,153,137,73,100,
 857,-62,-162,151,172,79,102,
 858,-64,-173,150,134,76,100,
 859,-62,-176,152,150,67,104,
 860,-52,-161,141,163,77,99,
 861,-56,-178,155,147,85,96,
 862,-56,-181,156,151,84,102,
 863,-58,-167,155,155,77,94,
 864,-63,-178,154,135,90,96,
 865,-64,-177,155,149,90,95,
 866,-62,-169,156,149,81,100,
 867,-58,-164,152,145,87,97,
 868,-59,-172,151,148,90,97,
 869,-65,-165,156,165,88,97,
 870,-61,-166,164,149,81,100,
 871,-67,-178,159,144,83,95,
 872,-59,-164,157,164,82,96,
 873,-61,-161,158,139,92,96,
 874,-66,-157,146,143,79,101,
 875,-65,-162,157,162,90,98,
 876,-65,-173,157,149,94,100,
 877,-62,-172,150,130,97,95,
 878,-58,-163,157,164,88,100,
 879,-57,-168,158,147,94,105,
 880,-62,-166,162,138,95,104,
 881,-65,-153,163,169,93,99,
 882,-65,-170,156,162,96,102,
 883,-58,-171,164,128,101,97,
 884,-58,-168,157,155,94,100,
 885,-64,-185,151,170,102,99,
 886,-59,-180,153,143,99,104,
 887,-60,-167,159,144,97,104,
 888,-56,-183,158,163,92,101,
 889,-62,-171,154,147,92,108,
 890,-58,-164,159,128,96,102,
 891,-57,-184,152,154,106,100,
 892,-56,-168,159,145,101,103,
 893,-53,-166,163,129,94,102,
 894,-59,-173,164,153,95,104,
 895,-62,-168,158,146,97,100,
 896,-59,-176,164,121,100,96,
 897,-58,-172,161,136,105,101,
 898,-58,-170,162,145,102,107,
 899,-56,-176,162,125,107,108,
 900,-61,-172,164,127,100,109,
 901,-61,-171,157,143,100,105,
 902,-59,-175,171,135,107,102,
 903,-63,-172,171,127,102,97,
 904,-64,-179,169,138,112,100,
 905,-65,-188,167,143,109,104,
 906,-61,-169,166,129,106,108,
 907,-56,-175,165,122,100,100,
 908,-58,-171,163,134,105,101,
 909,-64,-172,162,133,112,101,
 910,-60,-181,164,127,105,100,
 911,-57,-176,171,141,105,101,
 912,-63,-164,158,143,109,105,
 913,-60,-167,164,128,107,103,
 914,-56,-179,164,132,113,101,
 915,-60,-164,160,163,113,103,
 916,-65,-181,171,157,102,103,
 917,-62,-167,166,123,101,101,
 918,-58,-177,170,135,107,103,
 919,-54,-177,171,161,102,108,
 920,-52,-169,160,146,109,106,
 921,-60,-175,167,129,111,100,
 922,-56,-183,166,151,120,104,
 923,-54,-164,168,155,112,101,
 924,-56,-181,174,123,109,100,
 925,-59,-171,160,120,112,103,
 926,-52,-178,169,139,115,108,
 927,-51,-180,159,150,116,107,
 928,-54,-177,167,127,116,104,
 929,-62,-171,168,134,105,98,
 930,-56,-182,169,137,101,97,
 931,-60,-167,167,133,107,93,
 932,-62,-179,165,122,109,95,
 933,-56,-176,171,125,113,99,
 934,-60,-176,167,147,102,98,
 935,-60,-182,177,132,103,97,
 936,-58,-180,170,128,110,98,
 937,-65,-166,169,121,113,97,
 938,-57,-183,172,140,97,96,
 939,-58,-177,174,131,114,92,
 940,-60,-179,174,114,115,94,
 941,-60,-183,179,131,109,92,
 942,-56,-173,174,137,113,89,
 943,-61,-178,174,131,105,98,
 944,-62,-178,173,116,105,93,
 945,-57,-179,169,112,111,91,
 946,-56,-177,174,131,121,88,
 947,-61,-182,168,128,104,92,
 948,-60,-165,166,131,105,91,
 949,-62,-181,174,110,117,91,
 950,-57,-170,174,134,114,92,
 951,-62,-175,173,143,106,94,
 952,-60,-179,175,147,111,99,
 953,-57,-177,170,126,110,91,
 954,-62,-193,178,129,115,92,
 955,-58,-177,166,150,111,93,
 956,-56,-176,175,148,109,91,
 957,-55,-179,178,133,114,92,
 958,-59,-179,172,129,117,90,
 959,-56,-174,180,147,113,95,
 960,-55,-189,173,145,122,88,
 961,-61,-178,176,128,102,92,
 962,-55,-182,172,115,102,93,
 963,-58,-189,165,139,116,94,
 964,-54,-177,169,146,104,89,
 965,-57,-181,180,139,104,98,
 966,-63,-174,180,112,105,96,
 967,-56,-173,179,122,101,95,
 968,-56,-177,178,136,111,97,
 969,-58,-192,175,135,119,98,
 970,-55,-165,177,116,116,97,
 971,-60,-188,178,110,104,91,
 972,-53,-180,184,128,106,86,
 973,-62,-164,178,134,115,84,
 974,-60,-186,176,130,116,89,
 975,-58,-172,180,119,105,97,
 976,-60,-173,180,111,106,89,
 977,-59,-181,180,126,105,87,
 978,-59,-178,176,122,109,93,
 979,-58,-182,171,126,109,94,
 980,-60,-183,182,117,116,93,
 981,-59,-168,177,123,118,90,
 982,-63,-181,181,128,104,93,
 983,-55,-188,179,125,123,88,
 984,-62,-173,175,115,111,95,
 985,-58,-180,182,111,120,93,
 986,-55,-177,175,118,112,92,
 987,-61,-174,167,137,99,89,
 988,-61,-185,185,120,121,92,
 989,-53,-174,179,116,102,88,
 990,-59,-177,186,111,110,95,
 991,-57,-181,176,120,118,89,
 992,-55,-178,168,129,111,88,
 993,-51,-188,184,123,105,94,
 994,-57,-196,181,120,109,94,
 995,-55,-176,177,116,111,96,
 996,-61,-185,184,131,116,94,
 997,-57,-191,184,132,115,96,
 998,-52,-179,187,130,96,91,
 999,-56,-176,186,121,109,92,
 1000,-52,-183,196,120,115,94,
 1001,-56,-177,190,134,111,99,
 1002,-52,-183,181,139,109,99,
 1003,-60,-183,183,140,106,98,
 1004,-53,-169,185,129,107,94,
 1005,-60,-186,186,105,99,96,
 1006,-53,-185,176,129,119,92,
 1007,-55,-171,179,141,126,92,
 1008,-55,-176,183,142,122,94,
 1009,-58,-185,176,124,96,101,
 1010,-59,-172,190,115,107,97,
 1011,-58,-180,180,125,109,99,
 1012,-58,-187,193,129,123,92,
 1013,-62,-171,186,150,126,89,
 1014,-63,-179,194,131,97,93,
 1015,-56,-177,190,110,100,92,
 1016,-59,-173,184,114,109,91,
 1017,-55,-174,191,129,114,97,
 1018,-63,-182,196,133,120,93,
 1019,-59,-177,190,126,108,95,
 1020,-60,-182,187,115,97,96,
 1021,-58,-180,186,110,107,97,
 1022,-56,-169,190,126,109,98,
 1023,-55,-185,187,125,121,101,
 1024,-53,-174,188,119,112,97,
 1025,-59,-176,184,116,116,97,
 1026,-59,-184,190,108,115,98,
 1027,-60,-185,177,127,101,98,
 1028,-54,-172,189,126,110,99,
 1029,-60,-180,192,111,120,103,
 1030,-56,-186,175,114,106,103,
 1031,-55,-178,192,117,107,102,
 1032,-58,-182,184,122,101,106,
 1033,-50,-185,195,121,104,112,
 1034,-59,-171,188,126,107,113,
 1035,-53,-181,189,118,113,118,
 1036,-59,-182,193,108,120,114,
 1037,-50,-174,191,116,114,106,
 1038,-57,-187,194,116,111,109,
 1039,-52,-185,174,129,105,108,
 1040,-50,-189,178,119,116,112,
 1041,-52,-177,185,120,125,112,
 1042,-59,-195,192,113,111,109,
 1043,-55,-188,197,109,105,110,
 1044,-59,-171,180,124,114,111,
 1045,-55,-180,189,125,105,116,
 1046,-56,-180,189,124,119,118,
 1047,-56,-180,187,122,110,110,
 1048,-54,-185,190,110,116,112,
 1049,-58,-180,180,120,86,114,
 1050,-55,-166,193,125,103,109,
 1051,-59,-182,193,134,106,114,
 1052,-54,-183,194,116,115,109,
 1053,-59,-176,185,113,106,111,
 1054,-56,-174,195,128,114,108,
 1055,-60,-181,188,125,112,116,
 1056,-53,-181,196,138,109,113,
 1057,-59,-174,199,135,127,110,
 1058,-54,-184,195,125,98,110,
 1059,-58,-180,195,123,99,112,
 1060,-52,-180,193,129,103,113,
 1061,-57,-181,189,141,122,112,
 1062,-57,-191,186,142,111,113,
 1063,-53,-173,198,132,105,119,
 1064,-58,-173,194,125,104,109,
 1065,-55,-186,191,119,114,112,
 1066,-59,-179,182,126,111,113,
 1067,-54,-186,190,136,118,109,
 1068,-58,-181,179,136,99,106,
 1069,-54,-174,192,125,104,117,
 1070,-61,-179,191,119,102,112,
 1071,-53,-178,192,124,114,119,
 1072,-56,-191,190,133,125,115,
 1073,-52,-179,192,129,106,111,
 1074,-55,-175,184,126,102,118,
 1075,-52,-184,195,126,109,113,
 1076,-55,-185,194,115,117,117,
 1077,-57,-180,192,118,99,111,
 1078,-52,-171,191,125,111,120,
 1079,-53,-184,192,127,102,109,
 1080,-50,-189,187,118,106,120,
 1081,-58,-190,190,119,104,114,
 1082,-53,-177,192,116,124,108,
 1083,-54,-177,187,127,119,106,
 1084,-60,-180,191,133,93,109,
 1085,-56,-176,181,124,118,108,
 1086,-52,-172,188,126,105,119,
 1087,-53,-181,188,122,106,109,
 1088,-57,-192,194,118,94,114,
 1089,-50,-185,200,121,99,113,
 1090,-56,-184,194,135,99,110,
 1091,-56,-176,195,125,104,108,
 1092,-60,-172,195,115,107,106,
 1093,-52,-177,193,117,100,105,
 1094,-55,-186,196,120,105,103,
 1095,-60,-185,204,127,93,105,
 1096,-54,-183,198,119,99,111,
 1097,-57,-178,195,125,86,103,
 1098,-53,-183,192,121,105,104,
 1099,-60,-190,201,128,114,109,
 1100,-57,-183,190,127,114,104,
 1101,-57,-170,191,134,128,105,
 1102,-56,-173,192,127,96,102,
 1103,-51,-183,195,109,109,103,
 1104,-55,-181,191,124,101,110,
 1105,-53,-171,186,122,112,99,
 1106,-59,-181,193,128,113,100,
 1107,-51,-186,196,134,98,103,
 1108,-61,-174,193,123,101,111,
 1109,-60,-175,188,125,93,106,
 1110,-54,-180,196,121,103,105,
 1111,-55,-174,196,127,115,108,
 1112,-55,-182,195,129,117,109,
 1113,-59,-175,188,145,101,114,
 1114,-48,-182,196,146,85,115,
 1115,-54,-193,195,121,112,113,
 1116,-55,-182,193,116,101,110,
 1117,-50,-182,195,122,107,108,
 1118,-55,-172,186,139,98,110,
 1119,-51,-176,189,154,91,112,
 1120,-56,-185,194,138,107,109,
 1121,-51,-180,183,124,88,107,
 1122,-53,-173,195,119,97,108,
 1123,-55,-177,196,134,82,107,
 1124,-50,-175,191,146,107,117,
 1125,-58,-169,195,144,98,118,
 1126,-57,-175,198,133,126,119,
 1127,-57,-175,195,111,120,118,
 1128,-58,-165,195,134,95,114,
 1129,-55,-174,192,140,115,113,
 1130,-56,-179,198,135,87,110,
 1131,-53,-175,201,124,112,116,
 1132,-52,-167,188,115,101,120,
 1133,-60,-169,193,125,93,120,
 1134,-52,-190,196,126,97,113,
 1135,-56,-176,197,139,107,113,
 1136,-56,-175,199,120,107,112,
 1137,-52,-166,198,124,82,117,
 1138,-59,-178,199,121,102,112,
 1139,-53,-176,193,118,87,115,
 1140,-59,-169,195,130,93,123,
 1141,-52,-171,195,130,84,121,
 1142,-60,-175,195,123,92,113,
 1143,-57,-173,193,122,115,119,
 1144,-52,-173,194,118,100,121,
 1145,-58,-174,187,127,94,124,
 1146,-56,-169,189,129,101,121,
 1147,-59,-174,204,128,105,122,
 1148,-53,-176,189,118,103,125,
 1149,-52,-182,198,122,100,123,
 1150,-59,-175,201,130,95,115,
 1151,-56,-169,199,131,82,127,
 1152,-55,-169,195,135,109,120,
 1153,-57,-177,199,124,102,126,
 1154,-52,-180,204,113,101,118,
 1155,-55,-172,197,119,107,126,
 1156,-58,-174,192,123,86,124,
 1157,-49,-174,199,127,95,120,
 1158,-56,-178,201,131,80,120,
 1159,-57,-183,204,127,102,133,
 1160,-52,-183,190,112,98,125,
 1161,-54,-173,192,120,97,126,
 1162,-55,-168,183,140,103,117,
 1163,-49,-173,199,136,92,126,
 1164,-55,-190,194,128,100,123,
 1165,-53,-188,201,116,85,120,
 1166,-48,-182,196,133,94,130,
 1167,-54,-173,202,142,92,124,
 1168,-55,-166,199,147,97,121,
 1169,-53,-168,192,138,99,127,
 1170,-56,-177,199,134,117,126,
 1171,-52,-177,198,128,100,127,
 1172,-50,-180,198,140,93,133,
 1173,-58,-171,198,157,108,126,
 1174,-57,-173,200,145,100,121,
 1175,-52,-174,193,140,112,124,
 1176,-57,-177,206,131,88,128,
 1177,-54,-183,204,132,98,124,
 1178,-55,-174,203,143,90,122,
 1179,-57,-166,199,147,100,132,
 1180,-55,-164,198,127,92,119,
 1181,-57,-172,198,124,85,118,
 1182,-57,-174,198,122,90,119,
 1183,-51,-179,203,137,95,119,
 1184,-57,-180,196,147,95,123,
 1185,-55,-183,193,138,92,124,
 1186,-53,-166,189,123,100,126,
 1187,-57,-173,203,114,93,117,
 1188,-51,-178,201,130,105,116,
 1189,-53,-180,194,138,97,128,
 1190,-50,-177,195,130,89,121,
 1191,-56,-177,196,132,91,125,
 1192,-55,-169,197,118,101,121,
 1193,-50,-173,200,126,109,126,
 1194,-56,-178,198,135,95,119,
 1195,-54,-166,204,133,94,121,
 1196,-55,-174,199,124,85,135,
 1197,-58,-176,194,127,102,128,
 1198,-58,-183,197,127,92,121,
 1199,-51,-187,192,135,107,125,
 1200,-57,-174,202,135,87,126,
 1201,-57,-178,203,124,105,125,
 1202,-49,-180,208,125,83,131,
 1203,-50,-170,208,127,91,131,
 1204,-57,-180,212,132,95,127,
 1205,-52,-186,209,122,91,134,
 1206,-50,-177,199,131,97,128,
 1207,-53,-182,203,128,106,123,
 1208,-50,-183,199,126,91,126,
 1209,-49,-178,197,124,84,127,
 1210,-53,-169,199,137,90,130,
 1211,-56,-175,197,135,77,126,
 1212,-48,-178,200,133,87,128,
 1213,-49,-177,198,124,85,127,
 1214,-58,-177,200,128,102,130,
 1215,-58,-179,198,135,101,130,
 1216,-50,-182,201,142,98,131,
 1217,-52,-177,200,134,85,127,
 1218,-58,-171,189,124,97,133,
 1219,-51,-173,197,123,93,131,
 1220,-50,-174,198,138,107,133,
 1221,-57,-176,200,146,84,126,
 1222,-53,-173,203,146,88,128,
 1223,-53,-181,207,132,70,130,
 1224,-55,-170,205,134,101,124,
 1225,-55,-175,203,145,92,125,
 1226,-56,-169,197,150,95,119,
 1227,-51,-174,199,149,87,124,
 1228,-55,-173,206,138,89,124,
 1229,-57,-169,202,125,85,127,
 1230,-51,-175,203,147,85,124,
 1231,-53,-172,195,154,76,132,
 1232,-54,-172,199,140,93,125,
 1233,-60,-177,194,138,72,130,
 1234,-55,-176,198,123,93,125,
 1235,-54,-173,201,139,100,123,
 1236,-57,-173,208,136,98,124,
 1237,-54,-173,205,139,84,125,
 1238,-58,-175,199,134,74,119,
 1239,-58,-180,189,127,92,118,
 1240,-58,-174,203,135,93,115,
 1241,-52,-180,198,136,93,122,
 1242,-58,-185,190,120,84,123,
 1243,-61,-173,199,131,75,126,
 1244,-54,-180,197,122,90,121,
 1245,-52,-171,205,131,91,122,
 1246,-53,-176,189,141,88,114,
 1247,-58,-180,206,125,96,120,
 1248,-56,-166,192,131,79,123,
 1249,-47,-181,201,117,91,115,
 1250,-51,-184,203,135,89,115,
 1251,-58,-183,205,142,84,114,
 1252,-57,-181,197,134,85,116,
 1253,-55,-185,195,131,78,125,
 1254,-51,-180,201,110,88,116,
 1255,-55,-171,190,126,86,119,
 1256,-58,-173,200,137,93,119,
 1257,-53,-175,192,140,87,114,
 1258,-49,-171,193,123,86,123,
 1259,-53,-177,198,121,70,125,
 1260,-53,-175,199,129,88,122,
 1261,-57,-182,205,135,79,122,
 1262,-52,-173,196,129,95,123,
 1263,-50,-182,204,131,80,133,
 1264,-53,-182,202,123,76,125,
 1265,-55,-177,203,137,86,126,
 1266,-55,-173,198,142,83,129,
 1267,-54,-176,201,136,91,132,
 1268,-50,-178,202,124,91,130,
 1269,-52,-170,192,137,91,126,
 1270,-56,-178,203,140,89,131,
 1271,-58,-183,203,141,97,124,
 1272,-50,-186,198,145,76,125,
 1273,-52,-180,195,141,83,128,
 1274,-53,-180,203,137,72,121,
 1275,-56,-178,209,128,91,132,
 1276,-60,-187,207,145,81,125,
 1277,-51,-182,196,156,94,121,
 1278,-51,-179,206,159,79,127,
 1279,-56,-182,212,123,83,124,
 1280,-56,-188,207,126,79,120,
 1281,-57,-176,195,133,76,125,
 1282,-52,-183,205,161,81,134,
 1283,-55,-176,198,143,79,133,
 1284,-56,-179,192,134,87,122,
 1285,-55,-171,193,119,83,125,
 1286,-58,-171,197,132,82,132,
 1287,-53,-170,208,150,88,126,
 1288,-51,-181,207,130,89,125,
 1289,-52,-186,197,132,79,129,
 1290,-51,-182,201,120,81,126,
 1291,-59,-182,199,138,89,120,
 1292,-56,-184,210,142,81,122,
 1293,-51,-175,195,129,95,127,
 1294,-51,-175,198,124,77,123,
 1295,-50,-182,197,112,84,123,
 1296,-58,-178,207,135,70,121,
 1297,-56,-183,210,135,82,119,
 1298,-53,-175,202,124,76,121,
 1299,-48,-180,193,119,85,116,
 1300,-49,-179,195,124,91,115,
 1301,-50,-177,206,122,85,126,
 1302,-54,-190,205,140,84,114,
 1303,-57,-186,202,132,90,116,
 1304,-55,-188,193,126,85,115,
 1305,-52,-182,198,132,92,119,
 1306,-49,-188,204,121,77,116,
 1307,-51,-178,206,126,93,113,
 1308,-53,-184,197,135,74,112,
 1309,-52,-185,202,135,69,111,
 1310,-53,-178,207,123,88,120,
 1311,-52,-180,207,121,83,119,
 1312,-51,-191,197,134,82,121,
 1313,-53,-185,208,123,74,123,
 1314,-53,-188,203,131,80,116,
 1315,-56,-192,189,134,69,114,
 1316,-51,-194,199,116,73,116,
 1317,-54,-186,199,127,92,115,
 1318,-51,-190,198,138,76,114,
 1319,-49,-190,196,131,87,114,
 1320,-48,-190,199,129,78,122,
 1321,-50,-189,204,121,82,111,
 1322,-54,-187,199,131,85,109,
 1323,-54,-181,203,140,82,117,
 1324,-54,-184,209,138,80,115,
 1325,-51,-187,201,137,89,115,
 1326,-51,-183,208,120,79,117,
 1327,-51,-189,208,124,94,118,
 1328,-52,-181,203,140,76,116,
 1329,-56,-182,201,152,85,124,
 1330,-53,-178,205,151,79,118,
 1331,-57,-187,197,138,81,120,
 1332,-54,-186,199,128,87,119,
 1333,-55,-188,201,140,79,119,
 1334,-51,-189,204,145,87,113,
 1335,-51,-190,206,146,87,114,
 1336,-54,-183,193,133,73,113,
 1337,-52,-185,207,128,86,110,
 1338,-56,-184,197,131,80,112,
 1339,-56,-177,205,147,77,121,
 1340,-55,-177,204,138,74,120,
 1341,-52,-180,209,124,67,115,
 1342,-50,-184,198,114,72,119,
 1343,-50,-185,211,118,68,120,
 1344,-57,-178,205,133,65,115,
 1345,-57,-184,200,145,81,115,
 1346,-52,-193,210,125,82,112,
 1347,-54,-193,202,120,83,120,
 1348,-51,-189,208,113,93,116,
 1349,-56,-196,207,128,81,109,
 1350,-50,-182,207,142,83,107,
 1351,-50,-185,205,128,68,108,
 1352,-48,-180,212,128,84,105,
 1353,-51,-191,209,114,92,105,
 1354,-54,-185,205,116,89,106,
 1355,-53,-187,212,135,80,106,
 1356,-53,-193,212,134,79,110,
 1357,-51,-194,211,134,72,100,
 1358,-52,-187,202,132,81,103,
 1359,-48,-192,206,114,91,110,
 1360,-50,-197,208,133,72,110,
 1361,-47,-188,211,125,78,101,
 1362,-51,-185,205,132,79,106,
 1363,-46,-188,201,132,74,106,
 1364,-50,-202,200,126,77,101,
 1365,-54,-186,201,128,75,105,
 1366,-54,-193,211,132,79,103,
 1367,-55,-192,204,139,84,100,
 1368,-48,-190,204,114,75,100,
 1369,-49,-200,201,128,68,102,
 1370,-52,-201,203,127,82,104,
 1371,-54,-188,196,128,73,99,
 1372,-54,-197,195,125,70,105,
 1373,-52,-191,207,144,78,97,
 1374,-55,-189,192,135,69,102,
 1375,-53,-192,193,123,72,94,
 1376,-54,-195,205,132,80,96,
 1377,-54,-193,205,132,78,94,
 1378,-52,-186,207,134,82,100,
 1379,-49,-186,211,136,84,87,
 1380,-52,-189,208,130,75,91,
 1381,-51,-192,210,122,78,90,
 1382,-52,-195,198,129,82,92,
 1383,-53,-195,202,141,75,95,
 1384,-51,-187,212,147,75,90,
 1385,-56,-196,206,137,79,93,
 1386,-52,-199,201,124,70,86,
 1387,-56,-184,207,115,82,85,
 1388,-52,-186,200,132,91,87,
 1389,-56,-184,204,144,78,89,
 1390,-50,-195,206,145,69,85,
 1391,-50,-195,205,133,74,85,
 1392,-50,-196,198,118,79,82,
 1393,-51,-193,212,110,80,90,
 1394,-54,-199,208,132,85,86,
 1395,-53,-200,193,138,76,83,
 1396,-51,-190,205,126,74,84,
 1397,-54,-201,199,128,77,82,
 1398,-58,-197,212,118,76,82,
 1399,-55,-189,206,116,76,85,
 1400,-57,-187,204,130,73,84,
 1401,-51,-196,208,127,74,86,
 1402,-53,-197,209,129,75,86,
 1403,-53,-188,211,115,65,84,
 1404,-54,-199,202,131,76,81,
 1405,-49,-206,209,114,77,84,
 1406,-49,-198,203,119,69,75,
 1407,-47,-194,203,125,71,73,
 1408,-49,-199,209,125,68,76,
 1409,-49,-197,211,120,69,75,
 1410,-53,-196,210,124,67,79,
 1411,-55,-201,204,112,80,79,
 1412,-52,-198,200,118,72,75,
 1413,-54,-195,208,116,72,75,
 1414,-50,-195,204,126,74,77,
 1415,-54,-193,213,131,67,77,
 1416,-52,-191,216,121,67,75,
 1417,-51,-192,202,112,79,72,
 1418,-48,-204,207,125,79,77,
 1419,-49,-203,211,129,79,79,
 1420,-49,-200,203,120,80,75,
 1421,-51,-196,210,128,69,77,
 1422,-49,-195,207,112,69,73,
 1423,-49,-202,214,115,67,74,
 1424,-49,-200,210,106,70,79,
 1425,-49,-207,215,118,75,73,
 1426,-50,-204,214,125,84,76,
 1427,-54,-202,214,125,70,75,
 1428,-54,-205,205,122,74,77,
 1429,-52,-192,198,123,74,77,
 1430,-54,-204,209,111,77,74,
 1431,-52,-209,203,112,76,74,
 1432,-54,-212,206,127,77,69,
 1433,-51,-207,209,119,73,70,
 1434,-50,-203,206,127,76,72,
 1435,-50,-194,199,122,76,76,
 1436,-50,-208,212,120,75,76,
 1437,-53,-197,217,129,70,71,
 1438,-51,-211,208,124,81,72,
 1439,-51,-213,211,129,74,74,
 1440,-50,-216,213,125,76,67,
 1441,-57,-199,208,134,77,70,
 1442,-55,-197,214,127,68,69,
 1443,-58,-198,214,126,68,68,
 1444,-56,-203,211,123,76,68,
 1445,-57,-208,212,123,81,72,
 1446,-52,-212,222,134,86,67,
 1447,-50,-209,209,130,86,71,
 1448,-49,-199,206,126,80,67,
 1449,-51,-214,219,141,85,64,
 1450,-51,-208,216,133,75,66,
 1451,-52,-202,208,121,78,68,
 1452,-51,-196,215,116,69,64,
 1453,-53,-212,213,122,73,62,
 1454,-59,-209,208,138,80,62,
 1455,-55,-198,214,136,87,61,
 1456,-56,-213,213,129,79,60,
 1457,-53,-211,214,123,72,55,
 1458,-50,-214,208,107,70,43,
 1459,-50,-218,215,112,67,28,
 1460,-52,-218,219,123,76,11,
 1461,-49,-215,215,123,68,-16,
 1462,-49,-206,216,138,72,-45,
 1463,-50,-204,217,123,68,-60,
 1464,-52,-206,207,119,71,-50,
 1465,-54,-213,215,104,75,-69,
 1466,-53,-210,217,107,75,-77,
 1467,-54,-213,222,106,68,-75,
 1468,-50,-215,221,117,82,-78,
 1469,-49,-206,207,121,69,-72,
 1470,-48,-210,217,111,75,-75,
 1471,-54,-212,217,107,59,-78,
 1472,-56,-216,212,111,71,-76,
 1473,-53,-215,218,102,86,-82,
 1474,-48,-210,214,125,76,-80,
 1475,-48,-209,201,120,76,-75,
 1476,-51,-201,217,110,69,-81,
 1477,-51,-204,206,118,79,-80,
 1478,-54,-212,218,119,82,-77,
 1479,-56,-211,208,107,82,-76,
 1480,-55,-208,214,108,78,-81,
 1481,-57,-202,211,107,73,-84,
 1482,-55,-213,208,109,76,-84,
 1483,-50,-210,208,120,72,-85,
 1484,-49,-215,221,111,69,-86,
 1485,-50,-212,219,119,87,-84,
 1486,-52,-209,227,102,88,-87,
 1487,-55,-212,221,115,91,-86,
 1488,-57,-205,223,110,84,-84,
 1489,-51,-217,211,110,76,-88,
 1490,-51,-217,222,110,73,-86,
 1491,-52,-215,223,111,68,-88,
 1492,-54,-207,210,115,78,-93,
 1493,-54,-219,212,117,77,-89,
 1494,-55,-211,208,114,79,-90,
 1495,-55,-214,221,111,79,-89,
 1496,-48,-213,225,111,80,-88,
 1497,-51,-208,222,111,70,-95,
 1498,-54,-214,209,112,77,-89,
 1499,-55,-221,210,114,80,-88,
 1500,-58,-220,217,116,81,-88,
 1501,-50,-216,223,111,73,-90,
 1502,-52,-207,223,111,73,-92,
 1503,-58,-219,222,110,63,-89,
 1504,-56,-217,218,109,70,-89,
 1505,-56,-222,222,109,69,-87,
 1506,-51,-212,225,106,78,-88,
 1507,-57,-220,219,115,84,-93,
 1508,-59,-222,218,114,74,-90,
 1509,-54,-209,215,113,74,-89,
 1510,-53,-227,211,111,72,-93,
 1511,-55,-221,208,115,73,-92,
 1512,-56,-219,222,117,80,-100,
 1513,-57,-221,220,106,63,-100,
 1514,-51,-213,218,100,79,-101,
 1515,-49,-223,218,104,82,-104,
 1516,-55,-222,216,130,81,-102,
 1517,-57,-230,217,126,88,-105,
 1518,-53,-226,225,124,74,-101,
 1519,-53,-214,217,128,75,-98,
 1520,-52,-215,213,127,80,-101,
 1521,-58,-216,223,115,84,-96,
 1522,-51,-235,230,105,84,-99,
 1523,-49,-215,218,106,67,-97,
 1524,-54,-206,230,105,82,-99,
 1525,-52,-213,216,118,72,-100,
 1526,-55,-215,215,125,77,-105,
 1527,-54,-229,221,131,79,-109,
 1528,-56,-207,219,125,83,-105,
 1529,-60,-210,223,117,84,-104,
 1530,-54,-227,218,116,82,-108,
 1531,-55,-225,219,104,81,-106,
 1532,-57,-209,225,108,78,-107,
 1533,-54,-217,211,102,77,-107,
 1534,-50,-230,223,111,76,-104,
 1535,-53,-227,213,121,73,-106,
 1536,-58,-219,224,127,86,-106,
 1537,-54,-218,223,126,85,-108,
 1538,-59,-228,224,122,75,-118,
 1539,-57,-227,229,111,80,-112,
 1540,-53,-223,232,109,76,-114,
 1541,-54,-216,220,111,80,-112,
 1542,-56,-223,226,109,77,-124,
 1543,-52,-230,217,110,82,-117,
 1544,-58,-209,227,112,73,-122,
 1545,-58,-224,227,114,71,-121,
 1546,-53,-228,219,112,85,-120,
 1547,-60,-217,227,110,81,-118,
 1548,-55,-209,226,106,82,-117,
 1549,-53,-220,231,114,74,-126,
 1550,-61,-226,228,109,77,-118,
 1551,-53,-228,229,101,75,-132,
 1552,-54,-228,226,104,86,-130,
 1553,-62,-234,220,110,79,-135,
 1554,-56,-236,224,113,71,-125,
 1555,-60,-222,226,112,83,-131,
 1556,-56,-230,223,109,79,-123,
 1557,-58,-227,237,105,90,-129,
 1558,-59,-228,228,106,74,-125,
 1559,-56,-220,223,114,78,-130,
 1560,-59,-229,221,103,80,-125,
 1561,-55,-231,221,102,83,-127,
 1562,-59,-216,218,107,77,-132,
 1563,-54,-224,216,97,87,-123,
 1564,-60,-237,220,112,87,-125,
 1565,-50,-228,229,119,73,-114,
 1566,-58,-226,221,106,74,-117,
 1567,-56,-234,223,105,70,-119,
 1568,-50,-228,223,101,81,-124,
 1569,-51,-225,211,101,77,-127,
 1570,-58,-225,214,98,82,-125,
 1571,-62,-227,223,97,79,-122,
 1572,-55,-224,219,102,89,-127,
 1573,-54,-227,223,104,85,-118,
 1574,-55,-225,235,110,83,-122,
 1575,-60,-231,225,107,75,-123,
 1576,-54,-219,228,111,79,-117,
 1577,-52,-232,226,105,76,-120,
 1578,-55,-226,225,106,87,-121,
 1579,-59,-212,221,99,91,-123,
 1580,-60,-215,211,96,81,-124,
 1581,-55,-223,217,91,80,-129,
 1582,-58,-221,231,102,88,-122,
 1583,-60,-223,222,105,80,-120,
 1584,-62,-237,223,110,88,-127,
 1585,-54,-222,222,107,91,-117,
 1586,-63,-234,218,108,87,-122,
 1587,-58,-229,229,104,85,-119,
 1588,-59,-211,225,108,83,-128,
 1589,-61,-225,235,112,79,-119,
 1590,-57,-228,221,107,79,-121,
 1591,-61,-231,231,106,87,-119,
 1592,-56,-223,231,102,90,-117,
 1593,-59,-235,220,112,99,-122,
 1594,-59,-223,233,110,86,-116,
 1595,-57,-230,224,106,87,-120,
 1596,-62,-241,216,107,78,-123,
 1597,-60,-223,233,107,82,-118,
 1598,-56,-222,232,108,78,-115,
 1599,-56,-238,223,103,94,-115,
 1600,-63,-227,233,102,85,-110,
 1601,-57,-230,231,105,79,-112,
 1602,-58,-236,225,113,82,-115,
 1603,-58,-231,224,111,81,-111,
 1604,-55,-228,229,111,90,-109,
 1605,-54,-240,237,103,89,-109,
 1606,-57,-231,230,114,81,-111,
 1607,-61,-231,220,116,68,-115,
 1608,-57,-245,224,112,76,-108,
 1609,-56,-219,214,115,82,-105,
 1610,-64,-228,216,113,87,-109,
 1611,-58,-225,215,111,91,-115,
 1612,-55,-223,222,114,78,-119,
 1613,-60,-232,215,115,84,-113,
 1614,-64,-238,225,126,80,-112,
 1615,-60,-226,213,111,85,-116,
 1616,-58,-227,227,123,83,-122,
 1617,-61,-226,219,133,89,-122,
 1618,-64,-228,223,127,84,-121,
 1619,-64,-230,216,113,83,-114,
 1620,-60,-229,230,104,92,-114,
 1621,-59,-219,235,105,93,-115,
 1622,-66,-233,225,110,85,-111,
 1623,-61,-229,230,107,80,-123,
 1624,-66,-215,224,110,91,-114,
 1625,-62,-239,222,117,94,-112,
 1626,-64,-228,219,131,91,-113,
 1627,-63,-226,232,130,89,-114,
 1628,-62,-236,238,121,80,-118,
 1629,-59,-225,220,121,91,-121,
 1630,-58,-225,221,117,89,-120,
 1631,-64,-228,233,111,89,-116,
 1632,-57,-228,227,107,87,-115,
 1633,-60,-229,229,118,102,-115,
 1634,-65,-230,218,124,91,-122,
 1635,-63,-235,234,126,81,-113,
 1636,-64,-231,239,127,84,-110,
 1637,-61,-219,217,114,90,-114,
 1638,-63,-243,224,117,91,-115,
 1639,-63,-226,232,106,84,-118,
 1640,-63,-231,220,110,91,-118,
 1641,-64,-229,219,106,90,-117,
 1642,-64,-228,231,109,89,-115,
 1643,-67,-233,216,109,91,-112,
 1644,-65,-221,219,126,92,-119,
 1645,-65,-235,219,128,89,-120,
 1646,-65,-229,218,114,84,-118,
 1647,-66,-215,223,123,87,-120,
 1648,-68,-231,228,111,92,-123,
 1649,-65,-216,217,109,93,-120,
 1650,-60,-232,232,112,88,-117,
 1651,-64,-223,238,106,90,-119,
 1652,-66,-224,216,108,85,-126,
 1653,-61,-240,229,123,89,-123,
 1654,-61,-233,229,122,96,-121,
 1655,-64,-243,227,112,88,-126,
 1656,-61,-232,225,117,82,-122,
 1657,-62,-229,228,118,88,-114,
 1658,-63,-238,240,109,92,-117,
 1659,-66,-230,220,102,80,-120,
 1660,-69,-226,228,102,94,-113,
 1661,-66,-246,234,103,94,-113,
 1662,-60,-232,228,108,89,-121,
 1663,-60,-239,227,114,80,-115,
 1664,-59,-229,225,118,84,-113,
 1665,-58,-227,237,110,84,-109,
 1666,-64,-241,225,111,78,-115,
 1667,-58,-222,225,114,79,-112,
 1668,-65,-228,223,123,88,-113,
 1669,-64,-234,234,112,78,-111,
 1670,-61,-229,219,104,89,-106,
 1671,-68,-236,225,111,86,-107,
 1672,-65,-229,224,107,82,-113,
 1673,-65,-237,231,111,87,-112,
 1674,-62,-220,216,116,96,-114,
 1675,-60,-221,225,115,107,-112,
 1676,-69,-233,227,110,89,-109,
 1677,-66,-230,223,115,86,-110,
 1678,-62,-235,225,111,104,-107,
 1679,-69,-229,221,109,101,-113,
 1680,-69,-236,229,113,89,-107,
 1681,-61,-229,221,108,97,-113,
 1682,-62,-233,225,109,94,-107,
 1683,-66,-238,219,117,97,-108,
 1684,-64,-216,228,116,103,-106,
 1685,-64,-235,215,108,106,-106,
 1686,-69,-222,225,113,91,-106,
 1687,-68,-238,234,109,92,-103,
 1688,-60,-220,221,115,92,-108,
 1689,-63,-224,231,127,89,-106,
 1690,-65,-237,227,114,90,-110,
 1691,-61,-221,232,112,100,-106,
 1692,-67,-233,224,120,89,-101,
 1693,-60,-223,223,118,84,-104,
 1694,-62,-242,235,112,95,-104,
 1695,-68,-226,220,116,90,-107,
 1696,-68,-218,231,115,86,-99,
 1697,-71,-235,233,114,90,-102,
 1698,-66,-215,222,121,88,-103,
 1699,-65,-242,233,135,91,-101,
 1700,-72,-228,227,125,88,-98,
 1701,-68,-223,224,126,91,-94,
 1702,-65,-222,228,123,90,-97,
 1703,-69,-236,226,120,101,-97,
 1704,-69,-233,224,117,93,-94,
 1705,-69,-224,227,118,90,-97,
 1706,-65,-230,235,125,90,-95,
 1707,-66,-218,225,136,102,-94,
 1708,-64,-242,231,133,99,-95,
 1709,-70,-220,235,137,97,-92,
 1710,-66,-231,225,131,93,-92,
 1711,-73,-227,238,127,89,-88,
 1712,-68,-226,227,138,99,-86,
 1713,-67,-239,226,123,108,-87,
 1714,-63,-225,226,112,103,-87,
 1715,-68,-230,214,125,93,-88,
 1716,-66,-221,226,133,88,-85,
 1717,-61,-240,224,138,86,-94,
 1718,-66,-225,230,137,92,-93,
 1719,-69,-235,230,131,87,-92,
 1720,-68,-227,216,127,90,-94,
 1721,-64,-217,231,122,101,-90,
 1722,-68,-224,217,129,94,-89,
 1723,-69,-224,225,123,89,-90,
 1724,-72,-235,218,136,102,-92,
 1725,-65,-221,228,127,97,-91,
 1726,-69,-237,225,137,90,-91,
 1727,-66,-222,234,133,92,-89,
 1728,-75,-235,220,123,94,-92,
 1729,-71,-220,226,126,91,-94,
 1730,-70,-227,222,121,97,-92,
 1731,-68,-230,228,137,104,-86,
 1732,-70,-221,219,139,101,-91,
 1733,-66,-236,232,133,92,-90,
 1734,-73,-218,232,131,91,-88,
 1735,-68,-228,229,125,98,-90,
 1736,-62,-215,231,124,98,-96,
 1737,-70,-234,226,124,86,-91,
 1738,-69,-204,227,120,95,-89,
 1739,-63,-233,219,131,89,-92,
 1740,-68,-226,231,140,87,-90,
 1741,-68,-215,233,127,101,-94,
 1742,-70,-235,227,125,91,-85,
 1743,-67,-224,232,124,90,-92,
 1744,-70,-238,225,114,94,-92,
 1745,-70,-219,220,127,92,-90,
 1746,-69,-234,225,126,99,-89,
 1747,-67,-224,225,135,106,-84,
 1748,-74,-232,221,138,93,-90,
 1749,-65,-226,233,126,97,-92,
 1750,-75,-231,228,121,86,-92,
 1751,-72,-229,220,123,86,-93,
 1752,-75,-217,222,127,102,-94,
 1753,-72,-231,234,131,93,-95,
 1754,-75,-217,224,131,94,-94,
 1755,-71,-228,222,134,95,-89,
 1756,-73,-213,217,124,89,-87,
 1757,-71,-232,229,119,94,-92,
 1758,-67,-207,232,122,93,-92,
 1759,-71,-234,221,125,92,-88,
 1760,-67,-224,228,128,97,-92,
 1761,-66,-226,230,127,96,-95,
 1762,-68,-217,216,122,98,-90,
 1763,-72,-221,221,125,96,-87,
 1764,-71,-219,230,124,79,-88,
 1765,-69,-221,232,123,98,-95,
 1766,-72,-225,231,119,90,-94,
 1767,-73,-219,226,128,85,-91,
 1768,-75,-228,234,126,95,-86,
 1769,-70,-213,225,133,92,-88,
 1770,-75,-221,228,125,100,-91,
 1771,-74,-217,223,129,92,-86,
 1772,-68,-230,226,114,91,-92,
 1773,-76,-217,237,124,97,-87,
 1774,-70,-216,234,134,97,-89,
 1775,-72,-216,229,131,112,-84,
 1776,-67,-215,224,127,93,-91,
 1777,-72,-214,228,136,80,-87,
 1778,-64,-210,216,126,85,-93,
 1779,-71,-225,213,128,100,-91,
 1780,-65,-207,225,135,93,-84,
 1781,-70,-224,229,136,107,-90,
 1782,-69,-211,230,136,91,-90,
 1783,-69,-225,228,150,96,-86,
 1784,-68,-206,223,142,92,-87,
 1785,-72,-220,217,126,100,-90,
 1786,-72,-214,234,116,100,-92,
 1787,-73,-221,229,143,88,-93,
 1788,-70,-206,225,152,98,-92,
 1789,-75,-213,225,158,93,-90,
 1790,-75,-223,239,152,93,-89,
 1791,-78,-211,231,135,100,-84,
 1792,-68,-226,219,121,85,-74,
 1793,-74,-211,230,129,92,-63,
 1794,-77,-225,226,140,93,-46,
 1795,-79,-214,216,144,95,-25,
 1796,-75,-216,225,140,110,9,
 1797,-71,-208,222,124,98,39,
 1798,-63,-218,227,124,91,53,
 1799,-71,-207,213,119,88,58,
 1800,-72,-218,222,130,86,55,
 1801,-70,-217,223,137,101,63,
 1802,-69,-207,223,143,85,79,
 1803,-68,-228,220,140,102,79,
 1804,-75,-214,231,131,82,77,
 1805,-75,-217,236,126,85,75,
 1806,-75,-208,228,130,92,76,
 1807,-76,-219,231,136,90,74,
 1808,-76,-201,228,127,95,79,
 1809,-78,-212,228,131,98,77,
 1810,-75,-201,221,136,111,82,
 1811,-79,-216,227,128,103,79,
 1812,-75,-215,234,124,96,84,
 1813,-76,-210,222,132,100,83,
 1814,-72,-208,219,135,89,77,
 1815,-77,-207,227,131,111,82,
 1816,-78,-202,220,121,104,85,
 1817,-71,-195,228,127,99,81,
 1818,-76,-220,225,126,98,82,
 1819,-72,-203,230,119,85,83,
 1820,-70,-218,238,143,99,85,
 1821,-63,-200,225,133,99,85,
 1822,-69,-216,220,127,103,85,
 1823,-73,-213,218,124,94,86,
 1824,-70,-211,231,116,87,86,
 1825,-72,-214,229,132,93,89,
 1826,-77,-209,229,129,80,91,
 1827,-76,-215,227,130,87,91,
 1828,-72,-204,225,123,89,86,
 1829,-77,-212,233,123,87,86,
 1830,-70,-201,220,118,88,85,
 1831,-79,-209,226,130,89,87,
 1832,-70,-204,217,132,96,90,
 1833,-76,-208,229,133,87,89,
 1834,-76,-205,230,132,94,84,
 1835,-73,-183,229,134,97,86,
 1836,-73,-205,223,117,91,93,
 1837,-74,-191,223,136,99,94,
 1838,-70,-209,221,131,80,87,
 1839,-71,-201,224,141,96,89,
 1840,-71,-202,219,142,91,92,
 1841,-75,-191,227,132,92,97,
 1842,-67,-208,224,133,96,91,
 1843,-69,-202,225,125,88,88,
 1844,-73,-201,230,147,93,90,
 1845,-73,-216,219,149,86,92,
 1846,-72,-196,219,151,89,91,
 1847,-68,-210,212,143,95,89,
 1848,-72,-200,218,122,90,91,
 1849,-76,-211,222,137,97,91,
 1850,-77,-205,224,142,88,95,
 1851,-76,-198,218,150,97,90,
 1852,-76,-196,232,154,90,88,
 1853,-74,-199,224,138,87,87,
 1854,-70,-211,217,121,97,83,
 1855,-77,-193,227,127,88,88,
 1856,-72,-208,222,144,102,87,
 1857,-73,-188,217,141,93,89,
 1858,-66,-199,224,147,89,91,
 1859,-66,-204,219,137,88,92,
 1860,-73,-187,225,119,91,94,
 1861,-76,-204,232,130,89,88,
 1862,-71,-197,228,143,83,91,
 1863,-66,-202,230,142,88,89,
 1864,-74,-203,220,134,87,87,
 1865,-70,-190,223,130,83,88,
 1866,-74,-196,225,129,88,85,
 1867,-65,-183,224,123,89,81,
 1868,-76,-202,216,143,97,88,
 1869,-76,-193,214,138,98,89,
 1870,-77,-206,221,127,95,85,
 1871,-76,-186,208,129,101,93,
 1872,-78,-179,229,124,83,90,
 1873,-78,-192,230,129,101,93,
 1874,-75,-189,231,131,97,96,
 1875,-68,-194,223,140,89,92,
 1876,-67,-198,213,136,97,93,
 1877,-71,-186,223,127,79,92,
 1878,-65,-206,228,126,86,91,
 1879,-72,-201,214,131,81,90,
 1880,-66,-201,213,132,83,93,
 1881,-70,-198,224,134,95,101,
 1882,-73,-192,215,143,97,100,
 1883,-73,-202,220,137,93,91,
 1884,-70,-187,228,124,81,98,
 1885,-67,-190,213,126,85,94,
 1886,-71,-188,219,123,77,100,
 1887,-75,-182,219,130,83,105,
 1888,-70,-190,218,133,97,99,
 1889,-69,-176,223,123,82,101,
 1890,-75,-191,217,121,91,103,
 1891,-73,-183,220,129,91,102,
 1892,-71,-184,210,124,88,102,
 1893,-77,-199,221,135,100,97,
 1894,-72,-180,223,126,90,105,
 1895,-73,-197,225,118,100,108,
 1896,-70,-182,215,123,79,103,
 1897,-71,-188,216,124,79,105,
 1898,-66,-194,217,136,94,105,
 1899,-65,-184,223,135,71,112,
 1900,-70,-193,213,134,85,105,
 1901,-73,-172,222,130,88,109,
 1902,-67,-179,222,119,67,111,
 1903,-66,-196,214,127,78,105,
 1904,-69,-177,216,136,76,104,
 1905,-68,-184,214,144,86,110,
 1906,-68,-182,228,148,88,109,
 1907,-65,-170,224,140,73,107,
 1908,-73,-194,217,121,85,112,
 1909,-71,-185,207,121,77,111,
 1910,-69,-179,201,138,88,115,
 1911,-69,-185,210,137,81,115,
 1912,-75,-171,212,149,73,115,
 1913,-75,-170,216,138,83,117,
 1914,-75,-184,214,139,79,110,
 1915,-72,-169,216,126,84,108,
 1916,-73,-188,215,124,76,115,
 1917,-65,-185,215,141,86,111,
 1918,-68,-176,222,144,89,114,
 1919,-71,-184,224,128,74,112,
 1920,-64,-176,220,131,84,107,
 1921,-70,-176,224,120,90,119,
 1922,-64,-177,221,127,81,109,
 1923,-67,-172,214,126,82,117,
 1924,-63,-181,222,132,69,107,
 1925,-73,-183,231,136,65,115,
 1926,-72,-171,222,128,79,113,
 1927,-67,-178,214,117,73,112,
 1928,-72,-170,216,115,76,117,
 1929,-67,-174,221,129,80,110,
 1930,-72,-179,222,130,79,113,
 1931,-72,-171,218,127,88,115,
 1932,-74,-176,216,127,85,119,
 1933,-74,-174,232,130,76,119,
 1934,-65,-167,216,122,78,128,
 1935,-67,-171,221,126,86,114,
 1936,-68,-176,220,136,82,117,
 1937,-66,-166,217,133,88,116,
 1938,-68,-169,212,118,76,115,
 1939,-65,-178,223,123,84,118,
 1940,-62,-172,215,116,77,112,
 1941,-69,-177,218,118,67,120,
 1942,-65,-185,214,123,68,115,
 1943,-64,-172,223,130,76,116,
 1944,-63,-166,215,130,77,110,
 1945,-68,-175,219,126,96,116,
 1946,-63,-164,220,118,85,108,
 1947,-66,-165,213,121,78,108,
 1948,-67,-177,207,129,69,108,
 1949,-61,-174,211,128,56,115,
 1950,-71,-165,206,124,72,109,
 1951,-70,-174,201,121,89,115,
 1952,-67,-171,215,117,65,103,
 1953,-68,-170,216,110,74,112,
 1954,-65,-175,217,125,67,108,
 1955,-63,-174,210,117,64,115,
 1956,-68,-148,201,131,77,110,
 1957,-64,-161,216,114,80,113,
 1958,-66,-176,214,117,69,107,
 1959,-59,-165,218,114,79,106,
 1960,-66,-162,209,110,84,106,
 1961,-62,-172,216,113,84,107,
 1962,-58,-169,208,122,82,109,
 1963,-58,-169,215,137,73,104,
 1964,-64,-168,199,126,70,110,
 1965,-67,-170,204,131,90,115,
 1966,-62,-163,213,124,70,106,
 1967,-59,-177,220,125,79,100,
 1968,-64,-155,220,120,82,102,
 1969,-62,-163,219,122,68,103,
 1970,-62,-160,208,130,72,104,
 1971,-61,-165,211,131,65,102,
 1972,-66,-156,202,137,81,104,
 1973,-61,-161,205,131,77,108,
 1974,-63,-165,212,122,83,110,
 1975,-61,-170,219,116,73,100,
 1976,-60,-157,216,121,75,105,
 1977,-65,-153,219,127,79,98,
 1978,-64,-163,213,137,64,110,
 1979,-65,-161,213,133,68,102,
 1980,-65,-163,207,131,77,108,
 1981,-62,-161,206,128,79,105,
 1982,-60,-160,221,120,71,107,
 1983,-63,-160,211,115,75,106,
 1984,-63,-157,217,128,82,109,
 1985,-60,-168,210,125,68,105,
 1986,-64,-164,209,130,58,107,
 1987,-64,-161,217,133,74,107,
 1988,-55,-161,208,111,70,101,
 1989,-58,-161,207,112,56,108,
 1990,-60,-151,207,102,71,104,
 1991,-63,-155,207,119,70,105,
 1992,-60,-161,210,120,75,101,
 1993,-55,-167,220,124,72,100,
 1994,-56,-145,217,120,63,99,
 1995,-65,-149,218,118,67,101,
 1996,-63,-153,208,105,75,102,
 1997,-65,-151,205,112,77,98,
 1998,-58,-147,199,109,54,102,
 1999,-63,-149,201,117,64,106,
 2000,-59,-159,203,118,73,96,
 2001,-59,-149,212,113,65,105,
 2002,-65,-152,214,117,60,99,
 2003,-63,-150,218,118,71,104,
 2004,-63,-152,221,102,63,107,
 2005,-62,-147,222,109,67,115,
 2006,-64,-150,215,110,78,113,
 2007,-57,-151,211,101,77,103,
 2008,-57,-159,203,103,79,108,
 2009,-57,-163,206,106,63,110,
 2010,-56,-150,208,119,70,105,
 2011,-57,-146,210,108,76,101,
 2012,-53,-149,214,110,61,105,
 2013,-56,-146,215,112,64,107,
 2014,-54,-149,213,113,75,109,
 2015,-58,-134,210,97,63,111,
 2016,-59,-145,214,99,71,105,
 2017,-57,-158,211,109,63,106,
 2018,-61,-150,204,108,71,109,
 2019,-59,-152,204,113,77,105,
 2020,-57,-141,213,100,63,106,
 2021,-55,-159,205,102,55,107,
 2022,-55,-151,208,109,58,110,
 2023,-54,-152,203,108,63,105,
 2024,-59,-142,204,103,71,108,
 2025,-60,-152,208,102,74,112,
 2026,-52,-148,213,92,68,111,
 2027,-57,-152,204,114,59,106,
 2028,-53,-147,200,109,57,105,
 2029,-57,-143,196,103,58,109,
 2030,-55,-146,205,106,66,110,
 2031,-56,-151,202,99,62,108,
 2032,-53,-147,199,99,62,102,
 2033,-52,-144,203,104,54,112,
 2034,-60,-142,204,96,54,110,
 2035,-53,-149,201,105,65,103,
 2036,-58,-152,209,103,57,106,
 2037,-57,-145,210,107,58,105,
 2038,-55,-144,211,107,56,105,
 2039,-57,-142,216,104,67,106,
 2040,-56,-147,201,94,74,108,
 2041,-51,-147,199,98,61,102,
 2042,-56,-136,204,92,57,100,
 2043,-51,-143,201,94,51,100,
 2044,-51,-150,199,96,61,97,
 2045,-55,-136,198,94,60,94,
 2046,-52,-149,202,104,67,96,
 2047,-55,-147,197,106,69,98,
 2048,-50,-136,205,102,67,100,
 2049,-56,-140,207,96,64,99,
 2050,-48,-143,206,100,65,97,
 2051,-53,-144,207,108,63,95,
 2052,-48,-144,202,104,59,98,
 2053,-57,-141,210,104,67,97,
 2054,-51,-138,203,94,58,97,
 2055,-54,-144,209,101,63,95,
 2056,-50,-133,195,98,55,92,
 2057,-50,-145,191,108,53,92,
 2058,-55,-133,199,108,62,94,
 2059,-48,-142,187,112,59,95,
 2060,-55,-143,196,108,60,97,
 2061,-49,-135,201,116,66,95,
 2062,-52,-140,193,116,67,91,
 2063,-55,-138,197,114,72,89,
 2064,-49,-140,205,118,63,95,
 2065,-54,-143,209,111,59,95,
 2066,-58,-139,216,101,52,100,
 2067,-51,-132,205,100,55,99,
 2068,-47,-139,203,101,64,100,
 2069,-55,-126,206,99,63,99,
 2070,-52,-139,201,96,60,99,
 2071,-49,-131,200,105,58,98,
 2072,-55,-141,206,103,53,95,
 2073,-54,-136,195,103,57,94,
 2074,-50,-126,205,107,59,93,
 2075,-48,-133,204,108,59,90,
 2076,-49,-138,195,109,56,91,
 2077,-53,-130,204,106,53,92,
 2078,-53,-135,200,106,64,96,
 2079,-51,-138,205,101,63,94,
 2080,-48,-140,194,95,63,92,
 2081,-51,-130,201,89,57,88,
 2082,-49,-135,201,90,56,90,
 2083,-47,-131,203,88,65,92,
 2084,-50,-132,204,94,53,95,
 2085,-53,-133,208,98,61,90,
 2086,-54,-132,207,91,58,88,
 2087,-51,-138,203,90,57,90,
 2088,-52,-142,206,102,55,92,
 2089,-47,-131,199,121,57,95,
 2090,-50,-138,208,125,63,90,
 2091,-49,-134,199,109,63,89,
 2092,-51,-130,205,94,64,88,
 2093,-50,-142,201,101,62,87,
 2094,-44,-144,199,95,56,82,
 2095,-46,-149,189,95,55,84,
 2096,-45,-134,197,101,57,85,
 2097,-43,-138,196,99,54,85,
 2098,-46,-140,185,96,52,82,
