 0,18,16,-60,-29,-41,-8,
 1,18,16,-60,-29,-41,-8,
 2,18,15,-59,-29,-41,-8,
 3,17,15,-59,-30,-41,-8,
 4,19,14,-59,-29,-42,-8,
 5,18,14,-59,-30,-41,-8,
 6,18,15,-59,-30,-41,-8,
 7,18,15,-58,-29,-41,-8,
 8,19,14,-58,-29,-42,-9,
 9,17,16,-58,-29,-41,-8,
 10,18,16,-57,-29,-41,-9,
 11,18,15,-57,-29,-41,-9,
 12,18,15,-57,-29,-41,-9,
 13,18,14,-56,-29,-41,-9,
 14,18,14,-56,-29,-39,-10,
 15,17,12,-54,-29,-37,-10,
 16,18,11,-53,-29,-35,-11,
 17,18,10,-50,-30,-33,-12,
 18,18,7,-49,-30,-30,-14,
 19,18,6,-46,-30,-26,-16,
 20,18,3,-41,-30,-20,-20,
 21,18,1,-38,-30,-15,-23,
 22,18,-1,-32,-29,-9,-28,
 23,18,-4,-27,-29,-4,-34,
 24,19,-6,-19,-29,0,-41,
 25,18,-8,-11,-29,4,-49,
 26,17,-9,-4,-30,7,-58,
 27,17,-10,4,-29,9,-69,
 28,15,-11,15,-29,12,-80,
 29,15,-11,21,-29,15,-92,
 30,13,-11,26,-31,17,-107,
 31,12,-11,38,-33,17,-126,
 32,10,-9,51,-36,15,-138,
 33,8,-10,62,-39,21,-149,
 34,7,-14,63,-41,19,-136,
 35,6,-16,57,-44,21,-123,
 36,4,-17,57,-48,25,-120,
 37,2,-18,55,-53,30,-116,
 38,0,-21,71,-57,33,-112,
 39,0,-23,66,-61,32,-112,
 40,-3,-19,71,-64,29,-111,
 41,-4,-16,73,-63,29,-112,
 42,-5,-16,76,-63,32,-115,
 43,-7,-17,78,-64,38,-118,
 44,-9,-33,86,-64,37,-118,
 45,-10,-39,94,-64,35,-117,
 46,-12,-38,100,-63,31,-112,
 47,-13,-36,105,-64,35,-110,
 48,-14,-39,110,-63,37,-112,
 49,-15,-41,105,-63,34,-119,
 50,-15,-47,98,-63,31,-121,
 51,-13,-57,96,-64,35,-116,
 52,-15,-64,98,-62,35,-114,
 53,-15,-61,100,-63,31,-118,
 54,-16,-64,99,-62,35,-120,
 55,-16,-68,106,-62,35,-116,
 56,-18,-68,105,-61,30,-108,
 57,-19,-67,99,-61,36,-116,
 58,-20,-70,99,-60,31,-114,
 59,-21,-68,104,-60,34,-110,
 60,-22,-65,103,-59,32,-116,
 61,-22,-66,102,-58,32,-114,
 62,-22,-63,103,-58,36,-107,
 63,-22,-63,94,-55,35,-114,
 64,-21,-63,101,-53,38,-108,
 65,-21,-62,99,-50,37,-112,
 66,-20,-68,101,-46,38,-110,
 67,-21,-65,96,-43,38,-104,
 68,-22,-71,95,-38,34,-109,
 69,-22,-67,96,-32,37,-105,
 70,-23,-72,93,-26,33,-113,
 71,-24,-68,96,-18,39,-108,
 72,-22,-71,93,-9,42,-114,
 73,-21,-65,96,-2,39,-108,
 74,-20,-67,87,0,40,-110,
 75,-20,-60,93,9,42,-102,
 76,-21,-63,91,12,37,-106,
 77,-24,-67,97,17,38,-112,
 78,-25,-63,98,20,42,-106,
 79,-26,-71,97,21,38,-113,
 80,-27,-72,96,18,42,-109,
 81,-28,-70,94,19,41,-106,
 82,-29,-70,86,21,45,-112,
 83,-31,-70,93,27,44,-115,
 84,-33,-64,92,32,44,-111,
 85,-36,-63,96,36,42,-107,
 86,-36,-61,93,38,44,-112,
 87,-37,-69,92,38,44,-116,
 88,-38,-73,89,40,44,-113,
 89,-40,-77,91,40,48,-113,
 90,-42,-71,91,41,45,-111,
 91,-42,-64,85,41,44,-113,
 92,-41,-58,88,41,40,-115,
 93,-39,-63,85,46,47,-117,
 94,-41,-67,83,50,47,-114,
 95,-45,-70,83,52,49,-114,
 96,-43,-67,89,54,43,-120,
 97,-41,-61,83,52,44,-119,
 98,-40,-61,86,52,40,-116,
 99,-43,-70,89,53,44,-114,
 100,-42,-72,91,57,48,-115,
 101,-41,-73,79,59,47,-111,
 102,-41,-73,90,59,47,-112,
 103,-45,-70,89,56,42,-116,
 104,-43,-65,89,58,45,-108,
 105,-40,-69,89,62,51,-113,
 106,-42,-80,87,63,43,-116,
 107,-46,-75,85,58,44,-117,
 108,-43,-67,95,62,52,-113,
 109,-44,-77,93,65,46,-113,
 110,-49,-76,88,64,47,-116,
 111,-49,-67,87,59,50,-114,
 112,-44,-69,84,66,45,-112,
 113,-47,-61,93,66,46,-115,
 114,-47,-72,94,64,45,-112,
 115,-44,-66,88,67,54,-107,
 116,-45,-68,89,63,44,-112,
 117,-43,-62,88,65,48,-118,
 118,-41,-73,92,66,46,-115,
 119,-45,-66,86,61,52,-110,
 120,-43,-65,87,67,47,-119,
 121,-40,-63,94,64,53,-117,
 122,-47,-73,87,69,50,-119,
 123,-42,-77,91,65,56,-110,
 124,-45,-67,85,68,47,-119,
 125,-48,-73,94,66,46,-116,
 126,-45,-77,95,70,51,-113,
 127,-49,-72,97,65,50,-110,
 128,-44,-72,96,69,51,-111,
 129,-46,-72,97,65,55,-105,
 130,-47,-58,90,69,48,-113,
 131,-47,-56,93,70,45,-109,
 132,-48,-63,91,69,52,-117,
 133,-45,-65,86,74,51,-110,
 134,-47,-59,92,72,48,-108,
 135,-42,-73,92,74,55,-111,
 136,-47,-66,91,79,54,-111,
 137,-42,-68,96,74,48,-106,
 138,-49,-72,94,72,45,-113,
 139,-44,-67,93,75,47,-107,
 140,-48,-72,86,78,52,-111,
 141,-43,-80,88,79,51,-108,
 142,-48,-71,93,77,49,-107,
 143,-43,-75,84,73,48,-101,
 144,-46,-69,91,73,50,-104,
 145,-41,-67,99,73,53,-107,
 146,-44,-70,91,79,52,-110,
 147,-46,-64,94,75,55,-105,
 148,-43,-62,97,74,54,-105,
 149,-48,-71,91,76,56,-103,
 150,-42,-66,86,74,47,-106,
 151,-48,-77,94,75,43,-104,
 152,-45,-75,87,79,50,-100,
 153,-48,-79,97,78,57,-102,
 154,-45,-75,97,84,53,-97,
 155,-44,-78,96,79,48,-102,
 156,-48,-74,95,82,48,-97,
 157,-44,-63,98,79,49,-102,
 158,-43,-69,88,84,47,-98,
 159,-50,-67,89,82,49,-93,
 160,-44,-66,91,78,53,-95,
 161,-44,-70,98,84,48,-99,
 162,-48,-66,100,84,46,-96,
 163,-47,-76,93,87,48,-99,
 164,-47,-72,93,85,42,-99,
 165,-47,-79,100,83,49,-97,
 166,-42,-67,99,80,45,-97,
 167,-42,-79,94,74,44,-101,
 168,-49,-64,100,82,46,-95,
 169,-44,-74,96,79,46,-97,
 170,-46,-66,97,85,49,-99,
 171,-53,-74,89,78,47,-109,
 172,-49,-71,96,86,43,-103,
 173,-44,-78,99,87,40,-105,
 174,-49,-82,96,83,41,-110,
 175,-50,-86,97,82,47,-106,
 176,-50,-76,104,83,45,-108,
 177,-47,-83,101,84,40,-118,
 178,-52,-70,100,82,45,-117,
 179,-49,-73,99,87,53,-111,
 180,-50,-66,107,86,39,-116,
 181,-45,-76,102,88,45,-113,
 182,-42,-71,101,91,44,-114,
 183,-42,-80,97,88,46,-119,
 184,-47,-75,102,85,52,-117,
 185,-49,-80,103,80,44,-123,
 186,-50,-80,96,83,45,-119,
 187,-47,-79,102,87,50,-123,
 188,-44,-78,97,84,43,-121,
 189,-44,-62,100,79,50,-117,
 190,-44,-73,105,85,45,-117,
 191,-46,-69,102,78,48,-114,
 192,-51,-73,96,82,42,-119,
 193,-49,-74,101,85,49,-111,
 194,-48,-79,102,83,46,-113,
 195,-49,-81,94,82,51,-106,
 196,-48,-65,96,91,48,-114,
 197,-43,-82,94,89,41,-108,
 198,-47,-78,102,89,49,-113,
 199,-46,-76,97,89,49,-108,
 200,-48,-84,103,84,45,-112,
 201,-46,-72,103,84,42,-110,
 202,-46,-88,101,92,45,-118,
 203,-47,-83,106,86,45,-109,
 204,-48,-91,105,94,44,-116,
 205,-48,-89,108,97,43,-120,
 206,-47,-79,107,89,40,-119,
 207,-46,-70,109,97,41,-125,
 208,-46,-84,108,85,44,-117,
 209,-45,-74,110,90,47,-118,
 210,-49,-89,106,95,43,-112,
 211,-50,-75,100,87,41,-108,
 212,-48,-73,100,91,40,-113,
 213,-49,-80,96,95,40,-105,
 214,-52,-84,97,96,38,-110,
 215,-51,-74,105,91,39,-118,
 216,-54,-86,100,96,42,-114,
 217,-52,-81,106,97,40,-122,
 218,-50,-86,104,98,35,-112,
 219,-51,-84,104,103,35,-110,
 220,-48,-82,103,104,38,-117,
 221,-47,-73,108,98,33,-113,
 222,-50,-86,100,94,41,-114,
 223,-52,-89,105,93,37,-120,
 224,-53,-85,111,106,42,-114,
 225,-56,-88,106,101,37,-121,
 226,-53,-87,106,101,38,-113,
 227,-53,-77,107,102,41,-112,
 228,-49,-89,104,102,37,-112,
 229,-49,-91,106,99,34,-109,
 230,-55,-87,108,98,35,-107,
 231,-51,-83,113,110,38,-109,
 232,-52,-98,100,108,36,-111,
 233,-49,-93,99,97,35,-107,
 234,-50,-89,97,101,26,-104,
 235,-54,-81,100,108,4,-111,
 236,-50,-88,105,103,-8,-103,
 237,-52,-87,102,118,-22,-104,
 238,-54,-91,109,113,-26,-103,
 239,-49,-84,107,120,-43,-108,
 240,-49,-91,105,113,-31,-102,
 241,-55,-88,106,102,-31,-105,
 242,-56,-82,100,108,-29,-108,
 243,-51,-86,98,107,-35,-104,
 244,-48,-88,109,116,-31,-114,
 245,-53,-90,100,124,-38,-112,
 246,-51,-91,112,109,-48,-108,
 247,-50,-84,111,130,-55,-107,
 248,-53,-90,101,124,-62,-107,
 249,-49,-87,105,135,-74,-116,
 250,-52,-89,104,116,-71,-117,
 251,-54,-83,103,111,-65,-106,
 252,-49,-74,84,106,-74,-101,
 253,-48,-82,79,112,-77,-110,
 254,-50,-87,78,110,-84,-107,
 255,-47,-79,85,122,-78,-101,
 256,-50,-82,89,120,-87,-102,
 257,-45,-96,95,122,-87,-104,
 258,-47,-91,98,119,-73,-107,
 259,-53,-85,104,114,-83,-112,
 260,-47,-85,108,113,-85,-111,
 261,-54,-87,120,114,-77,-104,
 262,-55,-95,105,114,-78,-102,
 263,-55,-85,102,114,-82,-98,
 264,-56,-91,110,129,-88,-99,
 265,-57,-85,110,129,-84,-106,
 266,-58,-90,111,127,-80,-101,
 267,-56,-90,106,122,-89,-97,
 268,-60,-88,99,113,-85,-105,
 269,-58,-90,104,115,-86,-99,
 270,-59,-100,105,119,-96,-95,
 271,-53,-100,104,109,-87,-95,
 272,-50,-103,105,113,-83,-95,
 273,-49,-87,92,124,-84,-96,
 274,-51,-88,87,128,-95,-94,
 275,-49,-98,98,115,-93,-99,
 276,-52,-101,99,117,-81,-105,
 277,-53,-102,99,111,-91,-106,
 278,-57,-92,100,117,-85,-103,
 279,-52,-91,95,105,-83,-102,
 280,-57,-92,92,115,-86,-92,
 281,-52,-101,91,111,-86,-99,
 282,-55,-91,96,111,-104,-101,
 283,-52,-97,102,116,-99,-98,
 284,-50,-87,102,124,-85,-108,
 285,-51,-91,105,118,-100,-103,
 286,-50,-92,107,107,-110,-108,
 287,-50,-92,105,122,-96,-108,
 288,-47,-89,100,121,-99,-112,
 289,-55,-93,114,117,-100,-111,
 290,-56,-98,99,127,-104,-113,
 291,-51,-98,105,122,-91,-106,
 292,-58,-95,107,114,-102,-111,
 293,-57,-96,108,131,-100,-108,
 294,-62,-105,102,134,-95,-114,
 295,-59,-104,101,130,-102,-108,
 296,-62,-96,109,122,-94,-108,
 297,-63,-93,113,120,-98,-107,
 298,-56,-92,109,115,-101,-111,
 299,-57,-96,103,115,-91,-100,
 300,-60,-97,110,125,-101,-98,
 301,-52,-101,106,128,-96,-100,
 302,-48,-96,99,131,-88,-103,
 303,-57,-100,101,127,-102,-100,
 304,-57,-104,105,125,-100,-105,
 305,-52,-100,100,125,-102,-100,
 306,-54,-103,107,125,-101,-99,
 307,-58,-105,100,133,-96,-96,
 308,-56,-102,101,126,-97,-94,
 309,-51,-99,98,132,-92,-100,
 310,-61,-94,104,130,-99,-96,
 311,-62,-97,101,132,-94,-98,
 312,-59,-99,108,145,-109,-96,
 313,-58,-94,104,139,-102,-96,
 314,-63,-102,113,146,-120,-98,
 315,-60,-97,111,143,-117,-98,
 316,-55,-101,102,130,-103,-96,
 317,-56,-104,96,139,-108,-102,
 318,-53,-106,109,142,-108,-102,
 319,-47,-102,99,150,-123,-105,
 320,-52,-96,95,138,-114,-100,
 321,-53,-101,101,132,-118,-100,
 322,-54,-105,104,143,-116,-102,
 323,-54,-105,101,146,-116,-102,
 324,-52,-109,107,148,-111,-101,
 325,-54,-102,103,139,-106,-101,
 326,-57,-100,106,138,-109,-103,
 327,-57,-101,108,132,-112,-102,
 328,-63,-100,114,146,-116,-100,
 329,-61,-103,103,142,-118,-97,
 330,-63,-107,105,139,-121,-106,
 331,-58,-113,105,129,-120,-107,
 332,-60,-94,104,136,-120,-101,
 333,-64,-108,109,148,-119,-97,
 334,-59,-111,105,142,-112,-98,
 335,-51,-102,106,137,-119,-101,
 336,-53,-108,108,136,-131,-104,
 337,-53,-106,105,142,-124,-98,
 338,-57,-108,96,150,-116,-101,
 339,-53,-115,109,142,-126,-97,
 340,-56,-115,109,134,-130,-100,
 341,-53,-112,107,141,-117,-98,
 342,-57,-111,102,155,-119,-95,
 343,-60,-106,103,134,-116,-98,
 344,-60,-107,101,136,-125,-97,
 345,-60,-108,101,145,-124,-89,
 346,-63,-110,103,151,-111,-89,
 347,-60,-115,106,150,-117,-89,
 348,-60,-109,115,152,-123,-89,
 349,-57,-111,110,136,-128,-91,
 350,-54,-112,101,144,-119,-90,
 351,-61,-106,103,149,-130,-83,
 352,-55,-112,109,143,-129,-87,
 353,-59,-112,109,142,-120,-85,
 354,-54,-111,104,156,-133,-85,
 355,-56,-118,99,163,-125,-84,
 356,-63,-105,99,154,-118,-89,
 357,-56,-107,102,150,-125,-83,
 358,-58,-102,98,161,-126,-84,
 359,-60,-99,93,159,-131,-84,
 360,-61,-107,104,151,-122,-82,
 361,-63,-108,102,132,-119,-81,
 362,-62,-113,104,159,-114,-80,
 363,-63,-115,100,178,-138,-82,
 364,-64,-114,103,151,-138,-79,
 365,-57,-114,103,151,-122,-80,
 366,-57,-107,107,175,-129,-78,
 367,-56,-99,98,158,-122,-82,
 368,-56,-105,102,151,-128,-80,
 369,-58,-103,105,155,-119,-77,
 370,-61,-102,105,170,-126,-83,
 371,-59,-109,107,155,-125,-83,
 372,-61,-111,98,135,-118,-87,
 373,-62,-111,101,162,-138,-84,
 374,-59,-116,108,160,-136,-77,
 375,-61,-107,104,142,-128,-86,
 376,-61,-112,102,147,-119,-84,
 377,-62,-107,94,162,-131,-85,
 378,-59,-104,107,141,-131,-85,
 379,-57,-115,101,129,-127,-85,
 380,-57,-117,106,156,-118,-81,
 381,-54,-114,97,151,-127,-83,
 382,-52,-106,98,137,-134,-81,
 383,-56,-119,101,155,-142,-84,
 384,-62,-109,107,164,-129,-80,
 385,-58,-113,98,145,-135,-83,
 386,-62,-116,106,154,-116,-82,
 387,-55,-117,101,169,-131,-79,
 388,-64,-117,108,155,-133,-82,
 389,-63,-96,100,142,-128,-81,
 390,-61,-112,96,159,-120,-80,
 391,-59,-118,91,164,-118,-84,
 392,-57,-121,99,150,-140,-77,
 393,-55,-117,103,170,-127,-83,
 394,-62,-121,93,173,-122,-79,
 395,-61,-120,99,156,-131,-83,
 396,-59,-111,100,173,-145,-86,
 397,-60,-120,97,173,-130,-78,
 398,-56,-121,93,140,-124,-82,
 399,-63,-121,97,171,-121,-83,
 400,-57,-119,97,174,-126,-80,
 401,-57,-118,97,167,-139,-77,
 402,-62,-111,99,181,-147,-76,
 403,-61,-111,102,144,-123,-76,
 404,-58,-114,89,166,-119,-76,
 405,-52,-110,95,133,-109,-70,
 406,-53,-117,90,123,-105,-62,
 407,-58,-111,86,154,-115,-45,
 408,-53,-115,85,157,-127,-19,
 409,-57,-119,92,138,-135,8,
 410,-61,-117,88,159,-127,48,
 411,-61,-120,86,152,-119,72,
 412,-56,-121,91,148,-134,62,
 413,-55,-107,91,166,-136,57,
 414,-63,-118,100,170,-138,73,
 415,-64,-119,103,168,-122,79,
 416,-62,-121,93,159,-128,86,
 417,-60,-124,101,162,-144,80,
 418,-65,-124,101,166,-138,72,
 419,-68,-116,102,179,-130,73,
 420,-63,-115,93,162,-122,74,
 421,-61,-126,96,177,-141,75,
 422,-60,-126,101,179,-129,78,
 423,-65,-122,103,159,-120,76,
 424,-59,-114,93,190,-146,74,
 425,-66,-113,89,183,-146,77,
 426,-62,-118,93,167,-136,78,
 427,-59,-119,94,188,-131,79,
 428,-61,-122,91,163,-143,81,
 429,-59,-118,102,188,-139,84,
 430,-56,-116,96,168,-136,81,
 431,-59,-120,100,156,-139,80,
 432,-61,-120,102,177,-146,79,
 433,-58,-132,96,158,-134,80,
 434,-60,-124,91,176,-130,86,
 435,-65,-116,96,173,-136,89,
 436,-58,-117,98,158,-134,85,
 437,-62,-113,94,186,-126,83,
 438,-64,-121,93,167,-145,90,
 439,-65,-126,97,174,-158,90,
 440,-65,-126,93,163,-137,91,
 441,-58,-117,98,165,-140,89,
 442,-59,-119,99,174,-126,92,
 443,-60,-128,93,167,-135,93,
 444,-61,-125,98,178,-136,95,
 445,-58,-130,99,176,-99,102,
 446,-54,-124,96,157,-87,94,
 447,-59,-100,79,107,-66,95,
 448,-57,-126,81,182,-105,98,
 449,-60,-126,85,155,-133,106,
 450,-63,-131,84,176,-146,106,
 451,-62,-129,85,198,-125,97,
 452,-60,-129,87,164,-138,101,
 453,-53,-127,98,194,-155,99,
 454,-59,-131,97,191,-154,102,
 455,-63,-129,100,185,-140,102,
 456,-59,-128,87,189,-131,104,
 457,-65,-138,95,173,-151,110,
 458,-65,-136,93,191,-153,111,
 459,-57,-135,91,166,-125,114,
 460,-66,-123,93,189,-147,115,
 461,-66,-121,96,173,-131,120,
 462,-66,-123,91,164,-122,119,
 463,-62,-133,89,193,-163,115,
 464,-57,-134,93,163,-143,115,
 465,-56,-122,87,185,-136,113,
 466,-58,-126,95,168,-142,119,
 467,-62,-123,91,189,-144,111,
 468,-56,-130,94,200,-134,123,
 469,-64,-132,93,196,-152,114,
 470,-63,-130,93,203,-149,117,
 471,-65,-128,93,171,-133,114,
 472,-66,-130,89,199,-144,116,
 473,-65,-126,96,169,-117,115,
 474,-67,-129,97,203,-145,116,
 475,-69,-129,96,165,-135,123,
 476,-61,-123,98,198,-127,117,
 477,-63,-135,97,190,-155,117,
 478,-66,-133,98,199,-152,112,
 479,-61,-126,102,192,-135,118,
 480,-65,-129,96,190,-141,114,
 481,-57,-123,100,193,-156,115,
 482,-64,-138,98,190,-121,114,
 483,-57,-136,100,190,-146,104,
 484,-60,-125,103,176,-140,107,
 485,-59,-129,92,188,-143,110,
 486,-65,-126,88,166,-133,103,
 487,-61,-129,94,197,-142,107,
 488,-61,-129,93,178,-154,111,
 489,-64,-136,88,192,-132,113,
 490,-64,-129,98,176,-128,111,
 491,-63,-121,99,200,-152,110,
 492,-67,-127,96,190,-148,117,
 493,-64,-124,103,215,-149,113,
 494,-68,-137,100,180,-137,112,
 495,-67,-135,97,199,-126,107,
 496,-59,-132,95,194,-146,109,
 497,-61,-121,88,191,-129,109,
 498,-62,-127,87,178,-152,118,
 499,-64,-125,93,187,-135,115,
 500,-61,-130,94,176,-124,114,
 501,-62,-134,95,188,-124,123,
 502,-64,-131,94,179,-155,116,
 503,-62,-125,92,183,-133,115,
 504,-62,-131,91,171,-156,111,
 505,-62,-131,95,193,-120,113,
 506,-64,-142,98,179,-157,109,
 507,-63,-139,92,183,-128,115,
 508,-64,-125,95,186,-140,108,
 509,-64,-131,92,192,-141,106,
 510,-66,-134,90,181,-127,112,
 511,-66,-133,101,195,-115,113,
 512,-62,-135,92,183,-148,112,
 513,-66,-129,99,207,-116,112,
 514,-61,-140,94,181,-140,109,
 515,-67,-138,89,200,-135,109,
 516,-62,-137,92,166,-148,106,
 517,-69,-144,85,204,-125,103,
 518,-61,-141,93,172,-136,109,
 519,-64,-133,86,192,-150,108,
 520,-68,-136,98,179,-129,113,
 521,-62,-133,91,200,-138,113,
 522,-66,-129,98,171,-142,113,
 523,-60,-133,94,203,-138,112,
 524,-67,-139,96,169,-129,118,
 525,-66,-130,90,190,-127,119,
 526,-62,-139,92,165,-140,120,
 527,-68,-140,91,193,-140,124,
 528,-61,-139,88,187,-144,112,
 529,-65,-137,87,204,-133,117,
 530,-66,-138,92,200,-126,124,
 531,-64,-131,86,209,-144,124,
 532,-60,-131,88,199,-115,123,
 533,-63,-136,90,178,-145,121,
 534,-60,-135,94,205,-124,123,
 535,-64,-131,89,169,-139,114,
 536,-61,-137,92,205,-121,120,
 537,-65,-135,89,173,-142,122,
 538,-67,-135,85,191,-144,129,
 539,-63,-145,85,176,-123,115,
 540,-68,-142,90,206,-144,117,
 541,-60,-135,94,185,-136,117,
 542,-67,-143,87,194,-138,120,
 543,-62,-130,92,181,-122,114,
 544,-66,-140,92,175,-146,118,
 545,-67,-132,92,188,-140,118,
 546,-68,-139,92,172,-146,130,
 547,-63,-132,91,197,-140,120,
 548,-64,-138,93,183,-119,128,
 549,-63,-134,89,212,-116,131,
 550,-58,-132,90,184,-142,124,
 551,-66,-135,94,204,-138,123,
 552,-63,-141,91,202,-120,124,
 553,-61,-139,86,186,-132,123,
 554,-60,-134,92,199,-109,124,
 555,-61,-141,90,183,-118,117,
 556,-59,-140,89,194,-147,116,
 557,-62,-133,83,178,-127,115,
 558,-61,-139,85,191,-109,119,
 559,-59,-142,91,175,-125,123,
 560,-66,-139,93,197,-113,125,
 561,-60,-131,88,190,-142,118,
 562,-61,-142,92,181,-136,114,
 563,-56,-133,90,205,-137,118,
 564,-61,-138,90,181,-108,108,
 565,-65,-127,88,189,-124,116,
 566,-64,-142,88,186,-143,126,
 567,-65,-143,87,209,-118,115,
 568,-60,-146,91,168,-129,124,
 569,-63,-146,91,214,-128,122,
 570,-65,-144,78,174,-149,121,
 571,-62,-140,82,197,-123,115,
 572,-63,-140,80,195,-143,118,
 573,-57,-140,88,182,-104,119,
 574,-59,-138,88,199,-123,122,
 575,-59,-135,88,185,-140,129,
 576,-63,-146,81,207,-137,118,
 577,-65,-153,85,172,-133,114,
 578,-58,-149,83,201,-109,119,
 579,-63,-142,88,182,-159,124,
 580,-63,-144,86,195,-123,121,
 581,-64,-147,89,170,-119,118,
 582,-62,-145,92,192,-131,116,
 583,-60,-151,88,202,-140,114,
 584,-61,-145,89,165,-134,117,
 585,-59,-139,83,216,-120,117,
 586,-63,-145,87,182,-113,122,
 587,-62,-151,87,219,-146,121,
 588,-62,-151,80,174,-126,123,
 589,-58,-152,85,182,-117,124,
 590,-60,-149,83,193,-117,127,
 591,-62,-135,89,187,-137,127,
 592,-64,-151,89,203,-122,127,
 593,-59,-153,88,179,-134,125,
 594,-59,-154,91,187,-126,125,
 595,-65,-154,89,176,-101,119,
 596,-64,-152,84,197,-135,125,
 597,-64,-153,88,193,-114,115,
 598,-63,-143,90,169,-134,122,
 599,-59,-140,89,182,-97,125,
 600,-62,-149,83,160,-116,126,
 601,-65,-150,91,203,-110,117,
 602,-59,-139,88,181,-121,125,
 603,-62,-154,94,209,-119,120,
 604,-58,-147,92,189,-106,120,
 605,-58,-145,87,189,-106,120,
 606,-64,-142,90,192,-120,120,
 607,-58,-147,89,174,-121,132,
 608,-55,-147,88,198,-135,138,
 609,-63,-151,89,173,-120,128,
 610,-60,-151,91,190,-120,121,
 611,-58,-150,90,180,-118,118,
 612,-63,-140,94,193,-129,124,
 613,-61,-140,91,194,-124,121,
 614,-60,-153,87,183,-103,125,
 615,-61,-153,92,192,-136,122,
 616,-59,-143,93,175,-104,124,
 617,-60,-150,89,177,-117,123,
 618,-60,-141,91,186,-104,127,
 619,-61,-150,91,177,-121,123,
 620,-64,-145,89,193,-101,115,
 621,-59,-152,93,182,-102,109,
 622,-60,-156,91,204,-102,111,
 623,-59,-155,94,183,-127,113,
 624,-58,-149,90,207,-104,121,
 625,-63,-147,95,184,-129,119,
 626,-63,-146,95,200,-127,133,
 627,-60,-150,94,164,-114,128,
 628,-65,-152,89,178,-99,120,
 629,-58,-159,95,189,-121,124,
 630,-61,-153,93,181,-109,122,
 631,-61,-148,94,194,-102,119,
 632,-59,-147,95,174,-109,125,
 633,-61,-135,97,199,-110,120,
 634,-60,-149,93,175,-97,110,
 635,-58,-155,94,191,-132,117,
 636,-57,-153,101,156,-97,120,
 637,-64,-151,97,183,-98,126,
 638,-62,-148,93,196,-108,116,
 639,-59,-152,93,185,-108,117,
 640,-64,-153,97,202,-114,122,
 641,-64,-155,101,170,-96,124,
 642,-58,-148,94,197,-107,121,
 643,-59,-143,103,170,-102,115,
 644,-63,-150,101,191,-113,116,
 645,-61,-153,97,177,-110,130,
 646,-62,-155,100,176,-124,128,
 647,-63,-162,100,173,-75,121,
 648,-67,-153,96,174,-113,120,
 649,-63,-149,100,199,-110,119,
 650,-59,-163,96,164,-109,119,
 651,-65,-154,96,184,-113,130,
 652,-67,-155,103,173,-97,124,
 653,-66,-155,98,181,-108,113,
 654,-65,-150,103,166,-114,126,
 655,-62,-158,99,202,-94,128,
 656,-60,-152,104,162,-89,126,
 657,-65,-157,97,202,-115,111,
 658,-58,-161,103,164,-110,113,
 659,-60,-150,104,183,-97,112,
 660,-63,-157,107,198,-104,125,
 661,-61,-158,102,177,-93,128,
 662,-64,-146,99,191,-105,122,
 663,-60,-158,102,167,-95,124,
 664,-60,-163,99,182,-102,129,
 665,-65,-148,106,159,-103,125,
 666,-63,-163,102,182,-103,123,
 667,-59,-166,107,153,-84,118,
 668,-59,-154,102,179,-88,122,
 669,-64,-162,105,155,-109,118,
 670,-66,-150,105,181,-76,117,
 671,-58,-163,105,161,-102,115,
 672,-59,-150,109,178,-95,106,
 673,-65,-164,104,178,-77,112,
 674,-60,-154,108,185,-97,125,
 675,-62,-160,108,197,-103,115,
 676,-59,-152,108,179,-87,108,
 677,-58,-160,113,174,-96,109,
 678,-66,-167,111,162,-88,112,
 679,-65,-155,108,190,-69,112,
 680,-61,-145,116,148,-73,119,
 681,-60,-149,115,188,-106,112,
 682,-58,-160,112,151,-110,116,
 683,-62,-166,106,180,-68,128,
 684,-60,-146,117,150,-90,128,
 685,-58,-157,115,174,-90,119,
 686,-61,-149,105,141,-79,120,
 687,-56,-162,108,183,-95,116,
 688,-55,-159,119,156,-104,116,
 689,-57,-159,114,185,-88,121,
 690,-63,-147,116,151,-88,120,
 691,-65,-162,114,161,-89,118,
 692,-64,-155,116,149,-89,109,
 693,-58,-145,114,176,-82,120,
 694,-58,-162,117,163,-69,117,
 695,-65,-149,109,181,-87,117,
 696,-63,-168,113,152,-93,118,
 697,-61,-155,119,207,-88,113,
 698,-61,-156,115,161,-85,116,
 699,-56,-159,119,178,-98,132,
 700,-65,-165,118,148,-81,124,
 701,-57,-151,112,174,-75,120,
 702,-56,-149,110,149,-85,126,
 703,-57,-156,109,172,-89,107,
 704,-56,-158,112,146,-82,122,
 705,-61,-163,116,162,-76,128,
 706,-62,-157,117,145,-90,121,
 707,-63,-150,114,168,-85,124,
 708,-59,-175,120,145,-72,114,
 709,-63,-174,122,177,-76,114,
 710,-61,-157,121,137,-88,119,
 711,-61,-152,117,174,-81,117,
 712,-61,-165,121,149,-79,110,
 713,-59,-173,118,171,-80,113,
 714,-63,-148,122,172,-74,110,
 715,-59,-157,120,170,-80,114,
 716,-53,-161,117,162,-78,112,
 717,-56,-169,120,157,-71,107,
 718,-56,-155,113,173,-58,104,
 719,-56,-165,122,151,-61,103,
 720,-60,-159,122,185,-79,104,
 721,-61,-166,128,141,-85,107,
 722,-56,-165,126,188,-79,106,
 723,-61,-153,129,139,-66,111,
 724,-58,-162,127,165,-67,106,
 725,-62,-174,127,138,-72,105,
 726,-61,-154,132,159,-70,103,
 727,-63,-167,126,140,-66,107,
 728,-60,-169,127,151,-70,110,
 729,-62,-156,122,134,-63,118,
 730,-62,-153,124,134,-62,112,
 731,-62,-161,121,162,-59,104,
 732,-60,-155,117,160,-69,105,
 733,-58,-148,122,145,-74,106,
 734,-58,-155,130,131,-63,100,
 735,-56,-164,121,159,-67,106,
 736,-57,-162,121,135,-71,102,
 737,-57,-162,122,172,-77,97,
 738,-61,-154,135,168,-76,96,
 739,-59,-172,131,160,-72,103,
 740,-57,-156,130,169,-67,100,
 741,-59,-158,131,138,-56,105,
 742,-60,-169,130,166,-76,106,
 743,-58,-157,129,139,-64,103,
 744,-61,-161,136,170,-66,105,
 745,-60,-174,127,142,-63,98,
 746,-58,-172,131,138,-71,104,
 747,-61,-157,128,149,-71,107,
 748,-63,-159,142,139,-65,106,
 749,-61,-167,133,148,-63,106,
 750,-58,-155,136,128,-63,110,
 751,-54,-167,136,161,-58,107,
 752,-52,-166,132,135,-79,106,
 753,-55,-157,129,142,-58,102,
 754,-58,-165,133,149,-56,103,
 755,-55,-181,139,131,-59,107,
 756,-58,-166,137,151,-48,112,
 757,-58,-160,135,130,-52,103,
 758,-52,-156,145,152,-54,100,
 759,-57,-161,133,148,-63,100,
 760,-59,-163,149,143,-54,101,
 761,-54,-172,140,167,-65,98,
 762,-59,-176,143,140,-44,99,
 763,-58,-163,140,150,-48,97,
 764,-59,-162,128,159,-60,100,
 765,-58,-180,131,142,-37,105,
 766,-61,-165,137,165,-41,103,
 767,-58,-155,135,124,-50,98,
 768,-58,-175,140,154,-41,100,
 769,-54,-166,144,160,-36,102,
 770,-53,-153,141,138,-41,105,
 771,-55,-177,144,157,-39,102,
 772,-53,-164,135,137,-40,103,
 773,-53,-165,136,138,-38,102,
 774,-53,-166,148,138,-38,104,
 775,-55,-181,146,124,-40,92,
 776,-57,-169,142,151,-32,94,
 777,-56,-162,148,130,-30,99,
 778,-57,-169,150,121,-42,98,
 779,-51,-159,148,154,-41,99,
 780,-52,-171,139,123,-33,95,
 781,-52,-158,146,141,-40,98,
 782,-54,-159,151,140,-50,105,
 783,-56,-176,152,117,8,97,
 784,-59,-167,151,140,38,95,
 785,-56,-172,157,137,68,93,
 786,-57,-179,151,131,78,107,
 787,-52,-165,152,151,80,99,
 788,-59,-167,144,149,67,102,
 789,-54,-174,145,130,62,106,
 790,-55,-164,147,154,76,106,
 791,-60,-164,144,142,83,108,
 792,-60,-187,152,119,76,106,
 793,-60,-166,152,154,71,108,
 794,-54,-160,152,140,80,102,
 795,-53,-177,147,131,79,101,
 796,-57,-167,151,152,89,108,
 797,-54,-172,153,118,83,109,
 798,-59,-174,156,133,86,104,
 799,-58,-165,161,126,93,102,
 800,-56,-177,160,114,95,98,
 801,-54,-164,156,129,81,97,
 802,-54,-165,150,129,93,103,
 803,-55,-173,155,115,91,100,
 804,-59,-171,148,131,95,95,
 805,-58,-162,154,126,87,92,
 806,-55,-175,154,110,80,95,
 807,-53,-163,161,124,90,90,
 808,-49,-166,161,114,96,88,
 809,-50,-177,160,103,94,86,
 810,-52,-167,154,121,87,87,
 811,-52,-179,158,125,100,84,
 812,-58,-181,162,137,101,85,
 813,-57,-163,161,128,101,92,
 814,-59,-177,165,134,98,91,
 815,-55,-162,164,128,94,92,
 816,-57,-156,156,117,92,86,
 817,-58,-186,162,150,101,90,
 818,-56,-165,162,150,96,86,
 819,-57,-171,165,116,104,92,
 820,-54,-173,157,135,99,95,
 821,-61,-167,162,151,92,89,
 822,-60,-179,161,128,100,91,
 823,-50,-171,167,119,91,89,
 824,-52,-167,153,137,93,88,
 825,-52,-186,168,130,104,85,
 826,-54,-169,159,110,104,88,
 827,-55,-170,163,134,112,84,
 828,-53,-161,163,139,105,87,
 829,-54,-161,157,116,103,88,
 830,-55,-160,154,119,100,90,
 831,-53,-177,159,122,109,93,
 832,-53,-171,170,114,124,92,
 833,-56,-188,166,106,105,87,
 834,-58,-171,169,132,101,88,
 835,-55,-167,164,123,102,82,
 836,-60,-179,168,106,105,86,
 837,-57,-172,170,123,115,86,
 838,-58,-185,168,138,117,84,
 839,-51,-170,169,117,113,83,
 840,-54,-159,161,103,101,89,
 841,-55,-186,156,124,106,89,
 842,-50,-162,166,114,108,85,
 843,-50,-175,164,112,113,81,
 844,-54,-170,171,113,109,88,
 845,-55,-159,158,119,102,88,
 846,-56,-173,166,118,105,87,
 847,-56,-171,166,113,123,89,
 848,-55,-167,170,108,124,88,
 849,-54,-175,169,118,104,89,
 850,-60,-162,168,128,98,91,
 851,-54,-185,170,120,100,88,
 852,-51,-167,168,118,100,85,
 853,-58,-180,170,116,123,87,
 854,-55,-175,176,133,111,88,
 855,-56,-164,174,129,110,88,
 856,-60,-185,173,111,115,82,
 857,-54,-166,174,132,117,82,
 858,-50,-168,180,143,119,78,
 859,-58,-189,187,121,98,79,
 860,-58,-171,179,102,99,86,
 861,-56,-181,175,136,101,83,
 862,-52,-176,169,121,114,85,
 863,-59,-169,170,107,107,81,
 864,-54,-176,170,102,107,84,
 865,-56,-162,165,124,106,85,
 866,-56,-192,161,131,113,85,
 867,-53,-169,172,120,122,83,
 868,-55,-183,175,107,124,85,
 869,-53,-186,182,121,118,81,
 870,-49,-169,167,121,115,84,
 871,-56,-186,171,113,111,84,
 872,-50,-176,178,114,107,83,
 873,-52,-182,181,104,140,77,
 874,-59,-182,180,116,109,76,
 875,-50,-166,173,115,96,79,
 876,-53,-194,167,105,111,79,
 877,-55,-172,177,102,106,82,
 878,-50,-176,178,110,116,83,
 879,-55,-180,179,114,125,80,
 880,-49,-154,168,110,115,76,
 881,-47,-180,164,106,114,78,
 882,-53,-166,169,99,106,78,
 883,-52,-192,174,102,110,80,
 884,-56,-187,176,115,130,81,
 885,-57,-174,171,112,104,80,
 886,-50,-176,168,99,126,79,
 887,-54,-171,176,96,118,83,
 888,-54,-176,172,105,104,81,
 889,-53,-183,169,119,110,78,
 890,-55,-163,167,104,110,77,
 891,-54,-189,172,109,126,78,
 892,-58,-175,178,101,127,78,
 893,-52,-174,177,119,110,78,
 894,-53,-181,181,119,117,83,
 895,-55,-161,187,111,112,82,
 896,-54,-192,179,108,129,78,
 897,-57,-173,178,104,101,80,
 898,-51,-179,180,121,100,83,
 899,-55,-185,178,130,104,77,
 900,-49,-171,166,127,104,78,
 901,-54,-192,178,118,124,81,
 902,-52,-170,182,111,107,80,
 903,-53,-173,182,110,124,83,
 904,-51,-184,176,119,116,83,
 905,-52,-178,178,132,133,77,
 906,-54,-180,184,125,121,80,
 907,-52,-171,180,112,133,80,
 908,-59,-173,182,105,114,75,
 909,-52,-195,182,114,106,82,
 910,-55,-170,178,130,116,82,
 911,-54,-190,188,124,120,79,
 912,-51,-174,177,113,120,81,
 913,-56,-181,178,95,123,82,
 914,-46,-185,184,108,115,77,
 915,-55,-174,184,108,110,79,
 916,-49,-188,184,116,116,83,
 917,-55,-178,177,105,111,76,
 918,-46,-175,181,104,125,80,
 919,-52,-189,184,93,103,84,
 920,-51,-169,183,105,127,81,
 921,-56,-181,188,114,106,85,
 922,-52,-190,176,109,114,83,
 923,-53,-175,182,105,104,78,
 924,-54,-188,185,105,121,82,
 925,-55,-177,178,101,121,85,
 926,-49,-181,176,104,123,81,
 927,-54,-191,182,115,102,81,
 928,-55,-167,186,104,128,87,
 929,-59,-174,183,94,113,82,
 930,-56,-180,192,104,129,82,
 931,-52,-167,194,103,99,81,
 932,-56,-186,192,109,103,84,
 933,-50,-171,190,103,98,84,
 934,-57,-184,188,106,121,82,
 935,-51,-186,173,103,117,82,
 936,-57,-167,187,96,122,82,
 937,-51,-180,178,95,129,86,
 938,-55,-173,177,104,105,86,
 939,-49,-178,177,103,114,86,
 940,-54,-175,179,106,105,87,
 941,-49,-166,185,93,131,88,
 942,-54,-171,181,96,115,89,
 943,-48,-174,192,93,105,93,
 944,-55,-169,180,100,109,91,
 945,-53,-185,191,99,128,89,
 946,-54,-175,192,102,130,86,
 947,-56,-181,191,98,111,89,
 948,-56,-194,190,114,107,87,
 949,-56,-181,194,109,107,90,
 950,-55,-184,193,99,113,94,
 951,-47,-170,178,94,107,96,
 952,-55,-165,186,98,115,95,
 953,-49,-192,184,112,91,93,
 954,-48,-179,177,115,104,95,
 955,-49,-178,194,111,130,97,
 956,-51,-189,191,96,118,97,
 957,-52,-167,190,95,111,100,
 958,-53,-184,196,110,93,92,
 959,-48,-176,190,121,114,96,
 960,-49,-173,181,118,108,95,
 961,-56,-189,190,116,120,99,
 962,-52,-180,191,99,118,102,
 963,-55,-169,188,98,110,104,
 964,-52,-189,192,110,133,99,
 965,-57,-179,190,109,98,103,
 966,-50,-176,187,121,117,102,
 967,-53,-182,183,113,107,105,
 968,-53,-166,180,109,99,110,
 969,-55,-176,175,107,115,102,
 970,-48,-179,176,106,102,100,
 971,-54,-164,188,111,108,106,
 972,-49,-180,188,122,124,106,
 973,-51,-174,183,118,108,108,
 974,-47,-161,187,114,107,111,
 975,-50,-178,192,107,92,109,
 976,-50,-163,190,105,97,112,
 977,-55,-155,189,105,102,110,
 978,-54,-186,195,120,113,110,
 979,-53,-176,186,118,123,109,
 980,-54,-170,184,113,123,111,
 981,-53,-192,194,110,106,115,
 982,-48,-170,188,116,110,116,
 983,-48,-165,198,113,98,111,
 984,-57,-185,200,105,126,107,
 985,-52,-184,202,109,113,109,
 986,-49,-163,189,114,112,110,
 987,-51,-192,194,110,129,116,
 988,-54,-164,196,106,111,115,
 989,-48,-177,191,108,95,108,
 990,-51,-173,184,109,100,107,
 991,-45,-168,188,100,70,112,
 992,-54,-169,185,104,87,109,
 993,-51,-189,186,112,92,108,
 994,-50,-176,187,114,122,108,
 995,-51,-173,190,110,134,113,
 996,-43,-181,195,104,115,109,
 997,-53,-172,200,99,107,110,
 998,-51,-174,198,109,95,105,
 999,-53,-188,201,111,109,114,
 1000,-53,-176,194,112,133,105,
 1001,-48,-172,201,110,97,106,
 1002,-57,-187,197,109,99,105,
 1003,-46,-171,187,111,115,110,
 1004,-51,-161,177,105,97,106,
 1005,-53,-174,181,105,119,108,
 1006,-50,-184,194,102,109,110,
 1007,-52,-169,194,108,99,107,
 1008,-48,-166,191,114,96,111,
 1009,-55,-188,190,107,106,104,
 1010,-51,-180,187,105,121,102,
 1011,-53,-163,194,106,118,102,
 1012,-54,-174,179,107,105,105,
 1013,-55,-173,189,107,104,108,
 1014,-56,-168,187,110,98,111,
 1015,-50,-176,184,105,94,106,
 1016,-55,-186,184,98,88,103,
 1017,-47,-168,191,95,108,114,
 1018,-55,-172,188,114,113,114,
 1019,-55,-188,198,109,120,108,
 1020,-47,-174,197,112,109,111,
 1021,-55,-173,187,114,87,111,
 1022,-49,-183,185,115,106,112,
 1023,-56,-170,199,112,92,108,
 1024,-48,-175,194,111,98,118,
 1025,-50,-179,190,113,87,109,
 1026,-56,-189,182,115,95,110,
 1027,-50,-185,192,123,90,116,
 1028,-52,-175,198,127,105,113,
 1029,-49,-172,193,129,93,114,
 1030,-49,-172,193,122,100,113,
 1031,-53,-167,202,118,103,114,
 1032,-49,-177,191,104,89,117,
 1033,-52,-176,198,119,117,114,
 1034,-52,-182,196,116,121,122,
 1035,-54,-170,199,130,109,119,
 1036,-55,-169,188,126,108,116,
 1037,-46,-189,193,121,91,110,
 1038,-52,-173,198,116,93,111,
 1039,-50,-156,185,102,103,107,
 1040,-46,-175,185,120,99,104,
 1041,-51,-181,195,126,113,96,
 1042,-46,-166,187,131,105,97,
 1043,-54,-164,197,127,97,100,
 1044,-52,-166,196,112,110,100,
 1045,-49,-176,183,109,90,97,
 1046,-54,-164,196,114,81,106,
 1047,-49,-168,187,121,110,95,
 1048,-50,-177,189,125,106,95,
 1049,-55,-183,189,109,103,95,
 1050,-48,-170,187,102,109,96,
 1051,-51,-167,191,107,80,95,
 1052,-56,-164,194,114,105,96,
 1053,-49,-168,198,124,97,107,
 1054,-52,-180,192,120,83,101,
 1055,-51,-170,196,115,94,102,
 1056,-52,-171,191,106,101,105,
 1057,-54,-178,200,109,112,102,
 1058,-48,-176,191,115,122,106,
 1059,-54,-180,183,120,97,111,
 1060,-52,-168,189,122,89,110,
 1061,-50,-186,194,115,106,105,
 1062,-56,-184,189,111,90,107,
 1063,-49,-171,193,105,90,107,
 1064,-51,-173,191,102,104,101,
 1065,-57,-169,184,105,95,103,
 1066,-52,-168,193,118,96,106,
 1067,-53,-175,197,114,98,104,
 1068,-54,-169,191,112,89,101,
 1069,-47,-175,200,118,83,108,
 1070,-55,-166,200,114,91,110,
 1071,-54,-168,201,107,85,110,
 1072,-50,-181,206,113,109,119,
 1073,-54,-168,195,114,109,110,
 1074,-52,-166,199,113,90,117,
 1075,-49,-168,199,117,108,116,
 1076,-54,-183,200,111,102,112,
 1077,-49,-184,197,106,93,112,
 1078,-53,-177,195,107,105,109,
 1079,-55,-171,193,114,85,110,
 1080,-47,-169,189,114,108,109,
 1081,-55,-177,196,122,97,109,
 1082,-49,-177,194,111,84,103,
 1083,-49,-176,195,104,102,109,
 1084,-54,-179,193,112,83,121,
 1085,-46,-174,184,124,62,118,
 1086,-48,-181,199,118,96,117,
 1087,-56,-173,195,123,88,114,
 1088,-47,-176,196,119,95,128,
 1089,-53,-180,197,107,100,125,
 1090,-48,-166,196,121,81,124,
 1091,-55,-169,200,125,68,120,
 1092,-52,-186,189,133,68,131,
 1093,-47,-185,191,131,55,121,
 1094,-48,-182,187,122,91,117,
 1095,-50,-170,194,112,112,120,
 1096,-53,-176,198,117,107,133,
 1097,-51,-166,194,135,107,122,
 1098,-53,-173,199,134,81,126,
 1099,-53,-179,202,139,106,115,
 1100,-54,-176,203,128,96,120,
 1101,-55,-162,186,121,86,113,
 1102,-52,-171,188,116,92,114,
 1103,-51,-170,204,135,83,119,
 1104,-52,-169,197,132,101,115,
 1105,-55,-171,190,123,98,120,
 1106,-51,-169,194,121,78,125,
 1107,-53,-168,194,118,89,109,
 1108,-49,-170,190,126,79,124,
 1109,-51,-174,188,126,85,118,
 1110,-54,-166,192,132,81,124,
 1111,-49,-179,194,117,78,127,
 1112,-52,-169,182,110,100,121,
 1113,-50,-166,183,116,87,121,
 1114,-51,-174,194,113,68,130,
 1115,-51,-175,195,122,92,126,
 1116,-53,-171,195,123,81,133,
 1117,-48,-177,203,118,94,123,
 1118,-50,-172,191,105,85,114,
 1119,-54,-183,199,116,87,120,
 1120,-53,-168,200,126,91,118,
 1121,-45,-173,193,120,90,119,
 1122,-51,-162,197,119,104,120,
 1123,-49,-177,194,108,104,122,
 1124,-48,-179,196,116,78,119,
 1125,-48,-174,195,120,80,113,
 1126,-49,-166,196,129,84,111,
 1127,-46,-169,198,124,88,115,
 1128,-50,-173,190,112,87,121,
 1129,-52,-167,199,120,94,106,
 1130,-47,-159,194,124,98,123,
 1131,-49,-171,195,125,84,127,
 1132,-55,-172,198,119,85,125,
 1133,-50,-163,189,117,66,126,
 1134,-48,-171,184,119,79,120,
 1135,-54,-176,192,121,88,126,
 1136,-53,-163,197,127,100,125,
 1137,-50,-169,201,129,100,122,
 1138,-50,-170,204,123,94,120,
 1139,-48,-172,191,118,91,122,
 1140,-46,-169,192,113,68,120,
 1141,-48,-169,187,120,91,124,
 1142,-52,-170,189,126,87,120,
 1143,-52,-174,188,134,84,125,
 1144,-46,-171,194,133,93,124,
 1145,-48,-171,199,117,89,127,
 1146,-56,-169,194,121,98,122,
 1147,-47,-169,188,134,73,116,
 1148,-50,-166,199,146,86,115,
 1149,-54,-159,196,134,74,119,
 1150,-46,-167,195,126,68,116,
 1151,-50,-169,195,122,86,128,
 1152,-54,-164,192,133,66,133,
 1153,-48,-176,196,132,88,129,
 1154,-49,-170,181,126,85,123,
 1155,-52,-178,194,122,96,132,
 1156,-50,-171,196,123,90,136,
 1157,-49,-167,195,133,72,125,
 1158,-48,-174,192,134,91,121,
 1159,-51,-181,199,128,76,125,
 1160,-52,-165,189,113,79,120,
 1161,-50,-175,193,124,66,128,
 1162,-54,-177,201,131,81,123,
 1163,-50,-178,187,119,74,122,
 1164,-56,-175,197,115,79,122,
 1165,-52,-172,193,109,91,124,
 1166,-47,-172,191,113,62,118,
 1167,-50,-162,183,116,75,117,
 1168,-51,-173,185,119,59,111,
 1169,-49,-178,187,125,80,111,
 1170,-47,-180,186,122,75,117,
 1171,-46,-173,186,118,87,126,
 1172,-51,-177,186,119,83,122,
 1173,-50,-179,199,124,105,119,
 1174,-53,-174,201,127,85,119,
 1175,-46,-166,204,123,80,126,
 1176,-47,-181,204,121,67,128,
 1177,-52,-171,200,124,70,121,
 1178,-51,-185,198,132,68,125,
 1179,-49,-176,198,117,90,108,
 1180,-49,-176,195,119,71,112,
 1181,-50,-178,197,112,94,120,
 1182,-55,-180,202,121,87,113,
 1183,-49,-172,197,127,74,111,
 1184,-50,-184,191,125,83,109,
 1185,-49,-180,188,119,81,126,
 1186,-48,-178,201,115,88,117,
 1187,-53,-183,194,121,89,111,
 1188,-50,-168,198,129,89,115,
 1189,-51,-184,205,127,77,115,
 1190,-48,-170,196,131,84,119,
 1191,-51,-181,192,118,80,130,
 1192,-54,-168,199,132,88,122,
 1193,-50,-174,194,118,81,121,
 1194,-48,-183,191,122,87,126,
 1195,-50,-172,202,123,70,127,
 1196,-49,-175,197,137,72,127,
 1197,-53,-171,201,128,87,133,
 1198,-47,-176,192,133,79,131,
 1199,-49,-166,198,132,81,123,
 1200,-51,-177,194,134,84,128,
 1201,-53,-171,181,125,96,127,
 1202,-55,-169,194,138,74,121,
 1203,-48,-169,190,155,81,124,
 1204,-47,-172,200,144,73,127,
 1205,-46,-175,196,124,83,124,
 1206,-50,-171,199,119,83,120,
 1207,-50,-175,189,143,89,124,
 1208,-47,-163,200,141,68,115,
 1209,-51,-168,186,132,66,116,
 1210,-53,-167,193,123,57,126,
 1211,-52,-170,195,124,70,123,
 1212,-52,-162,195,131,76,121,
 1213,-48,-174,203,131,99,129,
 1214,-49,-173,197,123,82,125,
 1215,-52,-170,194,121,86,124,
 1216,-50,-181,201,120,72,118,
 1217,-51,-168,194,131,85,113,
 1218,-48,-166,194,123,81,109,
 1219,-48,-174,205,112,81,115,
 1220,-50,-165,202,106,87,121,
 1221,-48,-177,194,126,65,116,
 1222,-50,-168,196,135,86,119,
 1223,-47,-168,195,115,73,118,
 1224,-49,-178,192,117,75,121,
 1225,-49,-168,194,117,48,110,
 1226,-50,-180,189,125,64,114,
 1227,-50,-176,190,126,45,110,
 1228,-45,-172,194,122,68,111,
 1229,-47,-175,196,108,69,110,
 1230,-52,-170,193,112,81,119,
 1231,-48,-171,194,125,83,114,
 1232,-52,-176,193,129,75,111,
 1233,-51,-169,187,128,78,118,
 1234,-53,-166,196,116,75,124,
 1235,-46,-182,195,117,91,117,
 1236,-46,-169,192,118,79,118,
 1237,-48,-168,187,116,87,123,
 1238,-50,-176,192,124,73,116,
 1239,-55,-168,193,118,73,118,
 1240,-52,-176,186,113,70,115,
 1241,-52,-186,195,128,67,111,
 1242,-50,-173,196,122,84,105,
 1243,-49,-167,204,124,84,108,
 1244,-52,-188,198,120,79,113,
 1245,-50,-181,201,108,81,116,
 1246,-52,-167,203,131,57,118,
 1247,-51,-178,197,143,59,127,
 1248,-52,-183,202,134,64,119,
 1249,-50,-177,189,121,80,112,
 1250,-49,-176,193,123,71,127,
 1251,-48,-179,204,145,70,119,
 1252,-52,-170,200,142,68,116,
 1253,-49,-175,192,138,57,118,
 1254,-52,-189,189,125,85,127,
 1255,-53,-187,197,117,66,125,
 1256,-51,-168,197,138,76,115,
 1257,-50,-179,200,134,88,124,
 1258,-47,-187,200,119,75,115,
 1259,-48,-174,201,127,77,120,
 1260,-46,-182,206,129,67,119,
 1261,-48,-190,199,130,75,115,
 1262,-48,-190,199,129,88,111,
 1263,-50,-187,202,122,85,109,
 1264,-54,-191,207,125,74,104,
 1265,-53,-180,200,118,71,109,
 1266,-54,-168,205,127,72,103,
 1267,-47,-176,208,133,67,112,
 1268,-49,-190,194,116,55,109,
 1269,-44,-182,206,113,72,112,
 1270,-47,-182,204,114,73,114,
 1271,-50,-186,200,127,67,105,
 1272,-49,-177,206,136,77,108,
 1273,-50,-184,199,122,83,112,
 1274,-49,-194,204,115,84,108,
 1275,-50,-184,205,113,78,110,
 1276,-46,-182,200,121,70,115,
 1277,-51,-194,205,131,59,109,
 1278,-45,-194,204,124,71,105,
 1279,-45,-183,202,123,58,109,
 1280,-45,-180,199,113,70,106,
 1281,-46,-192,195,127,61,111,
 1282,-51,-183,207,127,58,99,
 1283,-51,-192,196,120,73,107,
 1284,-53,-189,206,117,66,100,
 1285,-50,-180,199,116,68,103,
 1286,-52,-193,195,121,75,96,
 1287,-50,-188,200,130,64,95,
 1288,-52,-181,197,115,78,99,
 1289,-50,-192,204,116,72,99,
 1290,-46,-182,206,115,73,96,
 1291,-46,-186,196,125,66,102,
 1292,-47,-178,202,134,66,96,
 1293,-47,-171,207,130,54,101,
 1294,-52,-192,202,119,72,104,
 1295,-53,-184,191,117,64,100,
 1296,-50,-174,190,126,62,97,
 1297,-52,-191,200,137,76,96,
 1298,-50,-178,191,136,64,105,
 1299,-52,-183,196,123,60,99,
 1300,-49,-189,195,108,71,99,
 1301,-51,-184,203,108,74,99,
 1302,-46,-183,205,140,75,103,
 1303,-46,-178,205,145,71,103,
 1304,-47,-192,209,131,59,98,
 1305,-47,-187,205,119,65,107,
 1306,-47,-187,193,112,68,99,
 1307,-49,-197,194,128,60,97,
 1308,-50,-187,200,131,50,95,
 1309,-47,-190,199,137,79,95,
 1310,-51,-179,200,119,72,94,
 1311,-51,-189,198,119,59,95,
 1312,-51,-186,199,122,61,93,
 1313,-47,-190,200,126,56,88,
 1314,-52,-181,200,125,60,92,
 1315,-49,-194,195,122,65,91,
 1316,-53,-185,201,107,74,94,
 1317,-52,-194,198,116,71,102,
 1318,-53,-183,202,127,68,90,
 1319,-50,-198,199,123,61,95,
 1320,-47,-190,201,113,52,95,
 1321,-47,-196,202,111,58,94,
 1322,-48,-192,192,108,58,99,
 1323,-44,-198,197,114,60,102,
 1324,-44,-206,205,115,65,104,
 1325,-46,-193,198,109,69,96,
 1326,-43,-201,203,118,66,104,
 1327,-45,-196,202,114,54,96,
 1328,-46,-197,204,109,58,100,
 1329,-45,-188,209,113,67,100,
 1330,-45,-194,202,124,71,102,
 1331,-47,-197,208,125,61,93,
 1332,-46,-195,206,119,74,104,
 1333,-47,-204,197,106,75,95,
 1334,-47,-191,204,115,59,96,
 1335,-45,-197,194,121,66,98,
 1336,-46,-197,198,118,64,94,
 1337,-47,-189,198,116,65,92,
 1338,-44,-187,209,109,58,96,
 1339,-49,-198,207,106,62,92,
 1340,-50,-207,207,122,55,87,
 1341,-51,-200,199,126,65,92,
 1342,-50,-198,201,117,73,97,
 1343,-52,-193,203,116,67,92,
 1344,-49,-191,208,114,56,94,
 1345,-52,-186,200,111,58,94,
 1346,-50,-190,197,112,66,97,
 1347,-50,-204,204,126,78,96,
 1348,-48,-191,212,126,66,90,
 1349,-50,-194,204,115,63,95,
 1350,-48,-201,200,118,66,92,
 1351,-54,-201,203,114,64,90,
 1352,-51,-204,205,129,61,92,
 1353,-52,-191,199,128,63,88,
 1354,-50,-200,206,132,67,85,
 1355,-49,-206,203,125,61,85,
 1356,-50,-197,208,131,64,86,
 1357,-53,-198,206,120,71,86,
 1358,-52,-203,208,123,67,86,
 1359,-53,-205,199,133,62,85,
 1360,-49,-203,208,132,65,83,
 1361,-52,-199,191,134,67,79,
 1362,-48,-208,200,126,67,83,
 1363,-54,-205,195,119,59,83,
 1364,-51,-204,197,122,63,81,
 1365,-52,-207,200,128,67,81,
 1366,-49,-204,205,128,66,81,
 1367,-51,-208,206,122,57,80,
 1368,-48,-201,198,119,66,85,
 1369,-51,-198,204,106,71,81,
 1370,-50,-205,210,109,65,79,
 1371,-52,-209,209,120,61,76,
 1372,-49,-211,209,128,63,77,
 1373,-52,-207,205,124,65,79,
 1374,-50,-207,199,109,60,81,
 1375,-54,-209,208,102,63,79,
 1376,-51,-205,206,109,56,75,
 1377,-52,-193,208,112,73,71,
 1378,-49,-202,210,118,66,76,
 1379,-52,-205,210,120,67,76,
 1380,-50,-207,212,106,74,76,
 1381,-55,-211,205,109,80,80,
 1382,-50,-217,212,103,74,76,
 1383,-51,-210,205,97,70,77,
 1384,-49,-209,207,110,71,77,
 1385,-48,-212,205,118,71,72,
 1386,-47,-216,213,110,75,75,
 1387,-49,-223,202,105,60,76,
 1388,-50,-209,213,104,58,74,
 1389,-47,-217,212,99,77,74,
 1390,-50,-212,210,111,71,75,
 1391,-52,-204,211,115,79,76,
 1392,-47,-213,199,116,70,75,
 1393,-51,-205,215,111,62,67,
 1394,-49,-212,206,99,66,54,
 1395,-45,-205,205,108,70,22,
 1396,-47,-212,210,104,71,3,
 1397,-46,-213,213,104,59,-36,
 1398,-45,-205,216,117,72,-54,
 1399,-48,-221,208,109,72,-47,
 1400,-47,-209,213,108,61,-65,
 1401,-47,-208,199,100,65,-79,
 1402,-46,-213,202,97,64,-81,
 1403,-46,-204,202,100,71,-77,
 1404,-47,-204,207,105,61,-75,
 1405,-48,-207,211,103,66,-70,
 1406,-49,-220,206,113,63,-74,
 1407,-48,-206,198,107,60,-78,
 1408,-48,-200,197,115,63,-82,
 1409,-47,-205,210,104,62,-81,
 1410,-53,-209,210,104,63,-79,
 1411,-51,-204,209,97,57,-77,
 1412,-52,-219,196,106,72,-81,
 1413,-48,-221,201,110,69,-85,
 1414,-50,-215,208,114,63,-84,
 1415,-52,-220,208,112,69,-88,
 1416,-53,-195,211,113,67,-90,
 1417,-52,-203,204,110,63,-87,
 1418,-52,-209,212,105,68,-95,
 1419,-50,-215,213,107,62,-96,
 1420,-53,-207,202,99,60,-89,
 1421,-49,-214,204,116,64,-96,
 1422,-51,-212,213,118,71,-92,
 1423,-50,-206,214,110,73,-93,
 1424,-51,-201,219,122,67,-97,
 1425,-47,-222,207,123,63,-97,
 1426,-46,-211,215,117,63,-96,
 1427,-47,-207,204,100,70,-97,
 1428,-47,-212,210,101,62,-100,
 1429,-52,-219,217,102,65,-99,
 1430,-50,-218,216,121,62,-104,
 1431,-50,-209,202,116,72,-109,
 1432,-49,-210,210,116,76,-111,
 1433,-54,-215,219,121,72,-113,
 1434,-55,-224,219,110,68,-119,
 1435,-49,-224,210,106,73,-112,
 1436,-51,-225,211,105,68,-121,
 1437,-48,-206,214,104,80,-123,
 1438,-49,-222,215,113,71,-121,
 1439,-49,-223,204,112,71,-113,
 1440,-46,-226,217,116,69,-108,
 1441,-45,-221,207,121,72,-108,
 1442,-50,-213,215,121,77,-110,
 1443,-51,-215,218,107,66,-108,
 1444,-49,-217,203,111,71,-111,
 1445,-47,-223,210,105,60,-118,
 1446,-47,-211,202,101,68,-116,
 1447,-50,-217,199,97,62,-122,
 1448,-49,-223,205,105,56,-118,
 1449,-53,-223,204,106,70,-122,
 1450,-50,-221,211,102,70,-118,
 1451,-50,-218,213,105,67,-119,
 1452,-49,-228,206,106,69,-121,
 1453,-47,-228,213,106,69,-116,
 1454,-47,-229,221,103,62,-115,
 1455,-48,-222,223,102,60,-120,
 1456,-49,-233,210,99,66,-124,
 1457,-54,-232,213,95,70,-119,
 1458,-55,-226,216,106,70,-124,
 1459,-51,-236,202,99,74,-120,
 1460,-52,-220,211,98,68,-127,
 1461,-49,-205,210,100,66,-122,
 1462,-46,-215,212,94,69,-126,
 1463,-51,-231,207,104,75,-114,
 1464,-50,-217,211,101,66,-112,
 1465,-51,-206,215,98,72,-114,
 1466,-48,-219,197,101,69,-113,
 1467,-51,-219,216,107,60,-114,
 1468,-55,-226,215,107,68,-113,
 1469,-52,-207,214,102,70,-112,
 1470,-51,-223,203,99,69,-107,
 1471,-51,-231,223,95,68,-105,
 1472,-52,-231,208,93,69,-104,
 1473,-55,-214,216,85,73,-102,
 1474,-50,-225,209,84,68,-107,
 1475,-53,-226,202,87,69,-114,
 1476,-50,-227,216,93,82,-119,
 1477,-50,-230,225,101,76,-111,
 1478,-53,-222,219,104,82,-106,
 1479,-48,-221,217,122,75,-104,
 1480,-48,-222,217,115,64,-107,
 1481,-53,-232,217,98,67,-104,
 1482,-52,-236,215,100,68,-107,
 1483,-49,-225,221,99,70,-113,
 1484,-53,-219,211,93,71,-108,
 1485,-56,-216,212,77,74,-112,
 1486,-58,-215,221,87,72,-107,
 1487,-49,-210,220,96,69,-103,
 1488,-52,-217,222,99,78,-103,
 1489,-56,-231,227,102,78,-114,
 1490,-51,-230,226,110,73,-105,
 1491,-47,-211,215,100,67,-104,
 1492,-53,-213,213,102,71,-111,
 1493,-50,-234,213,106,74,-109,
 1494,-50,-227,219,99,77,-107,
 1495,-49,-223,213,100,77,-104,
 1496,-51,-230,219,103,76,-113,
 1497,-50,-239,218,100,74,-109,
 1498,-49,-224,214,99,73,-118,
 1499,-48,-228,215,102,80,-111,
 1500,-46,-231,219,99,74,-110,
 1501,-52,-225,213,100,75,-108,
 1502,-48,-237,206,96,79,-113,
 1503,-50,-232,218,95,72,-107,
 1504,-56,-221,224,96,84,-110,
 1505,-46,-217,225,94,78,-115,
 1506,-51,-220,222,88,75,-120,
 1507,-56,-230,215,100,66,-120,
 1508,-48,-233,217,102,68,-129,
 1509,-53,-241,219,101,79,-131,
 1510,-52,-244,213,95,77,-126,
 1511,-48,-230,220,101,78,-126,
 1512,-55,-227,222,104,80,-126,
 1513,-49,-237,208,101,75,-139,
 1514,-49,-224,219,107,82,-141,
 1515,-53,-231,211,115,74,-133,
 1516,-50,-234,229,113,72,-127,
 1517,-56,-221,225,111,67,-137,
 1518,-50,-230,220,105,70,-128,
 1519,-55,-224,226,105,73,-128,
 1520,-51,-217,222,103,77,-127,
 1521,-56,-218,223,105,66,-114,
 1522,-54,-228,216,109,64,-120,
 1523,-55,-214,218,108,69,-119,
 1524,-51,-217,218,105,79,-119,
 1525,-55,-238,205,108,76,-123,
 1526,-47,-228,216,123,81,-130,
 1527,-55,-234,215,118,83,-122,
 1528,-51,-238,231,119,74,-124,
 1529,-56,-212,232,109,69,-123,
 1530,-51,-231,215,109,75,-130,
 1531,-55,-233,230,100,63,-127,
 1532,-53,-233,228,106,63,-128,
 1533,-51,-226,209,97,73,-130,
 1534,-54,-234,228,103,76,-126,
 1535,-48,-218,224,100,78,-131,
 1536,-55,-236,212,105,66,-124,
 1537,-48,-239,216,114,72,-122,
 1538,-53,-233,217,113,76,-121,
 1539,-54,-224,221,128,71,-120,
 1540,-52,-227,219,126,73,-117,
 1541,-53,-229,204,116,71,-122,
 1542,-49,-237,224,108,73,-116,
 1543,-52,-228,222,109,79,-119,
 1544,-58,-235,221,105,84,-117,
 1545,-50,-226,224,96,90,-117,
 1546,-57,-221,219,95,73,-116,
 1547,-53,-235,214,96,70,-116,
 1548,-51,-241,221,108,81,-110,
 1549,-58,-213,226,118,74,-115,
 1550,-57,-229,236,108,86,-115,
 1551,-52,-234,228,122,88,-113,
 1552,-56,-218,221,116,85,-111,
 1553,-59,-240,218,111,74,-116,
 1554,-57,-233,224,102,79,-113,
 1555,-51,-219,216,105,86,-114,
 1556,-57,-230,219,112,92,-121,
 1557,-58,-214,224,102,84,-114,
 1558,-52,-232,222,108,81,-126,
 1559,-51,-231,219,111,75,-121,
 1560,-56,-226,230,109,93,-126,
 1561,-57,-223,227,110,93,-116,
 1562,-57,-216,219,115,86,-120,
 1563,-58,-234,215,112,77,-121,
 1564,-56,-229,219,108,76,-116,
 1565,-54,-212,219,110,81,-112,
 1566,-56,-237,218,107,81,-114,
 1567,-60,-207,219,104,86,-116,
 1568,-54,-230,222,98,86,-115,
 1569,-48,-218,218,107,85,-112,
 1570,-54,-217,212,116,86,-119,
 1571,-53,-239,223,105,93,-111,
 1572,-50,-223,221,111,87,-121,
 1573,-59,-229,211,109,86,-114,
 1574,-56,-243,203,104,80,-116,
 1575,-57,-232,213,111,83,-117,
 1576,-58,-248,218,112,80,-115,
 1577,-56,-228,225,106,83,-124,
 1578,-54,-224,230,98,83,-121,
 1579,-55,-242,232,103,86,-119,
 1580,-56,-239,232,107,73,-121,
 1581,-57,-236,217,98,89,-119,
 1582,-55,-224,218,104,88,-123,
 1583,-55,-238,230,106,81,-126,
 1584,-55,-216,221,106,75,-128,
 1585,-57,-215,221,99,82,-129,
 1586,-56,-250,216,113,84,-124,
 1587,-53,-232,217,108,78,-132,
 1588,-56,-241,221,103,80,-125,
 1589,-55,-226,221,102,77,-124,
 1590,-55,-238,225,102,81,-123,
 1591,-55,-235,212,98,86,-119,
 1592,-55,-233,220,101,85,-114,
 1593,-55,-231,230,100,77,-120,
 1594,-52,-226,227,97,69,-113,
 1595,-56,-236,216,104,80,-112,
 1596,-59,-224,216,105,80,-122,
 1597,-60,-239,230,106,73,-112,
 1598,-62,-228,218,108,83,-111,
 1599,-59,-235,217,98,84,-109,
 1600,-54,-232,223,103,84,-115,
 1601,-56,-222,228,112,81,-116,
 1602,-52,-251,216,104,85,-118,
 1603,-54,-232,228,105,87,-110,
 1604,-56,-235,216,103,87,-112,
 1605,-58,-232,227,104,85,-116,
 1606,-61,-225,225,102,91,-114,
 1607,-57,-231,220,101,95,-116,
 1608,-54,-235,228,100,93,-112,
 1609,-57,-239,222,112,84,-111,
 1610,-56,-225,213,102,86,-115,
 1611,-61,-233,221,101,101,-114,
 1612,-57,-229,219,100,87,-111,
 1613,-56,-241,210,108,84,-109,
 1614,-58,-241,221,109,85,-111,
 1615,-57,-235,223,109,90,-115,
 1616,-58,-233,213,110,82,-112,
 1617,-55,-223,219,103,86,-103,
 1618,-58,-232,220,114,86,-106,
 1619,-62,-222,223,104,89,-110,
 1620,-58,-241,217,111,86,-102,
 1621,-57,-229,232,115,87,-110,
 1622,-56,-250,230,112,88,-105,
 1623,-59,-227,215,103,85,-101,
 1624,-60,-234,228,108,85,-104,
 1625,-56,-232,226,99,91,-95,
 1626,-55,-230,221,107,85,-101,
 1627,-58,-250,222,113,93,-97,
 1628,-57,-228,221,123,88,-96,
 1629,-59,-232,218,115,75,-98,
 1630,-54,-222,216,120,83,-106,
 1631,-60,-229,219,118,82,-103,
 1632,-56,-221,224,116,85,-107,
 1633,-62,-238,210,104,74,-106,
 1634,-62,-228,220,112,88,-97,
 1635,-61,-233,224,115,90,-104,
 1636,-59,-215,231,115,90,-103,
 1637,-59,-243,218,123,94,-111,
 1638,-61,-224,223,123,86,-117,
 1639,-59,-227,226,132,81,-105,
 1640,-62,-213,222,128,88,-107,
 1641,-63,-230,212,134,90,-104,
 1642,-65,-223,217,123,91,-109,
 1643,-62,-226,222,122,102,-105,
 1644,-58,-221,221,115,97,-106,
 1645,-61,-230,217,111,84,-111,
 1646,-61,-246,211,118,91,-104,
 1647,-66,-228,227,119,94,-104,
 1648,-59,-229,224,129,95,-108,
 1649,-61,-224,226,125,101,-108,
 1650,-61,-240,228,125,86,-101,
 1651,-58,-212,225,116,88,-105,
 1652,-60,-227,214,122,92,-98,
 1653,-62,-216,217,124,99,-106,
 1654,-54,-243,223,115,91,-104,
 1655,-61,-220,217,115,91,-108,
 1656,-63,-244,220,116,87,-105,
 1657,-60,-213,223,121,77,-102,
 1658,-65,-236,226,129,74,-103,
 1659,-63,-226,213,124,92,-102,
 1660,-65,-239,221,123,83,-102,
 1661,-63,-213,215,127,87,-106,
 1662,-62,-232,214,124,92,-100,
 1663,-62,-220,214,128,82,-98,
 1664,-63,-231,215,123,91,-107,
 1665,-63,-231,221,131,102,-100,
 1666,-66,-236,211,125,99,-98,
 1667,-63,-222,215,123,95,-105,
 1668,-66,-247,223,108,79,-100,
 1669,-64,-209,221,117,89,-101,
 1670,-60,-225,217,120,99,-106,
 1671,-64,-225,212,115,98,-109,
 1672,-64,-225,212,122,97,-108,
 1673,-61,-238,215,128,111,-105,
 1674,-61,-222,217,127,92,-105,
 1675,-63,-235,221,115,91,-101,
 1676,-59,-231,224,110,95,-110,
 1677,-62,-218,222,111,89,-115,
 1678,-63,-216,223,111,91,-112,
 1679,-61,-239,221,116,96,-113,
 1680,-61,-224,223,121,96,-110,
 1681,-63,-230,219,130,105,-108,
 1682,-66,-205,216,123,94,-103,
 1683,-66,-219,207,117,95,-102,
 1684,-60,-216,203,110,96,-101,
 1685,-68,-229,209,117,81,-108,
 1686,-65,-219,215,118,97,-110,
 1687,-68,-230,225,126,94,-104,
 1688,-63,-214,208,122,89,-99,
 1689,-67,-233,221,123,98,-103,
 1690,-66,-209,217,120,91,-99,
 1691,-67,-233,223,122,91,-98,
 1692,-64,-206,211,117,87,-100,
 1693,-63,-239,226,128,84,-101,
 1694,-63,-210,222,122,87,-100,
 1695,-62,-228,209,119,92,-99,
 1696,-58,-221,221,125,88,-99,
 1697,-62,-220,215,112,95,-98,
 1698,-65,-211,210,108,78,-96,
 1699,-65,-228,219,121,95,-95,
 1700,-61,-214,220,122,90,-92,
 1701,-64,-237,225,121,87,-94,
 1702,-62,-204,226,126,85,-95,
 1703,-70,-216,219,119,89,-94,
 1704,-67,-220,227,115,98,-92,
 1705,-69,-228,218,128,86,-87,
 1706,-67,-207,227,116,94,-89,
 1707,-67,-239,223,115,90,-91,
 1708,-67,-204,222,126,90,-88,
 1709,-63,-238,225,123,102,-86,
 1710,-65,-213,218,123,95,-84,
 1711,-64,-238,223,133,87,-81,
 1712,-66,-210,224,125,101,-83,
 1713,-67,-225,219,126,97,-86,
 1714,-62,-213,216,119,101,-86,
 1715,-62,-228,207,129,88,-93,
 1716,-66,-224,212,137,90,-91,
 1717,-62,-221,226,134,94,-85,
 1718,-63,-216,215,134,86,-90,
 1719,-58,-213,203,127,75,-82,
 1720,-61,-206,207,123,83,-88,
 1721,-64,-211,212,124,99,-86,
 1722,-70,-224,209,136,88,-87,
 1723,-60,-204,214,142,93,-93,
 1724,-65,-218,219,136,88,-93,
 1725,-63,-221,218,128,75,-89,
 1726,-63,-217,220,128,99,-88,
 1727,-71,-217,215,130,87,-90,
 1728,-71,-206,223,130,103,-91,
 1729,-69,-201,222,133,86,-91,
 1730,-68,-209,214,124,92,-85,
 1731,-67,-219,213,113,85,-74,
 1732,-65,-219,224,124,88,-51,
 1733,-64,-213,213,125,101,-24,
 1734,-63,-198,213,132,82,2,
 1735,-69,-221,220,140,95,41,
 1736,-69,-218,223,135,93,73,
 1737,-70,-224,217,127,75,58,
 1738,-67,-191,221,125,84,76,
 1739,-65,-209,226,126,89,89,
 1740,-71,-206,213,120,102,81,
 1741,-69,-213,228,129,95,78,
 1742,-68,-213,222,131,105,82,
 1743,-67,-216,207,125,105,78,
 1744,-63,-200,215,125,102,79,
 1745,-68,-224,226,110,99,80,
 1746,-67,-213,223,123,90,82,
 1747,-69,-226,225,120,105,87,
 1748,-61,-202,221,128,95,93,
 1749,-65,-224,218,118,99,89,
 1750,-61,-196,210,121,87,87,
 1751,-63,-224,221,121,87,90,
 1752,-62,-210,220,122,106,95,
 1753,-62,-236,222,131,101,94,
 1754,-68,-184,221,127,101,96,
 1755,-65,-230,219,124,85,101,
 1756,-67,-208,203,116,82,103,
 1757,-71,-219,212,115,75,103,
 1758,-71,-200,223,122,75,101,
 1759,-68,-207,220,125,89,112,
 1760,-69,-214,220,132,82,110,
 1761,-67,-201,216,123,101,105,
 1762,-70,-205,221,117,90,112,
 1763,-63,-199,220,108,88,110,
 1764,-70,-198,206,124,83,110,
 1765,-69,-201,211,135,90,119,
 1766,-65,-213,217,131,87,111,
 1767,-65,-203,218,124,108,114,
 1768,-63,-208,217,124,93,112,
 1769,-66,-189,206,118,90,122,
 1770,-66,-218,219,127,99,115,
 1771,-67,-197,221,128,94,118,
 1772,-70,-213,211,132,96,124,
 1773,-68,-198,227,132,82,124,
 1774,-69,-208,213,140,100,124,
 1775,-68,-196,223,121,73,126,
 1776,-67,-210,212,136,93,134,
 1777,-66,-191,220,147,87,130,
 1778,-70,-215,216,152,88,134,
 1779,-72,-197,214,140,90,134,
 1780,-64,-198,221,132,82,130,
 1781,-68,-186,219,132,95,127,
 1782,-71,-204,218,138,71,124,
 1783,-71,-196,218,148,77,124,
 1784,-60,-196,216,144,81,122,
 1785,-61,-197,212,138,103,116,
 1786,-64,-189,217,115,89,117,
 1787,-62,-199,208,129,95,117,
 1788,-61,-195,207,142,88,115,
 1789,-69,-193,217,138,93,112,
 1790,-66,-188,206,130,88,112,
 1791,-63,-204,215,123,79,115,
 1792,-66,-181,220,126,87,113,
 1793,-70,-207,221,135,75,109,
 1794,-64,-195,217,149,92,109,
 1795,-64,-202,220,127,93,112,
 1796,-71,-177,221,125,89,117,
 1797,-69,-182,209,120,81,116,
 1798,-70,-198,210,129,96,112,
 1799,-73,-201,206,134,90,107,
 1800,-64,-194,217,119,87,111,
 1801,-60,-180,216,127,94,114,
 1802,-65,-202,211,112,81,114,
 1803,-64,-183,210,128,85,113,
 1804,-63,-204,218,137,75,113,
 1805,-58,-180,218,130,85,109,
 1806,-63,-202,213,124,84,110,
 1807,-68,-182,208,115,80,106,
 1808,-69,-182,209,113,79,110,
 1809,-63,-190,221,126,87,107,
 1810,-67,-177,213,125,85,106,
 1811,-70,-205,211,127,88,112,
 1812,-60,-183,216,122,89,106,
 1813,-70,-201,225,121,78,115,
 1814,-68,-188,224,122,99,108,
 1815,-72,-195,218,126,84,109,
 1816,-64,-175,217,117,89,110,
 1817,-66,-181,217,122,73,108,
 1818,-67,-190,200,122,90,111,
 1819,-64,-173,210,119,76,110,
 1820,-67,-196,216,116,93,110,
 1821,-61,-181,208,132,82,101,
 1822,-65,-190,213,120,79,104,
 1823,-66,-180,213,120,85,108,
 1824,-60,-186,211,123,75,105,
 1825,-64,-190,216,118,84,110,
 1826,-62,-172,217,135,82,104,
 1827,-68,-198,205,130,90,99,
 1828,-66,-181,207,129,71,105,
 1829,-67,-195,211,125,84,95,
 1830,-66,-179,218,122,90,101,
 1831,-61,-180,217,146,83,104,
 1832,-68,-197,212,148,92,97,
 1833,-69,-172,210,136,89,99,
 1834,-69,-191,217,134,84,105,
 1835,-69,-182,218,121,84,96,
 1836,-66,-181,220,122,84,94,
 1837,-60,-177,225,144,76,96,
 1838,-63,-162,221,144,67,100,
 1839,-63,-184,219,142,72,103,
 1840,-64,-167,217,134,77,97,
 1841,-63,-185,216,119,93,101,
 1842,-64,-168,218,129,77,101,
 1843,-59,-173,211,139,87,103,
 1844,-61,-191,218,128,64,99,
 1845,-62,-177,208,137,85,107,
 1846,-56,-180,209,118,60,101,
 1847,-67,-170,212,126,68,101,
 1848,-67,-184,218,113,75,106,
 1849,-66,-180,213,134,73,106,
 1850,-65,-169,204,131,88,113,
 1851,-61,-179,205,125,78,108,
 1852,-66,-177,214,124,85,109,
 1853,-69,-182,215,126,89,108,
 1854,-69,-186,207,133,79,109,
 1855,-64,-171,219,128,87,115,
 1856,-63,-173,219,122,64,118,
 1857,-61,-179,212,119,86,117,
 1858,-59,-168,214,115,71,122,
 1859,-57,-179,214,129,73,112,
 1860,-65,-162,217,128,77,117,
 1861,-65,-166,212,122,76,116,
 1862,-65,-168,215,119,66,119,
 1863,-59,-165,204,119,68,114,
 1864,-63,-173,213,120,87,114,
 1865,-61,-158,204,123,70,118,
 1866,-62,-161,215,128,68,117,
 1867,-66,-171,219,124,65,113,
 1868,-67,-165,220,118,59,113,
 1869,-60,-158,219,117,69,115,
 1870,-65,-169,204,123,68,123,
 1871,-66,-170,206,124,77,124,
 1872,-66,-165,213,118,73,117,
 1873,-67,-174,207,114,66,116,
 1874,-64,-160,220,120,58,116,
 1875,-58,-164,209,127,68,110,
 1876,-64,-167,222,125,78,121,
 1877,-64,-154,211,124,88,124,
 1878,-58,-165,209,117,78,117,
 1879,-59,-152,210,124,73,116,
 1880,-60,-159,216,124,59,134,
 1881,-64,-168,219,127,78,132,
 1882,-59,-157,219,126,68,120,
 1883,-60,-161,214,133,80,126,
 1884,-65,-181,213,125,73,124,
 1885,-63,-160,213,119,63,117,
 1886,-63,-160,212,110,65,128,
 1887,-63,-171,208,125,64,118,
 1888,-61,-155,217,125,73,117,
 1889,-60,-145,208,132,81,117,
 1890,-64,-169,220,150,76,114,
 1891,-55,-162,216,125,82,108,
 1892,-64,-148,217,112,63,111,
 1893,-57,-161,200,122,61,108,
 1894,-60,-151,202,121,73,114,
 1895,-58,-147,211,140,57,117,
 1896,-60,-169,212,132,53,118,
 1897,-56,-156,223,127,71,107,
 1898,-59,-151,218,126,67,109,
 1899,-57,-166,218,113,61,109,
 1900,-56,-162,213,128,61,110,
 1901,-55,-155,204,131,58,108,
 1902,-59,-148,202,119,52,110,
 1903,-60,-153,209,114,59,107,
 1904,-54,-134,213,117,71,110,
 1905,-60,-156,210,114,76,111,
 1906,-60,-163,209,134,58,106,
 1907,-64,-151,214,135,67,102,
 1908,-56,-152,202,120,52,102,
 1909,-55,-153,208,108,42,101,
 1910,-60,-145,203,114,53,105,
 1911,-61,-146,208,118,60,104,
 1912,-54,-159,208,122,65,100,
 1913,-60,-159,210,118,67,98,
 1914,-57,-148,211,124,58,103,
 1915,-59,-155,213,111,66,105,
 1916,-60,-164,205,106,77,108,
 1917,-56,-145,198,109,63,108,
 1918,-55,-150,200,109,73,110,
 1919,-55,-151,199,114,75,106,
 1920,-55,-148,209,120,67,111,
 1921,-57,-141,199,111,67,105,
 1922,-53,-142,212,111,76,109,
 1923,-57,-153,201,111,63,104,
 1924,-54,-140,204,101,47,101,
 1925,-53,-156,210,107,65,106,
 1926,-56,-149,206,114,53,100,
 1927,-53,-166,199,114,58,100,
 1928,-57,-145,199,116,60,98,
 1929,-54,-150,192,111,66,98,
 1930,-60,-152,192,108,66,99,
 1931,-56,-143,198,105,49,101,
 1932,-56,-142,207,102,40,104,
 1933,-59,-146,204,112,46,111,
 1934,-53,-147,205,102,66,111,
 1935,-54,-140,206,105,55,109,
 1936,-54,-140,205,102,63,112,
 1937,-54,-134,193,108,63,109,
 1938,-55,-146,203,100,52,110,
 1939,-60,-142,200,95,52,109,
 1940,-58,-136,197,104,52,114,
 1941,-53,-130,203,112,54,118,
 1942,-50,-150,199,114,64,110,
 1943,-49,-136,209,110,64,114,
 1944,-55,-145,201,104,60,113,
 1945,-55,-134,208,95,54,113,
 1946,-55,-141,207,97,55,116,
 1947,-54,-145,208,104,67,109,
 1948,-53,-130,204,109,61,111,
 1949,-50,-141,203,114,60,108,
 1950,-56,-136,202,110,57,109,
 1951,-51,-146,200,117,58,107,
 1952,-51,-144,199,116,57,108,
 1953,-49,-130,203,103,70,116,
 1954,-46,-130,200,105,59,110,
 1955,-48,-143,205,109,51,108,
 1956,-53,-142,200,110,46,118,
 1957,-48,-145,213,116,64,115,
 1958,-54,-137,211,128,64,107,
 1959,-52,-140,211,128,58,103,
 1960,-53,-135,202,125,49,108,
 1961,-56,-143,196,118,49,101,
 1962,-53,-137,197,113,60,106,
 1963,-53,-144,187,103,60,103,
 1964,-50,-136,195,108,63,96,
 1965,-49,-135,191,110,60,102,
 1966,-49,-137,197,106,62,92,
 1967,-53,-139,193,124,57,100,
 1968,-52,-135,194,119,54,105,
 1969,-54,-132,206,122,52,104,
 1970,-49,-133,202,114,70,105,
 1971,-46,-129,212,109,61,98,
 1972,-53,-142,212,105,54,106,
 1973,-52,-132,205,107,58,107,
 1974,-48,-125,206,100,54,101,
 1975,-49,-134,203,113,56,105,
 1976,-53,-142,195,116,48,102,
 1977,-52,-128,188,117,57,108,
 1978,-44,-121,194,115,60,102,
 1979,-50,-120,187,108,61,102,
 1980,-45,-131,192,103,51,98,
 1981,-46,-135,184,107,49,100,
 1982,-47,-137,189,104,61,105,
 1983,-49,-137,190,101,57,100,
 1984,-49,-132,189,105,54,97,
 1985,-51,-138,192,98,59,100,
 1986,-53,-127,207,98,51,93,
 1987,-46,-130,201,111,49,99,
 1988,-50,-132,203,107,50,93,
 1989,-44,-136,199,96,52,100,
 1990,-46,-126,197,99,55,101,
 1991,-45,-133,199,94,46,93,
 1992,-49,-130,200,99,41,94,
 1993,-48,-135,195,88,56,88,
 1994,-53,-135,193,94,46,88,
 1995,-49,-127,192,111,54,92,
 1996,-44,-131,181,106,55,90,
 1997,-47,-133,184,103,43,85,
 1998,-49,-131,194,109,44,89,
 1999,-50,-132,186,106,51,88,
 2000,-49,-128,197,100,56,87,
 2001,-49,-131,194,93,58,87,
 2002,-46,-135,194,96,51,82,
 2003,-43,-132,188,89,42,81,
 2004,-49,-127,186,90,42,88,
 2005,-51,-120,195,91,48,86,
 2006,-42,-125,193,98,50,80,
 2007,-44,-123,190,96,57,79,
 2008,-45,-116,191,95,46,80,
 2009,-48,-126,194,98,39,78,
 2010,-50,-130,196,98,42,77,
 2011,-46,-129,188,89,44,76,
 2012,-46,-124,183,91,51,77,
 2013,-44,-126,189,95,62,87,
 2014,-46,-124,189,91,48,86,
 2015,-42,-120,195,88,51,87,
 2016,-43,-122,189,87,37,85,
 2017,-47,-127,187,91,61,81,
 2018,-44,-117,183,90,50,81,
 2019,-44,-121,183,89,48,83,
 2020,-46,-126,187,89,59,83,
 2021,-43,-131,186,90,52,82,
 2022,-43,-128,184,91,41,83,
 2023,-43,-127,181,93,51,83,
 2024,-42,-123,176,94,53,76,
 2025,-40,-124,190,85,58,76,
 2026,-41,-114,189,95,45,82,
 2027,-43,-120,191,85,45,79,
 2028,-42,-123,189,87,40,82,
 2029,-48,-115,186,90,39,83,
 2030,-44,-129,189,82,47,85,
 2031,-46,-127,188,88,50,85,
 2032,-42,-122,186,91,45,78,
 2033,-41,-112,186,88,48,83,
 2034,-47,-117,183,83,45,79,
 2035,-48,-119,185,84,51,86,
 2036,-44,-116,187,80,48,80,
 2037,-40,-117,186,86,45,85,
 2038,-44,-111,188,81,45,87,
 2039,-45,-125,193,79,41,83,
 2040,-40,-119,190,84,42,80,
 2041,-42,-114,183,84,46,78,
 2042,-47,-118,185,79,43,85,
 2043,-40,-124,191,86,43,79,
 2044,-40,-119,185,83,40,80,
 2045,-43,-129,194,82,38,86,
 2046,-37,-115,180,86,33,87,
 2047,-42,-117,185,86,42,85,
 2048,-42,-112,185,86,41,79,
 2049,-41,-109,189,84,44,76,
 2050,-42,-110,188,83,37,77,
 2051,-40,-113,185,88,33,81,
 2052,-45,-111,190,88,43,82,
 2053,-41,-110,186,86,43,79,
 2054,-45,-116,183,82,42,79,
 2055,-40,-109,180,78,42,75,
 2056,-42,-114,183,85,35,72,
 2057,-37,-109,184,80,34,74,
 2058,-42,-114,177,79,36,74,
 2059,-38,-113,185,84,34,73,
 2060,-44,-113,182,84,37,74,
 2061,-41,-107,185,78,37,73,
 2062,-41,-121,184,83,38,75,
 2063,-41,-112,185,78,30,74,
 2064,-37,-111,179,79,29,71,
 2065,-43,-118,184,83,36,68,
 2066,-39,-109,183,76,34,72,
 2067,-40,-117,185,76,35,72,
 2068,-42,-107,178,81,37,66,
 2069,-38,-113,180,75,34,69,
 2070,-41,-120,186,79,39,72,
 2071,-42,-105,186,81,33,72,
 2072,-37,-108,184,76,29,67,
 2073,-39,-115,186,75,32,65,
 2074,-41,-116,188,75,37,66,
 2075,-37,-113,187,77,34,64,
 2076,-37,-118,185,80,29,68,
 2077,-39,-113,186,78,33,66,
 2078,-38,-107,181,79,34,68,
 2079,-36,-108,184,80,35,68,
 2080,-39,-116,189,79,34,68,
 2081,-41,-112,194,74,30,72,
 2082,-42,-108,191,72,34,70,
 2083,-39,-108,183,69,38,69,
 2084,-38,-107,185,71,36,67,
 2085,-39,-111,176,74,32,66,
 2086,-41,-110,185,75,32,68,
 2087,-39,-104,183,70,31,66,
 2088,-37,-102,187,71,33,70,
 2089,-36,-110,190,75,37,66,
 2090,-40,-114,180,72,32,66,
 2091,-41,-113,184,74,31,71,
 2092,-41,-109,180,77,33,69,
 2093,-41,-102,182,72,34,68,
 2094,-37,-104,193,77,33,74,
 2095,-37,-107,193,74,35,70,
 2096,-37,-115,193,75,35,67,
 2097,-38,-116,199,72,38,72,
 2098,-40,-114,202,73,40,71,
