 0,21,11,-92,-26,-41,-46,
 1,22,12,-91,-27,-42,-46,
 2,22,11,-90,-26,-42,-46,
 3,21,11,-90,-26,-41,-45,
 4,22,11,-91,-26,-41,-46,
 5,21,11,-91,-26,-42,-47,
 6,21,12,-91,-26,-41,-46,
 7,21,11,-91,-27,-41,-46,
 8,21,11,-91,-27,-42,-45,
 9,21,12,-91,-27,-41,-46,
 10,21,11,-91,-26,-41,-46,
 11,21,11,-90,-26,-41,-46,
 12,21,10,-90,-26,-42,-46,
 13,22,11,-90,-25,-42,-46,
 14,22,11,-90,-26,-42,-46,
 15,21,11,-89,-26,-42,-46,
 16,21,12,-89,-27,-41,-46,
 17,22,12,-89,-25,-41,-46,
 18,21,11,-88,-26,-42,-47,
 19,22,11,-89,-27,-41,-47,
 20,22,11,-87,-26,-41,-48,
 21,21,11,-86,-26,-41,-47,
 22,22,10,-85,-26,-40,-47,
 23,21,10,-84,-26,-40,-48,
 24,21,11,-82,-27,-40,-49,
 25,21,10,-80,-27,-39,-51,
 26,21,10,-77,-27,-39,-52,
 27,21,10,-74,-27,-38,-54,
 28,20,9,-70,-27,-39,-56,
 29,21,9,-67,-28,-37,-58,
 30,21,9,-63,-27,-37,-62,
 31,21,7,-57,-28,-36,-66,
 32,21,6,-51,-29,-34,-71,
 33,21,5,-45,-29,-31,-77,
 34,20,3,-39,-30,-29,-82,
 35,20,2,-30,-30,-26,-90,
 36,20,0,-21,-31,-23,-98,
 37,19,0,-12,-31,-21,-106,
 38,20,-3,-3,-32,-18,-115,
 39,20,-6,4,-32,-14,-125,
 40,19,-8,18,-33,-12,-137,
 41,19,-9,25,-33,-8,-144,
 42,18,-9,28,-34,-6,-152,
 43,18,-10,35,-35,-4,-156,
 44,17,-11,42,-36,0,-142,
 45,18,-11,49,-35,0,-134,
 46,15,-11,57,-37,5,-129,
 47,13,-11,53,-37,7,-128,
 48,11,-11,50,-38,9,-129,
 49,11,-12,51,-38,11,-128,
 50,10,-11,48,-39,13,-129,
 51,8,-11,56,-40,14,-128,
 52,6,-11,66,-40,16,-128,
 53,6,-12,67,-41,17,-127,
 54,4,-11,68,-43,18,-125,
 55,3,-12,73,-43,18,-123,
 56,1,-12,72,-45,18,-124,
 57,0,-15,75,-47,17,-126,
 58,-3,-15,80,-50,20,-129,
 59,-4,-18,79,-52,20,-130,
 60,-6,-22,89,-55,20,-129,
 61,-7,-25,95,-57,20,-126,
 62,-8,-22,96,-58,21,-121,
 63,-9,-22,104,-57,22,-122,
 64,-11,-22,101,-58,23,-128,
 65,-12,-19,104,-58,25,-132,
 66,-13,-19,100,-58,26,-134,
 67,-15,-17,94,-59,28,-130,
 68,-15,-16,99,-58,30,-126,
 69,-15,-16,100,-58,31,-126,
 70,-16,-18,97,-58,33,-131,
 71,-15,-18,100,-57,34,-134,
 72,-16,-21,99,-58,34,-130,
 73,-16,-29,96,-58,33,-121,
 74,-15,-41,101,-57,33,-124,
 75,-16,-44,102,-57,31,-130,
 76,-17,-47,99,-57,32,-126,
 77,-19,-47,95,-57,32,-122,
 78,-20,-37,98,-56,33,-128,
 79,-20,-36,104,-57,34,-131,
 80,-21,-41,104,-55,36,-124,
 81,-21,-49,101,-55,38,-120,
 82,-22,-53,98,-55,38,-126,
 83,-21,-58,95,-54,37,-122,
 84,-22,-60,92,-53,36,-121,
 85,-22,-59,94,-52,34,-129,
 86,-22,-60,97,-50,31,-121,
 87,-21,-61,96,-47,32,-117,
 88,-20,-65,100,-44,33,-122,
 89,-21,-66,100,-40,35,-115,
 90,-21,-62,98,-36,36,-121,
 91,-20,-63,99,-30,38,-125,
 92,-22,-66,99,-23,38,-121,
 93,-23,-66,88,-16,36,-129,
 94,-24,-64,97,-8,33,-122,
 95,-24,-59,89,-1,32,-123,
 96,-24,-62,96,4,33,-113,
 97,-23,-63,91,11,36,-119,
 98,-22,-60,96,15,37,-116,
 99,-20,-56,94,17,37,-126,
 100,-20,-60,89,23,36,-119,
 101,-21,-60,96,22,34,-123,
 102,-23,-56,94,19,31,-117,
 103,-24,-56,102,21,31,-121,
 104,-26,-61,97,23,32,-117,
 105,-27,-63,98,29,34,-123,
 106,-27,-60,95,33,34,-126,
 107,-27,-65,92,40,35,-122,
 108,-27,-65,90,44,34,-125,
 109,-28,-61,92,43,31,-118,
 110,-30,-65,93,42,31,-121,
 111,-32,-64,94,43,34,-127,
 112,-34,-62,98,41,35,-121,
 113,-35,-66,95,40,37,-124,
 114,-36,-63,90,41,35,-126,
 115,-36,-62,95,43,32,-125,
 116,-36,-62,95,45,31,-123,
 117,-38,-53,91,49,32,-127,
 118,-39,-57,92,50,36,-129,
 119,-41,-55,91,50,37,-124,
 120,-40,-59,88,49,35,-118,
 121,-38,-60,88,48,34,-125,
 122,-38,-60,86,50,31,-131,
 123,-39,-64,86,55,30,-133,
 124,-42,-60,87,56,33,-126,
 125,-42,-66,89,57,37,-122,
 126,-41,-62,87,53,38,-119,
 127,-37,-67,86,54,37,-117,
 128,-37,-61,89,56,33,-118,
 129,-40,-63,92,58,32,-123,
 130,-40,-57,86,56,33,-128,
 131,-38,-58,87,56,36,-125,
 132,-38,-58,90,60,39,-121,
 133,-41,-58,89,62,39,-123,
 134,-44,-62,88,58,36,-118,
 135,-43,-59,88,57,33,-118,
 136,-40,-68,93,61,33,-117,
 137,-40,-64,88,61,35,-119,
 138,-42,-67,90,57,38,-118,
 139,-43,-66,93,63,37,-113,
 140,-40,-56,93,59,36,-117,
 141,-41,-58,94,57,36,-114,
 142,-45,-61,89,60,33,-118,
 143,-45,-60,94,57,30,-117,
 144,-42,-62,94,59,30,-116,
 145,-42,-68,92,61,32,-107,
 146,-45,-67,96,59,33,-112,
 147,-42,-63,96,64,34,-119,
 148,-40,-64,95,59,35,-115,
 149,-43,-61,97,64,34,-114,
 150,-44,-62,92,61,32,-114,
 151,-40,-61,92,66,31,-115,
 152,-42,-65,93,59,30,-115,
 153,-45,-73,88,64,30,-111,
 154,-40,-73,92,60,30,-113,
 155,-43,-68,85,64,31,-114,
 156,-46,-61,88,59,31,-110,
 157,-41,-58,94,64,33,-112,
 158,-43,-64,90,61,34,-111,
 159,-47,-72,94,61,35,-107,
 160,-44,-74,91,65,34,-111,
 161,-46,-76,98,63,34,-105,
 162,-47,-71,96,60,34,-106,
 163,-43,-69,94,66,33,-106,
 164,-45,-69,93,62,34,-108,
 165,-46,-72,99,61,33,-108,
 166,-44,-72,92,64,31,-108,
 167,-49,-73,94,66,29,-114,
 168,-45,-65,92,66,24,-111,
 169,-46,-59,97,63,17,-110,
 170,-45,-58,95,59,8,-106,
 171,-43,-60,90,59,0,-108,
 172,-48,-63,93,63,-6,-113,
 173,-43,-64,92,62,-13,-114,
 174,-49,-62,91,64,-14,-108,
 175,-47,-61,91,66,-18,-110,
 176,-47,-67,94,67,-23,-108,
 177,-46,-69,91,66,-32,-105,
 178,-45,-66,92,68,-28,-105,
 179,-48,-59,94,70,-27,-111,
 180,-43,-58,90,68,-29,-110,
 181,-48,-72,93,66,-29,-109,
 182,-43,-75,99,60,-28,-110,
 183,-49,-70,94,60,-31,-107,
 184,-45,-68,89,61,-33,-107,
 185,-51,-76,94,69,-32,-107,
 186,-44,-74,97,69,-28,-107,
 187,-50,-79,99,68,-30,-108,
 188,-44,-81,97,71,-41,-107,
 189,-51,-67,97,80,-56,-105,
 190,-46,-75,100,71,-57,-103,
 191,-49,-74,98,72,-60,-104,
 192,-45,-67,98,76,-66,-101,
 193,-49,-65,95,68,-69,-104,
 194,-47,-60,95,77,-64,-102,
 195,-45,-67,102,69,-65,-102,
 196,-48,-66,98,77,-66,-101,
 197,-44,-66,101,71,-65,-102,
 198,-52,-64,91,77,-69,-106,
 199,-45,-75,97,70,-65,-103,
 200,-48,-69,96,75,-68,-108,
 201,-50,-62,95,80,-66,-107,
 202,-48,-71,98,78,-66,-104,
 203,-53,-75,96,76,-67,-105,
 204,-47,-77,95,79,-65,-107,
 205,-47,-75,101,83,-69,-110,
 206,-49,-76,98,85,-68,-111,
 207,-44,-85,92,83,-70,-107,
 208,-49,-81,99,84,-70,-104,
 209,-51,-76,100,82,-66,-105,
 210,-47,-80,97,76,-75,-109,
 211,-52,-73,96,82,-74,-112,
 212,-51,-71,104,77,-76,-110,
 213,-46,-69,93,79,-82,-110,
 214,-52,-68,98,81,-72,-117,
 215,-51,-69,102,78,-75,-118,
 216,-46,-70,98,79,-80,-119,
 217,-50,-73,91,79,-83,-117,
 218,-54,-70,95,84,-81,-113,
 219,-51,-78,100,79,-73,-121,
 220,-48,-84,102,77,-73,-123,
 221,-51,-79,91,81,-79,-124,
 222,-51,-85,99,81,-78,-123,
 223,-48,-88,98,80,-77,-119,
 224,-46,-81,99,84,-83,-130,
 225,-50,-84,93,85,-82,-132,
 226,-50,-85,98,82,-83,-127,
 227,-52,-66,101,89,-77,-123,
 228,-47,-66,105,90,-81,-129,
 229,-46,-71,99,88,-82,-130,
 230,-51,-71,102,92,-77,-123,
 231,-52,-73,100,90,-79,-124,
 232,-50,-77,104,92,-80,-124,
 233,-47,-71,106,90,-79,-118,
 234,-46,-79,105,88,-83,-121,
 235,-48,-77,99,92,-87,-119,
 236,-49,-84,105,99,-76,-124,
 237,-52,-85,102,91,-85,-115,
 238,-50,-79,105,95,-88,-119,
 239,-49,-84,107,92,-77,-126,
 240,-48,-76,100,90,-90,-120,
 241,-48,-76,103,92,-84,-120,
 242,-49,-74,101,89,-83,-118,
 243,-49,-74,99,85,-81,-120,
 244,-48,-77,108,94,-88,-116,
 245,-54,-70,106,98,-89,-113,
 246,-53,-73,103,99,-85,-122,
 247,-55,-76,99,94,-86,-117,
 248,-55,-73,114,96,-82,-120,
 249,-55,-83,106,105,-90,-119,
 250,-50,-77,103,111,-84,-121,
 251,-54,-80,104,92,-87,-127,
 252,-53,-75,104,95,-87,-123,
 253,-56,-68,104,103,-87,-117,
 254,-51,-74,100,107,-88,-117,
 255,-55,-77,111,103,-92,-113,
 256,-54,-73,110,101,-87,-111,
 257,-54,-78,108,105,-91,-117,
 258,-54,-84,103,99,-93,-111,
 259,-56,-74,103,106,-94,-112,
 260,-53,-88,97,107,-86,-120,
 261,-55,-82,103,110,-88,-117,
 262,-54,-81,105,115,-93,-120,
 263,-57,-75,99,110,-89,-115,
 264,-53,-80,104,116,-97,-112,
 265,-52,-66,104,120,-92,-113,
 266,-52,-79,103,122,-86,-110,
 267,-52,-73,110,111,-85,-121,
 268,-54,-80,108,116,-95,-117,
 269,-53,-82,101,112,-95,-115,
 270,-55,-88,107,113,-92,-121,
 271,-57,-76,107,104,-92,-113,
 272,-58,-86,98,111,-93,-117,
 273,-58,-76,109,112,-92,-115,
 274,-52,-84,106,119,-99,-117,
 275,-51,-74,99,115,-101,-116,
 276,-56,-83,105,134,-94,-110,
 277,-55,-74,107,134,-87,-108,
 278,-58,-80,110,139,-101,-109,
 279,-60,-83,110,133,-98,-105,
 280,-54,-92,110,124,-99,-111,
 281,-56,-86,105,114,-99,-109,
 282,-59,-86,102,112,-100,-112,
 283,-51,-84,101,127,-102,-106,
 284,-50,-86,110,127,-97,-114,
 285,-52,-74,99,122,-97,-109,
 286,-56,-78,98,132,-105,-110,
 287,-56,-87,107,132,-96,-107,
 288,-50,-82,106,135,-97,-109,
 289,-52,-84,104,123,-98,-113,
 290,-56,-86,109,109,-104,-107,
 291,-51,-80,112,119,-101,-116,
 292,-51,-83,107,121,-102,-110,
 293,-57,-78,103,128,-113,-113,
 294,-57,-87,112,132,-108,-120,
 295,-54,-90,108,133,-107,-113,
 296,-61,-89,114,129,-103,-116,
 297,-57,-98,111,126,-115,-110,
 298,-56,-85,107,120,-98,-107,
 299,-59,-83,106,116,-103,-112,
 300,-59,-94,102,119,-105,-108,
 301,-52,-81,111,122,-104,-117,
 302,-56,-91,105,121,-97,-111,
 303,-52,-85,107,122,-112,-110,
 304,-59,-90,100,132,-104,-111,
 305,-57,-87,98,130,-99,-108,
 306,-57,-91,106,126,-113,-115,
 307,-59,-79,104,129,-103,-110,
 308,-57,-86,108,124,-103,-111,
 309,-63,-87,99,126,-112,-110,
 310,-56,-92,104,120,-100,-109,
 311,-58,-96,100,128,-106,-104,
 312,-61,-101,107,134,-105,-111,
 313,-58,-97,104,127,-103,-108,
 314,-55,-92,108,129,-116,-112,
 315,-59,-92,108,128,-103,-110,
 316,-60,-92,103,126,-101,-109,
 317,-61,-93,100,132,-108,-114,
 318,-61,-93,103,132,-99,-112,
 319,-58,-96,109,134,-115,-105,
 320,-60,-95,111,133,-102,-109,
 321,-63,-96,111,122,-112,-103,
 322,-58,-93,97,132,-109,-102,
 323,-60,-89,104,129,-100,-103,
 324,-56,-94,110,148,-116,-101,
 325,-61,-99,105,143,-98,-100,
 326,-52,-101,109,133,-116,-100,
 327,-61,-96,101,136,-106,-107,
 328,-58,-99,100,134,-114,-99,
 329,-55,-93,109,128,-106,-96,
 330,-62,-91,104,138,-119,-104,
 331,-55,-94,104,143,-107,-97,
 332,-54,-98,102,138,-116,-95,
 333,-58,-92,96,137,-106,-96,
 334,-54,-94,99,141,-114,-99,
 335,-57,-98,105,138,-105,-97,
 336,-64,-92,108,141,-113,-100,
 337,-55,-98,99,143,-110,-100,
 338,-62,-99,107,143,-124,-100,
 339,-62,-99,108,145,-105,-104,
 340,-61,-101,113,137,-125,-101,
 341,-57,-101,106,143,-102,-99,
 342,-65,-96,104,154,-123,-101,
 343,-62,-101,107,160,-105,-101,
 344,-60,-99,102,154,-121,-97,
 345,-64,-101,96,139,-102,-97,
 346,-65,-99,108,133,-111,-99,
 347,-58,-97,97,141,-108,-100,
 348,-58,-104,105,172,-119,-101,
 349,-66,-100,103,167,-122,-99,
 350,-65,-106,103,153,-105,-107,
 351,-59,-109,103,143,-124,-107,
 352,-58,-103,109,148,-116,-103,
 353,-62,-101,104,165,-109,-102,
 354,-63,-103,106,167,-123,-101,
 355,-65,-98,100,149,-111,-106,
 356,-63,-99,105,137,-115,-106,
 357,-57,-103,114,151,-117,-102,
 358,-60,-106,112,169,-117,-100,
 359,-66,-107,102,161,-126,-98,
 360,-61,-105,109,145,-121,-100,
 361,-63,-106,106,142,-111,-101,
 362,-59,-112,102,161,-108,-105,
 363,-65,-104,102,160,-119,-102,
 364,-57,-108,97,161,-109,-102,
 365,-57,-105,98,149,-115,-99,
 366,-55,-100,109,151,-132,-97,
 367,-54,-99,105,159,-104,-99,
 368,-62,-105,99,151,-120,-97,
 369,-62,-109,105,157,-116,-96,
 370,-63,-107,104,141,-109,-95,
 371,-66,-102,104,159,-119,-91,
 372,-66,-105,105,171,-125,-90,
 373,-65,-116,95,147,-125,-92,
 374,-62,-117,104,153,-110,-96,
 375,-62,-109,109,161,-112,-91,
 376,-67,-106,109,169,-117,-92,
 377,-68,-109,105,164,-123,-94,
 378,-66,-105,102,148,-117,-94,
 379,-62,-104,104,161,-116,-92,
 380,-62,-107,101,171,-114,-95,
 381,-66,-104,99,162,-121,-94,
 382,-64,-110,106,154,-115,-91,
 383,-60,-111,101,162,-118,-88,
 384,-60,-116,112,172,-126,-94,
 385,-66,-108,107,172,-119,-92,
 386,-67,-108,109,156,-120,-89,
 387,-64,-109,108,164,-112,-87,
 388,-62,-109,114,180,-118,-87,
 389,-70,-107,106,181,-122,-89,
 390,-69,-102,111,143,-130,-84,
 391,-68,-105,110,171,-125,-86,
 392,-66,-109,114,195,-127,-84,
 393,-62,-114,112,188,-115,-84,
 394,-64,-115,105,155,-114,-85,
 395,-62,-115,103,181,-114,-87,
 396,-61,-111,109,190,-126,-89,
 397,-58,-112,107,177,-123,-84,
 398,-63,-115,111,158,-124,-86,
 399,-65,-112,111,172,-115,-89,
 400,-64,-109,103,182,-133,-89,
 401,-65,-112,108,166,-124,-84,
 402,-66,-120,114,176,-123,-87,
 403,-59,-117,103,179,-122,-83,
 404,-61,-112,108,160,-131,-86,
 405,-69,-112,104,166,-136,-87,
 406,-69,-115,109,179,-128,-87,
 407,-70,-115,107,163,-122,-84,
 408,-65,-116,105,159,-130,-81,
 409,-65,-117,106,181,-123,-79,
 410,-67,-108,112,169,-142,-86,
 411,-70,-117,109,153,-120,-87,
 412,-66,-121,113,179,-128,-84,
 413,-69,-121,109,178,-125,-85,
 414,-67,-117,105,160,-134,-84,
 415,-67,-117,105,168,-127,-80,
 416,-64,-119,100,178,-133,-85,
 417,-65,-118,102,172,-140,-79,
 418,-67,-118,105,176,-116,-84,
 419,-57,-120,106,192,-122,-79,
 420,-59,-121,105,177,-121,-82,
 421,-67,-123,102,177,-128,-78,
 422,-64,-118,99,198,-122,-81,
 423,-63,-114,101,194,-123,-87,
 424,-63,-121,112,177,-130,-86,
 425,-67,-116,101,198,-136,-85,
 426,-67,-115,108,195,-139,-89,
 427,-67,-120,108,171,-127,-92,
 428,-71,-117,112,208,-122,-91,
 429,-65,-128,106,183,-129,-86,
 430,-67,-124,111,175,-123,-84,
 431,-71,-123,109,193,-127,-83,
 432,-62,-119,109,177,-126,-81,
 433,-68,-118,111,174,-124,-76,
 434,-68,-123,115,198,-126,-67,
 435,-66,-121,104,177,-123,-49,
 436,-67,-119,101,174,-121,-32,
 437,-66,-127,113,192,-125,-2,
 438,-66,-117,113,177,-120,26,
 439,-70,-115,114,173,-121,47,
 440,-68,-118,113,191,-126,63,
 441,-71,-122,100,171,-129,71,
 442,-68,-123,114,191,-136,83,
 443,-66,-122,112,194,-123,82,
 444,-66,-123,107,166,-126,89,
 445,-66,-125,105,202,-147,81,
 446,-65,-124,110,180,-130,84,
 447,-68,-115,112,178,-133,82,
 448,-63,-117,108,203,-132,79,
 449,-67,-124,111,170,-138,83,
 450,-65,-119,103,201,-136,81,
 451,-72,-128,105,208,-134,79,
 452,-63,-128,97,178,-135,85,
 453,-72,-132,106,210,-127,85,
 454,-68,-132,94,204,-136,84,
 455,-73,-123,110,200,-142,87,
 456,-66,-126,109,198,-133,88,
 457,-65,-128,109,186,-128,89,
 458,-73,-116,106,204,-121,92,
 459,-67,-124,107,204,-130,88,
 460,-70,-126,103,184,-139,94,
 461,-66,-131,110,199,-130,97,
 462,-73,-129,100,177,-125,97,
 463,-70,-131,97,199,-123,93,
 464,-69,-121,104,183,-141,93,
 465,-69,-124,106,187,-137,93,
 466,-74,-126,108,201,-117,97,
 467,-71,-132,109,184,-126,101,
 468,-73,-136,107,200,-133,97,
 469,-63,-137,112,195,-132,95,
 470,-72,-126,103,189,-132,104,
 471,-67,-130,107,208,-127,101,
 472,-70,-126,104,178,-136,101,
 473,-63,-123,107,212,-132,106,
 474,-68,-125,105,192,-123,105,
 475,-70,-129,108,207,-126,104,
 476,-64,-126,107,211,-138,105,
 477,-66,-136,102,194,-133,108,
 478,-72,-118,107,215,-119,103,
 479,-71,-130,105,186,-129,110,
 480,-70,-130,99,214,-143,106,
 481,-73,-128,101,191,-136,102,
 482,-71,-133,119,214,-132,108,
 483,-70,-131,109,205,-121,105,
 484,-74,-121,101,197,-129,101,
 485,-71,-133,107,206,-137,107,
 486,-72,-136,111,183,-140,104,
 487,-76,-127,112,206,-127,103,
 488,-69,-131,104,182,-128,105,
 489,-74,-141,118,202,-136,105,
 490,-75,-135,106,196,-131,108,
 491,-69,-132,109,206,-117,106,
 492,-68,-127,106,206,-145,105,
 493,-64,-137,110,198,-139,107,
 494,-68,-137,105,216,-126,105,
 495,-71,-127,111,199,-134,105,
 496,-64,-141,109,212,-141,107,
 497,-67,-135,103,191,-138,103,
 498,-69,-135,108,217,-128,106,
 499,-64,-128,101,188,-130,111,
 500,-70,-132,102,232,-150,102,
 501,-71,-133,101,200,-136,105,
 502,-66,-129,103,226,-130,111,
 503,-71,-144,106,193,-148,101,
 504,-71,-138,120,199,-136,104,
 505,-67,-135,109,199,-127,112,
 506,-77,-137,108,211,-138,106,
 507,-75,-138,108,213,-147,104,
 508,-68,-129,108,208,-128,112,
 509,-74,-131,106,223,-133,104,
 510,-73,-146,107,194,-140,104,
 511,-75,-144,110,213,-137,106,
 512,-76,-140,109,199,-130,105,
 513,-74,-136,107,209,-126,112,
 514,-72,-125,101,197,-136,109,
 515,-66,-125,103,206,-156,114,
 516,-69,-132,104,197,-118,104,
 517,-67,-140,108,221,-126,102,
 518,-66,-131,106,185,-140,102,
 519,-68,-145,106,239,-140,102,
 520,-67,-134,105,197,-142,113,
 521,-75,-139,104,236,-127,104,
 522,-69,-133,105,202,-138,110,
 523,-74,-140,109,228,-138,104,
 524,-71,-138,110,204,-140,110,
 525,-72,-142,102,222,-140,115,
 526,-71,-137,111,196,-134,112,
 527,-76,-138,108,221,-138,109,
 528,-71,-134,113,191,-148,109,
 529,-75,-137,106,214,-140,115,
 530,-76,-139,112,194,-129,112,
 531,-71,-140,109,214,-150,115,
 532,-72,-132,103,194,-130,112,
 533,-74,-134,113,222,-139,114,
 534,-74,-139,114,187,-145,118,
 535,-70,-138,113,215,-126,115,
 536,-75,-139,121,188,-129,114,
 537,-68,-140,119,226,-136,111,
 538,-71,-142,108,198,-146,107,
 539,-70,-131,113,235,-132,109,
 540,-72,-140,106,200,-127,113,
 541,-65,-132,110,242,-142,118,
 542,-69,-146,105,213,-127,114,
 543,-73,-134,113,222,-128,116,
 544,-73,-140,105,204,-136,114,
 545,-75,-131,112,223,-128,120,
 546,-74,-142,103,214,-137,119,
 547,-76,-136,113,222,-135,121,
 548,-78,-144,110,210,-119,127,
 549,-77,-143,111,220,-131,121,
 550,-69,-135,116,207,-137,118,
 551,-77,-142,113,213,-129,117,
 552,-77,-142,112,218,-126,116,
 553,-79,-146,106,196,-127,115,
 554,-74,-157,110,217,-149,120,
 555,-78,-155,114,210,-113,115,
 556,-78,-138,109,228,-127,124,
 557,-73,-142,108,196,-139,121,
 558,-69,-146,109,235,-130,123,
 559,-73,-152,110,210,-144,128,
 560,-71,-157,110,238,-123,125,
 561,-69,-145,105,202,-124,136,
 562,-75,-139,110,237,-136,130,
 563,-72,-134,107,216,-148,128,
 564,-69,-141,115,214,-142,132,
 565,-72,-145,113,213,-126,127,
 566,-75,-150,106,211,-151,126,
 567,-74,-151,108,211,-129,131,
 568,-68,-149,110,194,-144,126,
 569,-73,-152,106,221,-131,127,
 570,-67,-148,104,194,-119,122,
 571,-73,-154,104,222,-149,126,
 572,-72,-150,106,194,-133,120,
 573,-74,-144,101,213,-128,133,
 574,-71,-143,110,196,-129,129,
 575,-76,-144,106,230,-133,132,
 576,-74,-139,108,217,-116,136,
 577,-70,-150,96,225,-132,121,
 578,-73,-152,106,232,-141,126,
 579,-76,-149,108,200,-109,126,
 580,-76,-147,107,243,-140,126,
 581,-67,-139,101,206,-130,124,
 582,-72,-142,110,229,-119,127,
 583,-72,-153,104,207,-141,125,
 584,-68,-155,100,223,-132,126,
 585,-71,-148,105,210,-140,123,
 586,-69,-137,103,207,-142,131,
 587,-69,-150,106,224,-131,137,
 588,-73,-155,106,204,-121,133,
 589,-70,-155,103,217,-142,123,
 590,-65,-151,104,191,-141,131,
 591,-70,-150,107,214,-139,129,
 592,-70,-145,103,224,-136,136,
 593,-74,-147,101,219,-127,129,
 594,-75,-148,101,219,-141,125,
 595,-73,-147,107,218,-138,126,
 596,-69,-146,108,217,-135,133,
 597,-74,-141,105,208,-136,125,
 598,-74,-143,108,239,-142,130,
 599,-69,-139,109,206,-122,129,
 600,-71,-153,105,216,-137,134,
 601,-78,-145,105,221,-149,120,
 602,-74,-148,109,208,-120,126,
 603,-71,-146,104,210,-144,129,
 604,-68,-145,108,199,-127,128,
 605,-67,-153,110,218,-124,132,
 606,-71,-147,111,197,-135,139,
 607,-67,-149,111,225,-117,125,
 608,-67,-143,112,196,-124,129,
 609,-69,-146,112,220,-130,140,
 610,-71,-151,115,206,-120,128,
 611,-67,-154,106,206,-124,131,
 612,-75,-151,108,230,-138,127,
 613,-68,-146,107,206,-120,126,
 614,-71,-144,110,237,-116,125,
 615,-71,-148,101,207,-130,139,
 616,-74,-149,107,226,-140,131,
 617,-73,-156,102,211,-149,131,
 618,-65,-146,112,217,-122,135,
 619,-76,-144,106,215,-130,139,
 620,-71,-146,108,196,-136,128,
 621,-73,-154,116,213,-139,131,
 622,-69,-165,108,192,-109,128,
 623,-74,-157,113,219,-133,132,
 624,-77,-151,108,200,-137,134,
 625,-67,-145,114,214,-137,126,
 626,-71,-145,105,201,-131,129,
 627,-71,-159,112,209,-112,138,
 628,-68,-157,104,217,-143,130,
 629,-64,-153,111,194,-126,135,
 630,-69,-144,101,225,-113,140,
 631,-66,-150,105,205,-113,132,
 632,-66,-155,104,232,-129,133,
 633,-72,-154,109,215,-125,125,
 634,-68,-157,103,223,-123,128,
 635,-71,-151,107,216,-131,129,
 636,-67,-156,109,204,-126,138,
 637,-74,-156,109,218,-145,132,
 638,-69,-163,109,183,-105,133,
 639,-67,-151,110,209,-154,127,
 640,-71,-148,106,200,-126,136,
 641,-71,-153,115,203,-119,135,
 642,-68,-148,115,208,-138,123,
 643,-67,-157,111,194,-127,125,
 644,-69,-162,108,217,-112,119,
 645,-68,-147,103,189,-141,121,
 646,-68,-148,108,219,-142,123,
 647,-70,-146,106,203,-123,125,
 648,-68,-152,105,214,-146,123,
 649,-72,-157,110,196,-116,121,
 650,-70,-150,106,222,-127,126,
 651,-66,-152,100,220,-134,137,
 652,-62,-145,102,196,-116,126,
 653,-68,-154,110,218,-138,130,
 654,-67,-157,101,191,-132,127,
 655,-67,-154,109,212,-118,125,
 656,-63,-146,107,198,-110,127,
 657,-69,-147,106,208,-142,128,
 658,-67,-158,111,206,-118,128,
 659,-66,-152,110,206,-135,125,
 660,-67,-146,115,194,-128,120,
 661,-63,-157,102,190,-119,129,
 662,-72,-145,106,214,-131,129,
 663,-70,-157,105,193,-114,122,
 664,-68,-161,107,222,-125,121,
 665,-71,-157,106,188,-128,124,
 666,-65,-152,107,221,-127,122,
 667,-67,-156,107,204,-109,126,
 668,-69,-152,111,209,-129,127,
 669,-67,-161,101,212,-118,126,
 670,-71,-156,109,193,-122,132,
 671,-71,-145,107,211,-143,126,
 672,-67,-147,111,189,-121,137,
 673,-72,-151,109,204,-128,125,
 674,-71,-155,104,173,-109,123,
 675,-70,-156,105,203,-128,128,
 676,-69,-152,111,191,-133,126,
 677,-67,-141,109,200,-129,126,
 678,-65,-156,105,194,-118,128,
 679,-60,-146,104,202,-118,128,
 680,-66,-160,107,193,-144,129,
 681,-66,-151,102,195,-108,130,
 682,-63,-154,102,195,-125,130,
 683,-66,-152,103,199,-118,138,
 684,-63,-157,111,213,-112,123,
 685,-63,-157,104,191,-130,124,
 686,-66,-148,110,223,-101,128,
 687,-69,-149,108,180,-105,119,
 688,-66,-161,111,220,-119,125,
 689,-63,-151,112,186,-131,132,
 690,-68,-162,111,206,-93,131,
 691,-66,-147,103,183,-93,125,
 692,-69,-152,105,205,-137,129,
 693,-63,-155,103,188,-124,129,
 694,-66,-159,104,186,-118,127,
 695,-64,-154,111,195,-111,129,
 696,-69,-155,113,194,-126,123,
 697,-68,-153,108,201,-124,124,
 698,-68,-142,112,190,-112,122,
 699,-67,-159,111,192,-125,125,
 700,-64,-163,106,209,-123,120,
 701,-69,-153,104,182,-125,121,
 702,-70,-150,110,194,-111,124,
 703,-65,-154,110,200,-135,120,
 704,-61,-160,112,197,-122,131,
 705,-62,-161,108,211,-108,123,
 706,-65,-158,112,183,-131,121,
 707,-62,-149,115,208,-113,121,
 708,-66,-153,118,175,-115,117,
 709,-65,-157,115,207,-129,122,
 710,-66,-163,113,174,-112,120,
 711,-63,-157,109,192,-123,127,
 712,-63,-152,109,175,-126,120,
 713,-63,-145,104,187,-120,126,
 714,-61,-161,111,163,-102,124,
 715,-68,-159,108,195,-124,129,
 716,-66,-159,109,174,-132,128,
 717,-68,-154,114,193,-100,129,
 718,-69,-156,113,174,-113,120,
 719,-66,-154,111,194,-128,123,
 720,-67,-150,111,168,-104,117,
 721,-69,-154,107,192,-122,121,
 722,-67,-146,107,179,-109,129,
 723,-68,-155,109,207,-106,121,
 724,-69,-158,105,170,-108,130,
 725,-65,-155,111,202,-128,121,
 726,-65,-156,104,185,-114,123,
 727,-67,-148,112,191,-91,121,
 728,-61,-144,112,169,-122,121,
 729,-62,-150,109,181,-130,126,
 730,-68,-166,106,182,-106,125,
 731,-67,-156,107,191,-114,127,
 732,-62,-147,113,173,-112,126,
 733,-59,-146,109,191,-113,130,
 734,-57,-158,113,170,-125,133,
 735,-58,-157,114,183,-111,127,
 736,-60,-155,115,184,-124,131,
 737,-61,-154,113,174,-122,125,
 738,-63,-151,109,187,-109,128,
 739,-60,-164,113,175,-105,127,
 740,-64,-159,117,193,-108,124,
 741,-66,-153,110,167,-128,126,
 742,-67,-154,110,181,-105,116,
 743,-65,-159,106,165,-102,126,
 744,-59,-166,111,195,-122,118,
 745,-58,-158,108,168,-110,117,
 746,-65,-154,113,192,-96,114,
 747,-61,-149,113,159,-112,118,
 748,-65,-155,118,191,-110,112,
 749,-61,-166,115,171,-97,110,
 750,-60,-155,116,175,-105,119,
 751,-62,-160,116,164,-113,115,
 752,-60,-160,116,172,-117,120,
 753,-60,-157,111,178,-89,109,
 754,-65,-164,110,150,-88,110,
 755,-66,-150,115,179,-124,114,
 756,-59,-160,116,164,-126,112,
 757,-62,-160,115,184,-78,112,
 758,-56,-167,119,165,-103,117,
 759,-61,-171,119,154,-133,114,
 760,-62,-163,113,170,-100,107,
 761,-57,-165,116,168,-114,116,
 762,-62,-159,116,174,-108,118,
 763,-62,-166,120,152,-98,114,
 764,-54,-158,120,167,-111,117,
 765,-52,-160,120,179,-108,113,
 766,-62,-153,118,160,-111,110,
 767,-55,-155,114,185,-110,105,
 768,-57,-165,120,155,-96,102,
 769,-61,-158,112,182,-93,104,
 770,-62,-157,117,172,-119,102,
 771,-56,-154,119,177,-106,108,
 772,-60,-158,115,178,-96,103,
 773,-61,-162,113,143,-101,102,
 774,-59,-155,118,183,-114,102,
 775,-59,-158,114,147,-100,108,
 776,-61,-158,119,173,-90,100,
 777,-56,-157,120,170,-102,104,
 778,-62,-150,125,153,-107,106,
 779,-60,-158,118,169,-100,103,
 780,-61,-153,125,153,-88,105,
 781,-63,-147,116,172,-100,101,
 782,-58,-161,121,147,-96,99,
 783,-60,-166,119,149,-100,99,
 784,-63,-149,123,158,-87,100,
 785,-55,-155,119,143,-99,105,
 786,-61,-155,126,155,-94,96,
 787,-54,-166,124,170,-101,103,
 788,-59,-152,120,145,-99,103,
 789,-57,-154,119,168,-101,105,
 790,-62,-154,126,160,-104,101,
 791,-63,-160,129,162,-96,111,
 792,-56,-168,127,180,-98,98,
 793,-60,-161,125,142,-89,102,
 794,-55,-154,120,186,-109,104,
 795,-60,-156,123,168,-102,111,
 796,-58,-160,121,139,-97,104,
 797,-53,-151,116,172,-86,100,
 798,-55,-144,125,151,-95,107,
 799,-62,-153,128,151,-100,97,
 800,-53,-150,133,171,-88,100,
 801,-58,-163,134,141,-94,102,
 802,-51,-158,134,160,-96,101,
 803,-60,-148,129,160,-80,100,
 804,-53,-148,129,133,-92,97,
 805,-54,-160,126,161,-96,101,
 806,-58,-166,128,151,-92,100,
 807,-51,-157,131,138,-95,98,
 808,-56,-159,130,162,-103,105,
 809,-52,-151,134,151,-98,98,
 810,-56,-164,139,141,-103,103,
 811,-52,-160,127,160,-82,100,
 812,-53,-162,136,141,-90,105,
 813,-58,-163,137,147,-86,104,
 814,-51,-152,127,153,-89,102,
 815,-57,-162,133,149,-96,102,
 816,-61,-174,138,138,-96,104,
 817,-53,-158,130,152,-95,103,
 818,-56,-150,129,144,-86,99,
 819,-55,-157,134,129,-90,96,
 820,-51,-171,137,166,-95,106,
 821,-58,-159,124,158,-89,98,
 822,-58,-161,134,135,-76,95,
 823,-53,-157,134,158,-85,101,
 824,-57,-162,136,158,-87,102,
 825,-62,-167,130,127,-86,101,
 826,-55,-159,134,142,-90,100,
 827,-54,-149,137,155,-84,102,
 828,-61,-159,140,126,-107,102,
 829,-55,-155,138,140,-86,101,
 830,-59,-163,136,146,-81,102,
 831,-57,-158,134,131,-77,103,
 832,-58,-159,141,142,-80,100,
 833,-53,-154,137,139,-83,98,
 834,-53,-166,138,138,-94,100,
 835,-56,-153,143,131,-90,100,
 836,-60,-168,137,147,-75,104,
 837,-53,-156,132,143,-82,110,
 838,-51,-153,139,114,-88,105,
 839,-51,-155,136,137,-86,113,
 840,-57,-153,141,142,-79,107,
 841,-54,-154,134,128,-77,102,
 842,-51,-147,140,118,-81,102,
 843,-52,-152,135,144,-81,97,
 844,-55,-154,139,130,-78,101,
 845,-55,-153,139,118,-75,99,
 846,-55,-153,135,121,-80,102,
 847,-54,-155,142,142,-80,99,
 848,-50,-166,145,129,-76,99,
 849,-52,-157,137,127,-70,96,
 850,-54,-164,138,144,-76,98,
 851,-54,-157,140,139,-80,100,
 852,-53,-152,145,128,-78,97,
 853,-56,-162,143,128,-71,99,
 854,-49,-165,144,146,-81,101,
 855,-50,-162,139,144,-74,98,
 856,-48,-157,144,120,-67,93,
 857,-50,-157,137,133,-69,89,
 858,-51,-161,134,154,-72,92,
 859,-52,-145,145,151,-72,91,
 860,-52,-147,134,140,-88,99,
 861,-54,-157,143,125,-68,95,
 862,-56,-174,147,149,-91,94,
 863,-52,-152,141,142,-74,89,
 864,-50,-153,152,122,-82,86,
 865,-49,-158,144,121,-70,90,
 866,-50,-162,140,135,-79,88,
 867,-50,-163,149,147,-71,83,
 868,-49,-165,144,127,-74,82,
 869,-50,-152,147,110,-65,86,
 870,-48,-162,139,128,-78,88,
 871,-51,-164,150,134,-72,83,
 872,-53,-169,144,117,-77,86,
 873,-56,-157,144,108,-70,79,
 874,-55,-146,147,131,-76,82,
 875,-56,-158,149,130,-74,81,
 876,-54,-168,148,113,-61,81,
 877,-56,-167,142,112,-66,85,
 878,-53,-157,145,117,-69,79,
 879,-51,-162,150,125,-59,84,
 880,-52,-154,147,115,-54,86,
 881,-54,-172,154,109,-71,81,
 882,-53,-156,153,103,-57,83,
 883,-56,-167,154,117,-58,79,
 884,-55,-161,150,123,-57,81,
 885,-55,-169,156,107,-58,82,
 886,-55,-158,154,106,-64,81,
 887,-55,-162,155,105,-56,82,
 888,-53,-158,151,117,-56,77,
 889,-56,-154,147,114,-60,79,
 890,-51,-163,150,116,-60,84,
 891,-53,-165,151,110,-55,85,
 892,-50,-148,143,108,-51,82,
 893,-49,-161,151,114,-55,77,
 894,-48,-158,154,132,-47,75,
 895,-47,-152,150,127,-53,79,
 896,-50,-147,152,115,-51,80,
 897,-51,-159,159,100,-49,82,
 898,-50,-154,161,122,-46,79,
 899,-50,-163,160,120,-52,79,
 900,-51,-160,159,136,-47,79,
 901,-53,-159,156,121,-46,80,
 902,-56,-151,146,103,-45,79,
 903,-51,-155,151,116,-12,85,
 904,-52,-163,148,112,35,81,
 905,-50,-161,156,129,41,80,
 906,-46,-153,156,129,57,84,
 907,-45,-154,157,105,63,81,
 908,-48,-167,162,98,55,83,
 909,-49,-166,158,113,54,83,
 910,-50,-162,161,127,58,82,
 911,-52,-155,161,130,61,84,
 912,-51,-167,165,104,67,82,
 913,-51,-163,158,96,71,84,
 914,-47,-163,160,100,77,80,
 915,-47,-158,150,109,76,82,
 916,-48,-152,148,122,74,84,
 917,-48,-155,155,113,78,79,
 918,-47,-160,149,95,71,82,
 919,-50,-157,154,100,57,79,
 920,-49,-162,152,101,70,83,
 921,-46,-149,151,110,70,83,
 922,-47,-174,164,116,80,80,
 923,-47,-166,164,110,75,80,
 924,-48,-159,165,110,73,77,
 925,-54,-158,156,103,77,74,
 926,-51,-164,152,106,82,78,
 927,-47,-171,160,94,78,80,
 928,-46,-173,154,104,88,79,
 929,-47,-167,156,104,90,76,
 930,-51,-163,160,100,79,83,
 931,-52,-159,163,104,92,83,
 932,-50,-170,162,104,89,80,
 933,-48,-166,168,96,87,75,
 934,-47,-163,163,95,93,76,
 935,-47,-168,167,99,92,78,
 936,-52,-171,162,103,95,81,
 937,-54,-168,168,100,87,82,
 938,-53,-154,164,92,87,79,
 939,-48,-158,157,96,88,78,
 940,-45,-160,161,96,96,76,
 941,-47,-165,163,94,95,79,
 942,-50,-164,159,93,93,83,
 943,-54,-148,166,104,99,86,
 944,-50,-167,167,99,91,87,
 945,-51,-171,173,98,87,88,
 946,-48,-169,168,99,93,89,
 947,-51,-161,163,89,93,88,
 948,-53,-165,158,91,105,87,
 949,-48,-169,158,87,99,87,
 950,-45,-172,158,90,101,87,
 951,-48,-163,162,101,107,87,
 952,-53,-170,163,100,102,87,
 953,-52,-164,169,100,103,86,
 954,-48,-166,168,94,107,86,
 955,-52,-160,173,95,101,84,
 956,-50,-161,167,89,94,83,
 957,-50,-156,169,84,97,79,
 958,-53,-164,159,86,105,75,
 959,-51,-164,159,103,100,70,
 960,-47,-156,169,97,105,63,
 961,-52,-164,177,98,98,57,
 962,-51,-154,163,100,102,47,
 963,-50,-163,181,99,100,39,
 964,-49,-167,170,100,98,25,
 965,-46,-164,174,101,99,14,
 966,-50,-159,169,92,102,-1,
 967,-54,-181,170,93,108,-18,
 968,-54,-170,166,98,99,-33,
 969,-50,-164,173,110,104,-36,
 970,-47,-162,179,105,108,-48,
 971,-53,-164,165,103,109,-44,
 972,-51,-177,169,109,109,-40,
 973,-51,-159,183,102,100,-43,
 974,-50,-169,167,97,95,-47,
 975,-51,-158,180,94,105,-52,
 976,-50,-164,179,98,112,-58,
 977,-53,-158,170,89,104,-62,
 978,-49,-169,168,98,107,-65,
 979,-47,-162,175,97,105,-67,
 980,-45,-155,164,105,107,-67,
 981,-49,-175,174,111,100,-71,
 982,-49,-169,164,106,105,-75,
 983,-52,-162,176,108,96,-78,
 984,-49,-163,171,104,96,-81,
 985,-47,-168,171,96,99,-80,
 986,-49,-171,169,91,96,-79,
 987,-52,-162,175,93,102,-77,
 988,-51,-158,170,90,106,-75,
 989,-47,-159,175,94,108,-74,
 990,-46,-171,176,100,95,-74,
 991,-48,-160,172,100,101,-76,
 992,-52,-165,175,106,106,-77,
 993,-50,-161,165,105,114,-78,
 994,-45,-164,171,106,109,-79,
 995,-44,-173,171,102,104,-81,
 996,-51,-171,175,93,110,-80,
 997,-53,-171,181,93,119,-79,
 998,-51,-156,180,92,122,-80,
 999,-50,-173,181,90,115,-79,
 1000,-48,-168,173,87,106,-78,
 1001,-50,-172,172,86,105,-78,
 1002,-53,-161,177,90,125,-77,
 1003,-52,-173,181,90,114,-75,
 1004,-50,-170,183,96,104,-74,
 1005,-50,-164,173,103,99,-76,
 1006,-51,-154,176,97,104,-75,
 1007,-49,-164,180,95,109,-74,
 1008,-51,-160,175,93,116,-74,
 1009,-49,-161,172,85,116,-72,
 1010,-48,-157,173,87,120,-70,
 1011,-51,-154,164,85,113,-69,
 1012,-53,-165,168,80,110,-64,
 1013,-54,-165,173,86,108,-60,
 1014,-53,-165,180,86,113,-53,
 1015,-53,-169,174,89,118,-43,
 1016,-52,-167,176,83,101,-33,
 1017,-49,-174,174,85,101,-22,
 1018,-51,-176,169,91,104,-8,
 1019,-50,-166,178,85,115,10,
 1020,-52,-157,183,82,115,29,
 1021,-52,-164,170,87,104,39,
 1022,-54,-169,175,94,107,61,
 1023,-52,-164,165,93,115,60,
 1024,-48,-166,171,82,116,43,
 1025,-50,-165,176,83,121,41,
 1026,-54,-176,182,91,110,55,
 1027,-53,-164,175,89,117,64,
 1028,-53,-155,185,95,109,69,
 1029,-55,-158,179,93,112,69,
 1030,-55,-164,171,89,106,73,
 1031,-51,-171,183,86,112,76,
 1032,-52,-164,180,80,106,77,
 1033,-52,-165,191,86,134,74,
 1034,-51,-164,184,84,111,77,
 1035,-49,-179,187,83,102,85,
 1036,-49,-174,181,88,112,87,
 1037,-51,-169,177,87,108,91,
 1038,-54,-162,181,93,106,96,
 1039,-57,-167,183,93,120,97,
 1040,-56,-173,183,89,109,92,
 1041,-55,-160,188,91,119,93,
 1042,-52,-170,176,95,106,87,
 1043,-53,-170,184,90,127,86,
 1044,-49,-181,187,95,126,90,
 1045,-52,-162,176,88,111,84,
 1046,-52,-169,187,87,118,89,
 1047,-49,-161,187,90,133,84,
 1048,-49,-162,186,83,121,89,
 1049,-50,-177,184,90,120,90,
 1050,-51,-166,185,84,111,92,
 1051,-53,-160,185,87,128,91,
 1052,-54,-171,187,89,120,94,
 1053,-54,-175,177,89,110,94,
 1054,-55,-166,192,91,109,97,
 1055,-54,-171,190,86,120,92,
 1056,-54,-158,183,90,130,96,
 1057,-53,-164,181,93,101,96,
 1058,-54,-167,183,92,109,94,
 1059,-53,-164,198,94,102,101,
 1060,-57,-169,190,89,112,103,
 1061,-50,-165,195,90,119,101,
 1062,-49,-174,190,93,100,105,
 1063,-48,-174,188,88,115,99,
 1064,-56,-175,186,84,107,100,
 1065,-52,-171,187,91,100,100,
 1066,-48,-168,175,88,95,97,
 1067,-51,-172,181,83,105,100,
 1068,-50,-158,179,92,96,97,
 1069,-52,-162,182,97,112,98,
 1070,-56,-179,188,94,114,94,
 1071,-54,-169,191,91,121,95,
 1072,-52,-167,184,92,121,99,
 1073,-50,-162,173,94,121,99,
 1074,-52,-166,189,92,113,98,
 1075,-57,-169,187,94,123,99,
 1076,-56,-170,191,89,118,103,
 1077,-54,-167,192,86,119,95,
 1078,-54,-169,180,93,112,97,
 1079,-58,-171,182,93,112,93,
 1080,-57,-174,194,93,111,97,
 1081,-59,-167,194,96,110,97,
 1082,-54,-164,187,98,112,92,
 1083,-54,-177,197,95,111,97,
 1084,-55,-172,182,103,129,95,
 1085,-52,-177,190,92,123,101,
 1086,-52,-173,190,98,104,102,
 1087,-55,-176,187,92,112,96,
 1088,-52,-170,196,87,127,98,
 1089,-55,-180,185,101,101,97,
 1090,-57,-167,191,108,117,95,
 1091,-56,-168,189,107,105,102,
 1092,-59,-172,187,106,106,96,
 1093,-56,-177,195,108,104,95,
 1094,-57,-178,200,121,124,103,
 1095,-55,-175,193,118,115,100,
 1096,-52,-164,197,107,124,98,
 1097,-54,-178,197,109,109,95,
 1098,-58,-183,196,105,115,99,
 1099,-60,-179,194,99,109,100,
 1100,-57,-163,198,100,129,95,
 1101,-58,-180,196,97,121,94,
 1102,-54,-184,190,109,112,96,
 1103,-55,-189,187,122,113,104,
 1104,-53,-171,190,116,114,99,
 1105,-55,-174,200,124,117,94,
 1106,-57,-179,194,126,124,97,
 1107,-52,-174,183,117,122,96,
 1108,-51,-176,193,118,107,97,
 1109,-52,-173,191,109,105,101,
 1110,-52,-170,195,105,101,105,
 1111,-58,-179,200,107,117,104,
 1112,-54,-182,195,116,119,105,
 1113,-56,-182,200,113,115,105,
 1114,-51,-165,189,123,97,102,
 1115,-55,-173,204,121,111,106,
 1116,-57,-170,190,125,120,108,
 1117,-53,-174,194,109,122,106,
 1118,-53,-175,200,120,99,102,
 1119,-61,-171,193,107,101,101,
 1120,-57,-182,191,112,111,101,
 1121,-59,-179,192,109,114,104,
 1122,-53,-181,202,106,120,108,
 1123,-57,-176,202,120,107,104,
 1124,-59,-169,201,119,113,105,
 1125,-51,-175,200,116,116,107,
 1126,-52,-180,197,121,122,115,
 1127,-57,-181,190,114,103,118,
 1128,-59,-170,198,108,110,119,
 1129,-57,-182,193,114,118,110,
 1130,-57,-190,194,114,116,115,
 1131,-59,-176,198,105,137,118,
 1132,-57,-182,191,111,110,125,
 1133,-57,-171,195,117,101,115,
 1134,-58,-172,199,109,132,118,
 1135,-55,-185,201,119,117,125,
 1136,-59,-175,201,111,118,123,
 1137,-59,-176,190,108,95,121,
 1138,-54,-174,196,108,112,126,
 1139,-54,-177,205,102,100,127,
 1140,-57,-185,204,105,116,119,
 1141,-56,-176,201,121,139,124,
 1142,-60,-177,206,120,105,119,
 1143,-52,-176,201,123,108,127,
 1144,-56,-182,199,122,109,118,
 1145,-63,-174,210,108,124,119,
 1146,-56,-169,206,109,132,123,
 1147,-57,-170,206,108,96,117,
 1148,-57,-175,194,110,112,122,
 1149,-55,-175,202,113,108,120,
 1150,-59,-178,192,124,121,116,
 1151,-52,-167,201,123,134,117,
 1152,-57,-172,206,118,96,124,
 1153,-54,-183,198,126,106,118,
 1154,-57,-178,200,118,108,120,
 1155,-59,-177,205,120,120,118,
 1156,-51,-180,203,115,127,118,
 1157,-58,-177,196,111,109,122,
 1158,-53,-179,205,124,129,119,
 1159,-58,-184,205,122,128,125,
 1160,-53,-178,205,116,105,113,
 1161,-51,-171,193,116,113,120,
 1162,-58,-167,210,112,123,123,
 1163,-55,-182,198,117,132,117,
 1164,-59,-180,195,126,122,121,
 1165,-58,-174,208,131,107,117,
 1166,-60,-164,196,118,107,123,
 1167,-53,-175,197,112,114,116,
 1168,-58,-180,200,122,108,120,
 1169,-55,-173,203,123,107,120,
 1170,-61,-168,193,120,117,123,
 1171,-55,-165,202,124,106,117,
 1172,-58,-179,193,132,126,119,
 1173,-59,-179,197,125,109,122,
 1174,-64,-177,197,125,108,126,
 1175,-56,-173,190,126,121,131,
 1176,-53,-174,187,122,108,123,
 1177,-56,-183,195,123,116,120,
 1178,-59,-187,195,134,104,120,
 1179,-56,-185,198,147,111,116,
 1180,-53,-179,206,149,146,114,
 1181,-61,-184,202,149,126,111,
 1182,-57,-183,201,131,95,113,
 1183,-60,-185,199,111,117,114,
 1184,-57,-181,208,121,106,115,
 1185,-61,-179,203,133,114,114,
 1186,-58,-180,198,152,123,115,
 1187,-60,-187,194,152,92,110,
 1188,-60,-183,202,142,106,111,
 1189,-61,-174,206,129,101,114,
 1190,-61,-176,204,126,102,118,
 1191,-55,-174,204,133,123,119,
 1192,-59,-182,204,141,102,113,
 1193,-60,-180,205,146,97,120,
 1194,-54,-178,203,134,118,118,
 1195,-56,-174,204,121,106,120,
 1196,-59,-180,201,126,118,119,
 1197,-61,-187,198,140,139,119,
 1198,-53,-176,195,136,107,115,
 1199,-54,-176,208,138,96,119,
 1200,-56,-179,204,121,113,115,
 1201,-56,-177,206,117,113,119,
 1202,-61,-186,196,123,118,119,
 1203,-54,-194,206,134,117,118,
 1204,-57,-183,206,129,111,121,
 1205,-54,-173,201,126,116,117,
 1206,-60,-179,190,128,127,124,
 1207,-55,-182,205,122,98,124,
 1208,-58,-180,204,135,98,116,
 1209,-62,-174,202,140,105,116,
 1210,-54,-185,208,141,105,120,
 1211,-58,-173,207,134,105,120,
 1212,-57,-181,208,125,116,122,
 1213,-55,-177,200,128,105,123,
 1214,-63,-176,204,126,109,122,
 1215,-56,-180,206,143,94,123,
 1216,-60,-175,204,135,95,124,
 1217,-58,-187,205,129,102,134,
 1218,-64,-181,207,125,125,125,
 1219,-60,-171,203,137,114,125,
 1220,-59,-176,203,147,103,131,
 1221,-63,-180,203,140,124,126,
 1222,-61,-179,205,130,111,134,
 1223,-58,-175,201,131,103,129,
 1224,-63,-179,198,128,114,132,
 1225,-60,-168,198,141,98,129,
 1226,-61,-172,201,135,109,127,
 1227,-55,-173,211,139,117,131,
 1228,-59,-186,202,133,96,131,
 1229,-57,-181,199,125,106,141,
 1230,-61,-181,206,137,94,130,
 1231,-58,-179,204,148,98,131,
 1232,-55,-180,202,131,114,133,
 1233,-61,-187,209,133,104,130,
 1234,-58,-184,207,121,121,123,
 1235,-56,-186,212,154,118,127,
 1236,-56,-180,215,156,101,134,
 1237,-61,-175,217,160,92,130,
 1238,-62,-174,199,142,112,130,
 1239,-58,-183,207,140,102,132,
 1240,-59,-178,203,146,98,134,
 1241,-61,-178,212,160,116,138,
 1242,-59,-175,200,156,113,133,
 1243,-54,-180,202,144,100,130,
 1244,-60,-191,197,128,104,127,
 1245,-63,-181,200,147,107,134,
 1246,-57,-179,211,163,83,132,
 1247,-63,-182,213,150,117,135,
 1248,-62,-173,206,137,125,132,
 1249,-54,-189,212,128,95,134,
 1250,-59,-174,206,151,98,133,
 1251,-64,-180,212,163,107,139,
 1252,-62,-166,204,133,93,134,
 1253,-58,-182,213,131,103,134,
 1254,-58,-170,202,129,87,131,
 1255,-58,-188,211,150,90,124,
 1256,-59,-178,211,137,122,124,
 1257,-61,-182,217,139,111,134,
 1258,-56,-184,211,120,87,122,
 1259,-55,-181,210,144,105,129,
 1260,-57,-181,209,146,106,129,
 1261,-56,-182,199,139,86,133,
 1262,-60,-179,201,123,82,125,
 1263,-56,-179,205,148,104,135,
 1264,-54,-189,196,153,98,130,
 1265,-57,-190,194,139,85,127,
 1266,-57,-195,207,127,100,124,
 1267,-52,-188,210,133,89,126,
 1268,-55,-189,199,144,86,130,
 1269,-60,-190,203,140,98,138,
 1270,-54,-191,196,142,88,130,
 1271,-55,-190,210,135,112,127,
 1272,-61,-187,212,140,115,129,
 1273,-55,-178,204,149,78,142,
 1274,-53,-182,210,150,104,143,
 1275,-59,-187,221,139,110,135,
 1276,-54,-186,223,130,89,134,
 1277,-54,-178,206,138,97,135,
 1278,-58,-190,217,157,92,135,
 1279,-60,-187,207,152,95,136,
 1280,-57,-177,204,143,107,141,
 1281,-59,-185,206,139,99,134,
 1282,-55,-183,204,159,83,138,
 1283,-60,-191,205,169,99,143,
 1284,-56,-193,209,155,87,143,
 1285,-59,-188,213,137,95,136,
 1286,-65,-185,209,147,99,135,
 1287,-56,-187,210,154,107,136,
 1288,-57,-183,209,146,96,137,
 1289,-59,-185,198,145,102,135,
 1290,-58,-198,215,142,92,133,
 1291,-57,-186,204,167,100,139,
 1292,-60,-187,208,167,85,128,
 1293,-63,-185,203,149,112,130,
 1294,-58,-183,212,134,114,135,
 1295,-61,-188,208,144,102,132,
 1296,-60,-185,198,154,108,125,
 1297,-54,-187,210,146,107,132,
 1298,-55,-184,204,139,93,137,
 1299,-60,-186,211,149,95,135,
 1300,-61,-180,206,150,82,137,
 1301,-52,-183,202,144,93,124,
 1302,-60,-184,194,132,105,128,
 1303,-60,-183,206,138,93,136,
 1304,-57,-191,198,144,96,137,
 1305,-58,-182,208,139,94,131,
 1306,-59,-172,202,144,75,131,
 1307,-55,-183,210,129,94,125,
 1308,-58,-179,206,145,73,132,
 1309,-56,-176,213,153,87,120,
 1310,-59,-189,207,136,106,127,
 1311,-59,-180,213,135,96,125,
 1312,-54,-180,209,144,92,125,
 1313,-59,-185,207,154,91,125,
 1314,-61,-181,211,147,94,124,
 1315,-56,-185,197,139,90,135,
 1316,-59,-184,194,137,90,125,
 1317,-63,-185,208,142,93,128,
 1318,-60,-181,197,147,97,121,
 1319,-57,-183,197,144,101,121,
 1320,-58,-187,205,145,98,123,
 1321,-58,-181,212,150,85,130,
 1322,-59,-181,201,153,93,120,
 1323,-60,-185,199,144,89,122,
 1324,-62,-185,199,141,82,133,
 1325,-56,-184,197,161,87,129,
 1326,-59,-186,208,150,96,131,
 1327,-55,-176,214,151,96,130,
 1328,-62,-182,218,137,83,134,
 1329,-63,-183,209,149,66,126,
 1330,-56,-190,212,174,63,128,
 1331,-61,-191,204,163,70,125,
 1332,-56,-186,210,139,90,130,
 1333,-61,-181,212,144,96,131,
 1334,-49,-180,212,171,88,138,
 1335,-57,-184,207,162,101,144,
 1336,-55,-185,209,148,86,132,
 1337,-56,-187,212,137,96,126,
 1338,-55,-188,210,156,88,134,
 1339,-58,-192,209,157,93,131,
 1340,-56,-182,197,135,80,128,
 1341,-57,-187,209,134,79,128,
 1342,-58,-186,205,144,90,127,
 1343,-52,-184,207,141,84,129,
 1344,-60,-186,207,142,95,129,
 1345,-55,-187,209,131,87,129,
 1346,-58,-194,207,148,73,129,
 1347,-50,-190,216,148,95,141,
 1348,-56,-181,208,128,68,129,
 1349,-52,-188,209,130,98,133,
 1350,-57,-187,201,143,72,128,
 1351,-53,-184,214,146,96,128,
 1352,-59,-190,206,140,93,132,
 1353,-56,-185,202,118,82,127,
 1354,-60,-186,205,125,86,126,
 1355,-54,-185,201,142,76,125,
 1356,-59,-185,200,143,97,120,
 1357,-56,-190,200,146,76,125,
 1358,-59,-188,199,129,94,128,
 1359,-52,-181,203,141,64,129,
 1360,-54,-188,207,143,73,125,
 1361,-60,-179,202,139,73,128,
 1362,-52,-198,208,132,92,122,
 1363,-57,-189,211,133,70,125,
 1364,-58,-178,213,146,92,118,
 1365,-52,-188,200,145,78,125,
 1366,-56,-185,210,128,78,114,
 1367,-55,-189,214,144,90,121,
 1368,-60,-182,210,153,74,121,
 1369,-53,-185,209,152,86,129,
 1370,-57,-191,208,139,72,114,
 1371,-56,-188,197,131,84,124,
 1372,-52,-185,208,141,74,117,
 1373,-53,-185,206,166,72,115,
 1374,-51,-179,208,154,66,118,
 1375,-55,-187,200,135,89,115,
 1376,-51,-185,206,145,66,125,
 1377,-50,-183,207,153,84,119,
 1378,-56,-184,200,144,85,119,
 1379,-53,-183,212,128,78,119,
 1380,-50,-183,198,130,74,118,
 1381,-46,-189,212,152,87,121,
 1382,-54,-184,196,133,82,121,
 1383,-55,-183,207,139,86,114,
 1384,-51,-190,199,124,69,112,
 1385,-49,-183,208,144,84,117,
 1386,-56,-188,212,152,67,116,
 1387,-53,-192,207,139,78,124,
 1388,-51,-184,214,118,70,121,
 1389,-48,-191,198,125,72,121,
 1390,-52,-186,210,146,75,115,
 1391,-57,-177,209,143,69,126,
 1392,-51,-185,202,131,58,120,
 1393,-49,-186,199,123,71,123,
 1394,-48,-188,199,133,73,125,
 1395,-47,-180,208,140,71,124,
 1396,-54,-183,204,137,80,126,
 1397,-51,-187,199,132,73,117,
 1398,-54,-185,210,121,85,119,
 1399,-49,-193,203,138,69,119,
 1400,-51,-188,198,142,78,117,
 1401,-50,-187,204,134,73,119,
 1402,-49,-180,203,125,79,120,
 1403,-50,-178,200,135,72,120,
 1404,-50,-187,202,142,75,120,
 1405,-54,-184,205,136,85,125,
 1406,-51,-188,204,132,72,124,
 1407,-54,-189,202,134,77,122,
 1408,-51,-175,207,128,62,120,
 1409,-54,-184,199,144,71,122,
 1410,-50,-183,206,144,66,118,
 1411,-50,-185,198,138,68,115,
 1412,-48,-189,205,131,76,113,
 1413,-50,-189,208,124,79,111,
 1414,-49,-193,202,135,76,108,
 1415,-49,-177,191,154,73,108,
 1416,-46,-186,202,145,79,117,
 1417,-47,-188,194,128,55,109,
 1418,-46,-186,204,121,64,110,
 1419,-48,-184,206,143,73,104,
 1420,-48,-189,195,153,66,107,
 1421,-48,-187,204,150,69,110,
 1422,-47,-181,203,129,62,112,
 1423,-46,-190,201,130,60,109,
 1424,-48,-195,201,137,73,109,
 1425,-50,-184,209,149,63,106,
 1426,-50,-183,206,139,78,104,
 1427,-44,-189,203,121,60,109,
 1428,-49,-191,207,121,63,105,
 1429,-46,-184,205,133,69,101,
 1430,-49,-188,211,143,65,98,
 1431,-49,-187,205,139,66,102,
 1432,-45,-194,191,121,81,99,
 1433,-45,-177,195,120,69,102,
 1434,-43,-188,205,124,80,94,
 1435,-48,-188,208,130,71,97,
 1436,-49,-190,207,128,70,92,
 1437,-49,-184,199,130,70,95,
 1438,-49,-192,200,120,72,98,
 1439,-47,-195,201,123,83,95,
 1440,-41,-194,202,124,71,90,
 1441,-43,-181,205,130,78,92,
 1442,-47,-191,206,119,80,90,
 1443,-47,-188,211,118,65,98,
 1444,-46,-186,205,113,57,97,
 1445,-44,-187,202,119,74,92,
 1446,-46,-194,202,127,68,96,
 1447,-49,-179,199,128,71,91,
 1448,-46,-183,196,120,78,87,
 1449,-42,-188,206,113,62,91,
 1450,-46,-193,197,125,62,92,
 1451,-46,-185,209,125,51,85,
 1452,-42,-195,213,132,63,85,
 1453,-43,-194,215,127,60,84,
 1454,-49,-192,199,115,68,88,
 1455,-50,-184,201,114,65,82,
 1456,-43,-179,192,121,61,78,
 1457,-40,-183,200,133,63,79,
 1458,-47,-188,186,130,50,78,
 1459,-43,-189,194,126,55,81,
 1460,-41,-188,199,127,66,83,
 1461,-47,-194,200,116,70,76,
 1462,-43,-188,199,118,69,78,
 1463,-47,-190,204,125,69,78,
 1464,-48,-193,201,122,63,74,
 1465,-42,-194,205,126,57,74,
 1466,-49,-202,199,124,60,80,
 1467,-45,-197,199,125,57,76,
 1468,-43,-206,206,120,61,75,
 1469,-46,-185,201,131,63,72,
 1470,-43,-198,201,127,77,74,
 1471,-49,-193,206,124,66,82,
 1472,-45,-189,203,128,67,78,
 1473,-45,-189,200,120,70,76,
 1474,-42,-191,193,113,65,72,
 1475,-42,-198,206,112,58,71,
 1476,-45,-202,210,129,56,72,
 1477,-43,-191,204,137,73,75,
 1478,-46,-201,208,132,62,70,
 1479,-42,-189,200,127,57,73,
 1480,-45,-201,198,127,71,70,
 1481,-40,-187,197,111,61,72,
 1482,-44,-197,199,118,65,75,
 1483,-41,-205,201,133,50,69,
 1484,-46,-184,197,135,52,71,
 1485,-43,-203,204,134,54,68,
 1486,-42,-202,203,125,78,72,
 1487,-43,-195,201,118,67,72,
 1488,-41,-198,204,105,56,74,
 1489,-47,-205,200,109,61,69,
 1490,-42,-185,201,112,57,68,
 1491,-47,-200,202,126,56,67,
 1492,-41,-204,198,119,68,70,
 1493,-42,-200,196,120,57,74,
 1494,-40,-201,199,117,57,73,
 1495,-39,-186,197,103,59,71,
 1496,-45,-199,206,105,60,70,
 1497,-40,-194,195,102,63,64,
 1498,-43,-190,200,114,64,69,
 1499,-43,-190,208,117,54,65,
 1500,-39,-199,198,119,58,66,
 1501,-45,-191,211,110,56,61,
 1502,-42,-194,208,108,64,65,
 1503,-43,-199,203,105,58,62,
 1504,-45,-196,200,97,60,66,
 1505,-41,-188,203,108,66,69,
 1506,-39,-196,198,107,63,66,
 1507,-41,-201,205,110,58,63,
 1508,-38,-188,193,107,65,63,
 1509,-40,-202,200,104,57,64,
 1510,-44,-186,200,105,56,65,
 1511,-41,-203,199,102,63,65,
 1512,-39,-200,200,98,72,61,
 1513,-42,-181,195,99,61,50,
 1514,-42,-200,200,106,59,39,
 1515,-39,-190,195,105,54,16,
 1516,-44,-191,201,104,51,-13,
 1517,-45,-191,205,100,48,-41,
 1518,-41,-195,191,96,55,-57,
 1519,-40,-192,192,97,60,-52,
 1520,-42,-204,200,99,63,-55,
 1521,-43,-199,199,103,61,-77,
 1522,-41,-203,196,98,59,-77,
 1523,-40,-199,200,95,62,-83,
 1524,-42,-196,199,95,64,-75,
 1525,-42,-189,202,102,65,-76,
 1526,-39,-186,195,113,60,-73,
 1527,-39,-205,200,100,58,-74,
 1528,-41,-188,198,99,60,-77,
 1529,-43,-198,206,99,58,-73,
 1530,-40,-201,188,91,63,-75,
 1531,-39,-185,204,103,60,-80,
 1532,-38,-191,202,99,65,-80,
 1533,-41,-187,194,94,60,-78,
 1534,-41,-195,191,100,57,-78,
 1535,-39,-187,193,102,55,-81,
 1536,-37,-185,201,100,57,-79,
 1537,-40,-203,203,102,65,-81,
 1538,-42,-197,203,102,66,-85,
 1539,-43,-203,206,94,60,-91,
 1540,-42,-192,205,103,63,-86,
 1541,-40,-190,198,99,61,-88,
 1542,-41,-200,204,94,63,-86,
 1543,-42,-193,205,100,63,-86,
 1544,-45,-206,202,99,58,-90,
 1545,-44,-188,211,98,59,-90,
 1546,-42,-195,210,102,63,-86,
 1547,-38,-190,210,104,63,-87,
 1548,-37,-187,206,99,62,-88,
 1549,-39,-196,204,99,63,-91,
 1550,-41,-201,203,103,51,-89,
 1551,-40,-201,206,96,59,-87,
 1552,-37,-206,209,94,55,-93,
 1553,-37,-205,204,97,68,-89,
 1554,-37,-201,200,93,63,-85,
 1555,-40,-209,200,91,55,-89,
 1556,-41,-206,204,91,67,-91,
 1557,-42,-210,199,89,52,-95,
 1558,-41,-209,191,97,63,-93,
 1559,-39,-209,192,105,59,-88,
 1560,-37,-203,200,101,58,-88,
 1561,-36,-211,202,110,49,-93,
 1562,-37,-209,200,117,54,-93,
 1563,-38,-200,202,106,63,-98,
 1564,-39,-203,204,103,58,-96,
 1565,-38,-202,194,110,62,-93,
 1566,-38,-205,195,101,53,-95,
 1567,-35,-205,190,88,53,-96,
 1568,-36,-196,199,86,51,-97,
 1569,-38,-206,195,87,58,-99,
 1570,-39,-200,200,88,57,-96,
 1571,-42,-203,204,90,56,-100,
 1572,-41,-195,208,92,55,-100,
 1573,-40,-208,209,101,56,-106,
 1574,-38,-202,200,96,53,-102,
 1575,-38,-195,196,88,57,-112,
 1576,-39,-199,187,97,61,-108,
 1577,-40,-203,197,106,50,-111,
 1578,-41,-202,209,98,49,-109,
 1579,-42,-203,211,101,60,-110,
 1580,-41,-198,210,105,58,-111,
 1581,-39,-197,209,112,57,-116,
 1582,-39,-199,195,96,58,-113,
 1583,-38,-204,198,92,61,-110,
 1584,-40,-211,197,89,51,-104,
 1585,-42,-201,196,94,52,-108,
 1586,-42,-206,198,92,47,-105,
 1587,-41,-200,195,84,58,-111,
 1588,-40,-201,207,90,56,-109,
 1589,-39,-205,206,92,59,-115,
 1590,-40,-197,205,93,63,-116,
 1591,-43,-206,200,97,54,-113,
 1592,-44,-203,192,89,62,-124,
 1593,-43,-216,201,98,57,-121,
 1594,-42,-213,202,95,53,-122,
 1595,-40,-202,196,94,54,-120,
 1596,-41,-204,198,93,63,-120,
 1597,-43,-203,192,93,61,-122,
 1598,-43,-209,200,102,57,-122,
 1599,-43,-210,194,102,55,-131,
 1600,-39,-213,197,104,64,-124,
 1601,-40,-213,203,97,64,-132,
 1602,-42,-214,193,86,62,-128,
 1603,-44,-210,200,88,64,-126,
 1604,-43,-219,203,84,59,-126,
 1605,-43,-211,204,92,62,-131,
 1606,-40,-218,207,92,64,-126,
 1607,-41,-211,199,89,55,-126,
 1608,-46,-202,203,83,67,-123,
 1609,-46,-211,201,81,53,-131,
 1610,-43,-202,204,87,63,-126,
 1611,-41,-215,206,84,59,-129,
 1612,-43,-220,207,82,63,-122,
 1613,-44,-216,210,82,65,-120,
 1614,-42,-224,207,78,57,-119,
 1615,-42,-222,201,84,59,-121,
 1616,-45,-220,198,85,65,-127,
 1617,-48,-215,204,87,63,-121,
 1618,-45,-218,207,89,61,-132,
 1619,-41,-218,213,90,67,-136,
 1620,-43,-221,202,91,65,-128,
 1621,-44,-222,199,88,66,-127,
 1622,-41,-221,203,90,57,-129,
 1623,-44,-215,206,91,64,-119,
 1624,-48,-216,200,86,63,-124,
 1625,-43,-216,206,91,71,-121,
 1626,-44,-216,207,92,65,-120,
 1627,-47,-206,203,89,56,-129,
 1628,-43,-212,208,91,65,-125,
 1629,-42,-218,200,86,62,-121,
 1630,-44,-220,200,87,68,-131,
 1631,-40,-210,210,89,69,-123,
 1632,-43,-206,208,85,68,-127,
 1633,-46,-205,210,85,65,-121,
 1634,-44,-210,203,82,63,-123,
 1635,-47,-222,211,84,66,-134,
 1636,-47,-214,207,81,65,-128,
 1637,-44,-219,201,80,66,-127,
 1638,-51,-225,204,85,74,-131,
 1639,-45,-221,209,89,66,-129,
 1640,-47,-212,203,88,71,-125,
 1641,-48,-222,212,89,67,-116,
 1642,-45,-213,206,87,67,-121,
 1643,-48,-219,198,85,73,-120,
 1644,-45,-216,206,90,68,-126,
 1645,-49,-219,205,87,72,-126,
 1646,-45,-219,200,86,59,-124,
 1647,-49,-228,201,87,72,-115,
 1648,-46,-239,203,84,69,-116,
 1649,-51,-223,202,84,69,-114,
 1650,-46,-237,200,81,72,-115,
 1651,-52,-217,208,80,65,-121,
 1652,-48,-227,196,83,69,-115,
 1653,-49,-232,200,83,62,-114,
 1654,-44,-231,194,82,74,-117,
 1655,-51,-229,196,82,62,-117,
 1656,-44,-230,206,83,68,-119,
 1657,-49,-231,214,79,74,-119,
 1658,-46,-227,220,81,62,-109,
 1659,-51,-226,215,83,76,-110,
 1660,-51,-229,212,81,65,-111,
 1661,-48,-220,200,86,79,-115,
 1662,-52,-222,206,86,67,-113,
 1663,-47,-226,215,81,77,-121,
 1664,-47,-226,205,87,73,-120,
 1665,-53,-223,197,85,77,-116,
 1666,-48,-224,212,83,71,-124,
 1667,-49,-230,204,81,77,-113,
 1668,-55,-232,207,82,68,-115,
 1669,-49,-212,210,83,72,-117,
 1670,-49,-227,215,83,72,-116,
 1671,-55,-233,215,87,74,-125,
 1672,-52,-227,210,87,69,-123,
 1673,-48,-223,209,88,68,-117,
 1674,-54,-222,203,91,71,-111,
 1675,-54,-219,213,93,75,-111,
 1676,-52,-227,204,94,73,-115,
 1677,-49,-229,209,96,73,-115,
 1678,-53,-224,213,95,70,-122,
 1679,-56,-232,211,89,83,-125,
 1680,-57,-230,212,84,70,-120,
 1681,-55,-224,215,81,75,-123,
 1682,-57,-229,219,85,80,-114,
 1683,-50,-227,205,89,75,-115,
 1684,-53,-224,211,87,66,-118,
 1685,-54,-231,213,83,76,-120,
 1686,-56,-248,214,88,86,-123,
 1687,-60,-230,212,90,77,-126,
 1688,-56,-219,212,84,85,-116,
 1689,-57,-232,204,87,79,-115,
 1690,-56,-225,204,81,79,-114,
 1691,-58,-237,211,84,76,-113,
 1692,-58,-227,205,79,75,-122,
 1693,-57,-230,214,82,81,-119,
 1694,-57,-244,218,85,77,-119,
 1695,-58,-234,210,89,83,-119,
 1696,-59,-220,214,86,88,-119,
 1697,-62,-229,207,96,80,-116,
 1698,-57,-238,212,93,78,-115,
 1699,-58,-233,206,89,87,-122,
 1700,-53,-232,217,97,74,-117,
 1701,-54,-236,208,99,85,-123,
 1702,-53,-243,219,95,86,-121,
 1703,-53,-242,224,98,79,-130,
 1704,-55,-226,219,94,90,-124,
 1705,-58,-237,227,92,86,-113,
 1706,-61,-246,208,93,75,-117,
 1707,-57,-237,208,88,87,-121,
 1708,-55,-234,217,91,90,-121,
 1709,-54,-230,206,91,88,-113,
 1710,-57,-227,213,100,90,-114,
 1711,-59,-229,214,92,85,-121,
 1712,-53,-227,213,89,88,-110,
 1713,-57,-239,203,88,85,-113,
 1714,-65,-248,211,97,87,-117,
 1715,-60,-236,211,97,86,-112,
 1716,-56,-230,208,98,91,-113,
 1717,-59,-229,210,97,92,-119,
 1718,-60,-235,215,97,85,-117,
 1719,-56,-223,223,102,90,-116,
 1720,-61,-237,218,104,86,-120,
 1721,-56,-239,226,102,99,-120,
 1722,-60,-234,218,99,88,-113,
 1723,-60,-225,213,94,97,-112,
 1724,-61,-250,221,98,88,-111,
 1725,-59,-232,225,96,89,-113,
 1726,-63,-226,218,108,86,-108,
 1727,-64,-237,220,108,87,-108,
 1728,-63,-241,219,104,97,-109,
 1729,-57,-236,218,99,94,-116,
 1730,-65,-241,214,95,100,-109,
 1731,-59,-239,220,103,95,-107,
 1732,-62,-219,220,107,91,-105,
 1733,-63,-242,207,105,91,-107,
 1734,-60,-242,223,106,100,-107,
 1735,-64,-235,220,101,94,-110,
 1736,-62,-237,221,104,96,-114,
 1737,-65,-252,224,100,97,-106,
 1738,-64,-251,212,109,87,-108,
 1739,-65,-244,221,112,94,-110,
 1740,-59,-261,219,105,100,-107,
 1741,-63,-230,227,110,103,-104,
 1742,-64,-235,220,104,94,-104,
 1743,-58,-247,218,111,93,-110,
 1744,-58,-240,223,110,95,-103,
 1745,-62,-233,227,114,102,-105,
 1746,-62,-252,228,115,95,-102,
 1747,-67,-241,216,115,101,-102,
 1748,-62,-243,219,106,95,-100,
 1749,-65,-244,218,111,97,-94,
 1750,-61,-237,226,115,91,-101,
 1751,-69,-236,220,111,99,-98,
 1752,-64,-229,208,116,94,-98,
 1753,-65,-229,221,118,102,-99,
 1754,-64,-238,216,117,99,-92,
 1755,-60,-247,218,113,90,-93,
 1756,-66,-226,212,113,98,-98,
 1757,-64,-240,222,115,96,-99,
 1758,-62,-249,211,113,102,-94,
 1759,-68,-239,221,115,99,-91,
 1760,-65,-240,221,121,104,-95,
 1761,-69,-231,215,128,100,-95,
 1762,-70,-234,221,119,87,-95,
 1763,-66,-244,229,129,89,-97,
 1764,-69,-230,225,129,98,-94,
 1765,-64,-245,228,134,94,-95,
 1766,-65,-249,229,128,90,-93,
 1767,-72,-231,228,128,101,-92,
 1768,-72,-254,231,119,96,-90,
 1769,-71,-245,228,120,98,-86,
 1770,-67,-250,219,117,106,-91,
 1771,-70,-239,226,122,107,-89,
 1772,-68,-235,226,128,91,-91,
 1773,-64,-249,226,124,107,-93,
 1774,-68,-235,230,138,108,-90,
 1775,-66,-245,222,140,99,-90,
 1776,-65,-253,216,143,94,-92,
 1777,-68,-243,222,134,105,-90,
 1778,-65,-252,222,124,117,-88,
 1779,-73,-233,234,126,104,-89,
 1780,-68,-231,226,124,106,-91,
 1781,-67,-245,221,120,109,-87,
 1782,-71,-228,228,129,105,-88,
 1783,-76,-257,233,141,100,-88,
 1784,-73,-233,219,136,105,-95,
 1785,-71,-248,228,135,117,-93,
 1786,-67,-233,218,124,107,-90,
 1787,-71,-250,224,122,109,-89,
 1788,-72,-256,226,133,104,-96,
 1789,-74,-237,214,124,105,-94,
 1790,-70,-260,229,122,109,-94,
 1791,-72,-232,222,132,113,-89,
 1792,-73,-242,232,139,109,-86,
 1793,-73,-229,225,132,107,-90,
 1794,-73,-238,232,132,109,-94,
 1795,-68,-255,230,132,113,-91,
 1796,-71,-242,234,122,101,-91,
 1797,-72,-254,213,118,102,-92,
 1798,-74,-229,227,136,100,-91,
 1799,-69,-248,220,123,95,-89,
 1800,-63,-248,232,133,110,-89,
 1801,-70,-249,228,135,109,-87,
 1802,-67,-247,216,133,104,-86,
 1803,-73,-249,219,116,117,-84,
 1804,-75,-244,225,130,103,-83,
 1805,-76,-243,222,123,112,-86,
 1806,-72,-244,221,126,98,-85,
 1807,-77,-237,224,131,99,-86,
 1808,-74,-240,233,130,121,-87,
 1809,-77,-242,236,134,104,-88,
 1810,-73,-246,224,126,94,-83,
 1811,-77,-236,230,127,96,-88,
 1812,-77,-248,225,129,95,-89,
 1813,-75,-227,231,123,104,-85,
 1814,-74,-237,228,121,108,-81,
 1815,-79,-239,234,132,108,-84,
 1816,-75,-242,236,128,101,-94,
 1817,-73,-238,231,131,108,-88,
 1818,-75,-248,226,129,114,-91,
 1819,-67,-249,230,128,106,-88,
 1820,-73,-262,229,126,93,-84,
 1821,-75,-236,226,125,113,-87,
 1822,-78,-259,226,139,120,-87,
 1823,-73,-234,227,134,115,-86,
 1824,-73,-251,229,127,113,-93,
 1825,-77,-237,229,135,110,-88,
 1826,-80,-258,224,133,125,-87,
 1827,-76,-248,236,136,119,-92,
 1828,-79,-248,238,143,120,-89,
 1829,-72,-242,233,147,104,-84,
 1830,-78,-246,234,137,119,-84,
 1831,-76,-240,226,133,122,-88,
 1832,-79,-259,230,138,97,-91,
 1833,-80,-233,234,131,107,-91,
 1834,-78,-244,228,141,98,-90,
 1835,-75,-232,218,154,104,-87,
 1836,-67,-245,234,151,114,-76,
 1837,-76,-234,227,139,108,-62,
 1838,-75,-232,219,135,107,-41,
 1839,-73,-232,232,132,99,-19,
 1840,-71,-249,228,142,119,13,
 1841,-77,-229,219,152,105,39,
 1842,-80,-243,229,162,131,75,
 1843,-77,-248,231,148,111,59,
 1844,-79,-251,230,142,102,60,
 1845,-75,-239,228,130,108,82,
 1846,-80,-252,225,139,105,80,
 1847,-82,-247,238,143,126,84,
 1848,-86,-245,244,158,121,79,
 1849,-75,-249,239,160,113,79,
 1850,-82,-230,234,153,101,78,
 1851,-81,-240,234,145,115,80,
 1852,-80,-232,233,137,112,84,
 1853,-79,-254,236,155,128,76,
 1854,-78,-239,221,153,106,77,
 1855,-83,-240,230,155,114,85,
 1856,-75,-239,228,137,114,85,
 1857,-76,-250,235,141,109,85,
 1858,-76,-243,232,155,113,80,
 1859,-87,-240,241,149,116,83,
 1860,-82,-244,240,156,127,85,
 1861,-82,-239,226,145,115,87,
 1862,-87,-241,234,139,103,90,
 1863,-88,-232,238,142,112,88,
 1864,-78,-247,238,142,127,90,
 1865,-81,-230,229,150,102,88,
 1866,-77,-254,229,143,113,90,
 1867,-79,-231,240,144,96,91,
 1868,-74,-250,232,146,116,95,
 1869,-83,-239,232,161,99,98,
 1870,-81,-245,230,157,121,95,
 1871,-73,-253,232,148,113,94,
 1872,-78,-232,231,144,114,94,
 1873,-79,-256,224,136,96,95,
 1874,-87,-238,233,152,108,96,
 1875,-85,-239,233,156,99,92,
 1876,-85,-222,226,148,118,90,
 1877,-82,-228,231,132,101,90,
 1878,-88,-220,236,141,111,99,
 1879,-80,-222,241,153,111,95,
 1880,-82,-238,218,151,105,92,
 1881,-89,-221,229,147,104,94,
 1882,-87,-238,227,144,113,93,
 1883,-79,-227,231,143,128,94,
 1884,-78,-239,216,151,105,94,
 1885,-77,-232,232,158,99,94,
 1886,-80,-227,233,154,95,87,
 1887,-87,-240,236,142,108,90,
 1888,-80,-234,224,148,103,93,
 1889,-87,-247,237,161,125,95,
 1890,-85,-232,236,152,98,93,
 1891,-86,-230,231,142,118,95,
 1892,-82,-245,228,148,115,97,
 1893,-83,-236,241,157,118,95,
 1894,-84,-240,233,169,98,96,
 1895,-84,-230,231,162,105,100,
 1896,-86,-233,216,163,108,95,
 1897,-86,-224,233,139,110,94,
 1898,-83,-217,232,159,107,94,
 1899,-79,-241,221,172,105,90,
 1900,-82,-226,231,168,103,93,
 1901,-88,-231,234,159,105,95,
 1902,-84,-226,230,134,113,91,
 1903,-85,-230,221,155,104,98,
 1904,-85,-225,233,168,108,99,
 1905,-80,-223,234,156,94,102,
 1906,-85,-230,223,142,106,102,
 1907,-83,-207,240,149,111,97,
 1908,-83,-228,242,152,114,95,
 1909,-88,-219,231,165,108,91,
 1910,-89,-223,237,149,92,93,
 1911,-79,-226,234,144,107,100,
 1912,-80,-215,239,145,107,96,
 1913,-83,-241,221,153,115,94,
 1914,-82,-215,222,155,88,93,
 1915,-87,-232,235,150,102,93,
 1916,-80,-212,226,145,99,97,
 1917,-84,-224,229,156,111,91,
 1918,-85,-229,229,153,115,98,
 1919,-82,-221,237,147,96,95,
 1920,-87,-225,244,134,107,96,
 1921,-87,-223,229,144,99,101,
 1922,-86,-217,233,157,106,97,
 1923,-88,-233,226,152,101,96,
 1924,-85,-203,234,139,101,103,
 1925,-88,-220,219,143,107,98,
 1926,-78,-222,230,153,97,99,
 1927,-81,-214,236,155,112,108,
 1928,-87,-211,237,148,101,103,
 1929,-83,-222,233,131,114,99,
 1930,-83,-224,237,153,90,103,
 1931,-86,-212,235,155,107,104,
 1932,-88,-234,228,155,84,104,
 1933,-75,-220,229,146,95,98,
 1934,-80,-215,237,137,99,109,
 1935,-80,-205,236,159,93,103,
 1936,-86,-207,234,160,117,109,
 1937,-89,-214,239,152,106,105,
 1938,-85,-210,230,144,108,111,
 1939,-86,-215,239,157,79,106,
 1940,-81,-196,237,159,93,101,
 1941,-80,-213,218,169,94,103,
 1942,-83,-206,237,165,105,109,
 1943,-90,-210,226,145,108,107,
 1944,-86,-214,233,153,95,113,
 1945,-89,-212,228,169,106,108,
 1946,-89,-218,240,168,92,112,
 1947,-85,-204,234,146,99,111,
 1948,-85,-217,229,144,75,116,
 1949,-89,-204,224,166,102,115,
 1950,-86,-203,225,158,82,112,
 1951,-88,-214,218,145,92,115,
 1952,-87,-207,221,142,102,112,
 1953,-78,-216,233,158,90,115,
 1954,-82,-198,232,160,93,110,
 1955,-81,-223,236,148,83,113,
 1956,-79,-195,224,147,104,114,
 1957,-80,-220,233,152,79,109,
 1958,-77,-199,233,155,91,116,
 1959,-88,-193,221,152,89,107,
 1960,-87,-206,216,137,78,110,
 1961,-89,-199,221,143,105,116,
 1962,-90,-206,232,145,102,111,
 1963,-89,-202,231,155,121,112,
 1964,-87,-203,238,138,77,120,
 1965,-85,-183,222,137,104,111,
 1966,-83,-202,228,144,83,118,
 1967,-78,-200,225,142,96,119,
 1968,-78,-207,227,140,88,119,
 1969,-83,-200,233,127,86,119,
 1970,-71,-207,231,135,81,115,
 1971,-74,-206,231,138,95,119,
 1972,-74,-191,233,146,89,122,
 1973,-80,-207,229,146,86,116,
 1974,-82,-198,226,133,95,117,
 1975,-83,-208,228,138,83,120,
 1976,-76,-200,217,153,92,112,
 1977,-85,-211,222,147,79,117,
 1978,-76,-191,220,138,83,118,
 1979,-85,-199,226,138,80,112,
 1980,-77,-194,225,146,99,112,
 1981,-76,-206,226,162,89,120,
 1982,-75,-190,213,139,103,111,
 1983,-78,-210,225,133,82,115,
 1984,-82,-188,230,134,90,116,
 1985,-68,-198,227,161,83,113,
 1986,-71,-191,221,165,94,116,
 1987,-78,-190,212,145,77,120,
 1988,-79,-179,225,133,93,114,
 1989,-78,-196,220,143,83,122,
 1990,-78,-177,223,155,91,116,
 1991,-81,-202,216,152,85,116,
 1992,-71,-191,221,151,82,117,
 1993,-77,-206,215,132,87,109,
 1994,-86,-191,216,138,102,113,
 1995,-76,-198,211,161,77,116,
 1996,-84,-179,216,151,77,118,
 1997,-73,-203,221,141,67,107,
 1998,-76,-176,223,132,81,107,
 1999,-79,-181,202,142,75,110,
 2000,-77,-181,220,150,79,109,
 2001,-78,-189,212,148,74,118,
 2002,-80,-182,211,135,83,109,
 2003,-72,-183,220,127,71,113,
 2004,-68,-180,207,137,84,116,
 2005,-78,-171,214,150,69,105,
 2006,-78,-185,216,138,74,105,
 2007,-82,-163,228,135,76,106,
 2008,-71,-193,218,125,81,105,
 2009,-76,-170,222,135,80,102,
 2010,-81,-180,211,140,86,107,
 2011,-83,-175,207,137,78,109,
 2012,-81,-189,210,140,82,111,
 2013,-74,-174,225,115,72,108,
 2014,-75,-185,222,127,86,107,
 2015,-77,-172,223,136,79,103,
 2016,-65,-169,216,138,73,106,
 2017,-73,-188,216,128,80,102,
 2018,-74,-169,213,134,71,107,
 2019,-74,-188,221,130,69,113,
 2020,-73,-171,223,128,61,107,
 2021,-71,-183,220,125,77,115,
 2022,-71,-166,210,130,73,108,
 2023,-67,-182,222,125,86,113,
 2024,-70,-180,214,121,68,101,
 2025,-70,-168,215,139,66,103,
 2026,-71,-186,222,143,68,106,
 2027,-76,-175,218,131,66,104,
 2028,-76,-185,225,123,69,105,
 2029,-75,-166,226,125,62,101,
 2030,-72,-173,211,126,70,107,
 2031,-78,-178,224,133,64,105,
 2032,-71,-165,213,133,68,107,
 2033,-64,-177,213,137,78,111,
 2034,-71,-164,209,127,75,107,
 2035,-70,-167,223,119,77,109,
 2036,-64,-168,218,126,72,103,
 2037,-69,-169,212,132,82,108,
 2038,-65,-174,221,148,70,102,
 2039,-72,-174,223,149,73,110,
 2040,-67,-157,218,132,74,108,
 2041,-68,-172,215,124,63,117,
 2042,-71,-166,214,126,79,115,
 2043,-71,-166,206,129,68,105,
 2044,-67,-171,217,141,73,113,
 2045,-74,-162,219,145,74,109,
 2046,-68,-164,217,124,66,106,
 2047,-64,-164,215,128,67,112,
 2048,-70,-153,217,121,62,109,
 2049,-69,-169,213,131,72,109,
 2050,-71,-157,209,141,84,106,
 2051,-73,-162,213,136,56,100,
 2052,-61,-170,212,124,62,106,
 2053,-63,-156,211,114,69,105,
 2054,-61,-154,208,115,64,101,
 2055,-66,-165,215,124,72,110,
 2056,-62,-148,208,127,66,103,
 2057,-56,-161,213,132,55,110,
 2058,-66,-169,209,115,60,106,
 2059,-62,-158,214,116,63,110,
 2060,-65,-155,213,107,73,111,
 2061,-57,-170,209,111,78,108,
 2062,-66,-154,198,115,60,105,
 2063,-67,-157,208,132,64,113,
 2064,-60,-166,213,131,58,105,
 2065,-69,-156,210,115,50,102,
 2066,-65,-155,217,120,58,104,
 2067,-62,-170,212,119,68,103,
 2068,-68,-154,214,109,71,106,
 2069,-63,-141,216,106,60,109,
 2070,-66,-169,213,113,61,99,
 2071,-61,-171,220,116,58,99,
 2072,-61,-156,210,112,68,99,
 2073,-64,-161,214,113,74,99,
 2074,-57,-161,208,119,69,105,
 2075,-59,-162,206,112,64,102,
 2076,-63,-150,209,96,69,96,
 2077,-59,-156,206,112,64,98,
 2078,-62,-157,210,114,73,98,
 2079,-56,-153,206,113,60,99,
 2080,-62,-161,210,114,68,95,
 2081,-60,-157,217,110,53,90,
 2082,-59,-148,214,116,56,93,
 2083,-59,-145,210,102,71,91,
 2084,-57,-157,206,105,65,95,
 2085,-59,-156,207,107,53,96,
 2086,-56,-140,196,109,55,94,
 2087,-54,-153,201,113,55,92,
 2088,-56,-157,209,111,53,95,
 2089,-57,-149,218,109,59,96,
 2090,-54,-137,212,107,61,96,
 2091,-54,-155,213,99,58,100,
 2092,-57,-152,216,95,59,95,
 2093,-61,-157,198,87,49,93,
 2094,-59,-141,207,109,60,94,
 2095,-61,-155,204,109,68,96,
 2096,-60,-144,208,110,48,90,
 2097,-52,-159,207,110,59,92,
 2098,-56,-146,200,99,53,94,
