 0,31,11,-67,-42,-48,-80,
 1,33,10,-67,-42,-47,-80,
 2,33,10,-67,-42,-48,-80,
 3,32,11,-67,-42,-48,-80,
 4,32,11,-67,-41,-47,-80,
 5,31,11,-67,-42,-48,-80,
 6,32,10,-67,-42,-48,-80,
 7,32,11,-66,-42,-48,-80,
 8,32,11,-67,-42,-48,-79,
 9,31,11,-67,-41,-47,-80,
 10,32,11,-68,-42,-48,-80,
 11,31,11,-66,-42,-47,-79,
 12,31,11,-67,-41,-47,-79,
 13,32,11,-66,-41,-47,-80,
 14,31,10,-67,-41,-48,-80,
 15,31,11,-67,-41,-48,-80,
 16,31,11,-67,-41,-48,-80,
 17,31,11,-66,-41,-47,-80,
 18,31,10,-65,-41,-47,-81,
 19,32,11,-65,-42,-47,-80,
 20,30,11,-64,-41,-47,-81,
 21,31,10,-63,-41,-48,-81,
 22,31,11,-62,-42,-46,-81,
 23,31,10,-61,-42,-46,-82,
 24,30,11,-60,-41,-46,-83,
 25,30,10,-57,-41,-45,-84,
 26,30,10,-55,-42,-46,-86,
 27,31,9,-52,-42,-46,-87,
 28,30,9,-48,-42,-44,-89,
 29,30,8,-44,-43,-44,-92,
 30,30,7,-39,-43,-43,-95,
 31,30,7,-35,-44,-42,-99,
 32,30,5,-29,-44,-39,-103,
 33,30,4,-22,-44,-36,-107,
 34,29,3,-17,-45,-34,-112,
 35,29,2,-7,-45,-31,-119,
 36,29,0,0,-46,-28,-123,
 37,28,0,8,-46,-25,-129,
 38,28,-3,18,-46,-21,-135,
 39,29,-6,24,-47,-19,-141,
 40,28,-8,28,-47,-15,-145,
 41,27,-9,32,-48,-11,-143,
 42,27,-10,37,-49,-7,-133,
 43,26,-11,46,-50,-3,-124,
 44,25,-11,55,-50,0,-124,
 45,25,-11,58,-51,1,-123,
 46,23,-12,54,-51,6,-124,
 47,21,-12,46,-53,8,-126,
 48,20,-12,47,-53,11,-126,
 49,18,-12,46,-54,13,-128,
 50,16,-12,54,-54,14,-127,
 51,14,-11,64,-54,16,-126,
 52,11,-11,70,-55,17,-124,
 53,9,-11,70,-56,18,-122,
 54,6,-11,71,-56,18,-121,
 55,3,-13,76,-57,19,-120,
 56,1,-12,73,-58,18,-120,
 57,0,-14,75,-60,20,-123,
 58,-3,-16,77,-61,21,-126,
 59,-4,-18,78,-61,20,-127,
 60,-6,-21,85,-62,21,-126,
 61,-9,-20,90,-61,21,-122,
 62,-9,-21,93,-62,22,-118,
 63,-11,-22,101,-61,23,-119,
 64,-12,-22,100,-61,24,-123,
 65,-13,-20,104,-60,26,-127,
 66,-14,-19,99,-59,27,-130,
 67,-15,-17,95,-59,29,-126,
 68,-15,-17,99,-59,31,-122,
 69,-14,-17,97,-59,32,-122,
 70,-15,-18,98,-57,33,-127,
 71,-15,-18,101,-58,35,-129,
 72,-15,-22,101,-57,35,-125,
 73,-15,-30,98,-57,33,-117,
 74,-16,-39,102,-56,32,-121,
 75,-16,-41,103,-56,32,-125,
 76,-16,-47,98,-56,32,-122,
 77,-18,-48,94,-56,32,-118,
 78,-20,-40,95,-55,33,-123,
 79,-22,-37,100,-55,34,-126,
 80,-22,-40,97,-55,37,-119,
 81,-22,-49,98,-53,37,-116,
 82,-22,-53,97,-53,37,-122,
 83,-23,-55,95,-53,37,-120,
 84,-23,-60,91,-52,36,-117,
 85,-23,-59,93,-50,34,-125,
 86,-23,-58,95,-49,32,-121,
 87,-22,-60,95,-45,30,-115,
 88,-21,-64,99,-42,31,-119,
 89,-21,-63,99,-38,34,-113,
 90,-21,-62,94,-33,36,-118,
 91,-21,-62,97,-28,37,-122,
 92,-21,-65,96,-21,36,-119,
 93,-22,-66,89,-14,35,-126,
 94,-23,-63,96,-6,32,-120,
 95,-24,-59,89,-1,31,-123,
 96,-24,-60,91,2,32,-115,
 97,-23,-63,88,11,35,-118,
 98,-22,-60,94,16,37,-116,
 99,-21,-57,93,18,36,-126,
 100,-20,-58,90,21,36,-119,
 101,-22,-60,95,20,34,-124,
 102,-22,-57,89,18,30,-120,
 103,-24,-56,100,21,31,-122,
 104,-26,-60,96,21,32,-117,
 105,-27,-60,99,25,33,-125,
 106,-28,-59,93,31,34,-124,
 107,-28,-64,94,35,34,-124,
 108,-28,-63,92,39,32,-125,
 109,-29,-59,95,40,30,-117,
 110,-30,-65,93,41,29,-123,
 111,-32,-63,92,39,33,-126,
 112,-34,-60,95,37,34,-119,
 113,-36,-65,93,38,35,-123,
 114,-36,-62,92,37,33,-125,
 115,-37,-61,91,38,30,-123,
 116,-37,-61,94,41,29,-122,
 117,-38,-53,92,46,31,-126,
 118,-39,-58,92,47,33,-127,
 119,-41,-53,88,47,36,-120,
 120,-41,-59,92,46,34,-116,
 121,-38,-60,89,45,31,-122,
 122,-38,-59,83,47,30,-130,
 123,-40,-64,87,52,30,-129,
 124,-43,-63,84,54,33,-125,
 125,-42,-67,91,54,36,-121,
 126,-41,-63,88,50,36,-120,
 127,-39,-71,90,52,35,-117,
 128,-39,-62,92,55,32,-117,
 129,-41,-65,89,58,31,-122,
 130,-41,-60,87,57,33,-128,
 131,-39,-62,85,57,35,-125,
 132,-39,-61,89,61,37,-121,
 133,-41,-59,84,63,38,-121,
 134,-44,-66,88,61,36,-120,
 135,-44,-62,89,59,33,-122,
 136,-39,-72,90,65,34,-120,
 137,-40,-70,92,62,35,-116,
 138,-42,-72,93,61,37,-117,
 139,-44,-70,94,65,36,-111,
 140,-41,-60,95,62,37,-115,
 141,-42,-58,93,61,35,-117,
 142,-47,-65,90,63,33,-118,
 143,-46,-63,93,60,31,-118,
 144,-43,-65,90,63,32,-116,
 145,-43,-71,95,64,33,-108,
 146,-46,-69,99,62,34,-112,
 147,-43,-65,94,67,36,-118,
 148,-42,-63,90,62,36,-116,
 149,-44,-64,91,67,37,-114,
 150,-45,-61,86,65,34,-114,
 151,-42,-62,92,69,32,-115,
 152,-43,-67,87,63,32,-116,
 153,-44,-74,87,67,31,-113,
 154,-41,-76,92,64,31,-116,
 155,-44,-69,87,68,32,-115,
 156,-45,-65,88,66,33,-114,
 157,-41,-61,89,68,34,-113,
 158,-43,-65,88,66,35,-111,
 159,-47,-70,96,63,35,-114,
 160,-43,-74,96,68,35,-108,
 161,-47,-76,91,67,35,-108,
 162,-48,-74,97,65,34,-110,
 163,-44,-73,94,68,34,-109,
 164,-46,-70,89,68,34,-109,
 165,-47,-74,96,64,33,-110,
 166,-47,-72,92,64,32,-104,
 167,-50,-77,91,67,30,-112,
 168,-45,-68,86,66,25,-111,
 169,-46,-65,89,63,18,-117,
 170,-45,-62,93,59,10,-107,
 171,-43,-62,92,59,0,-111,
 172,-49,-65,94,61,-6,-114,
 173,-44,-64,98,64,-11,-110,
 174,-47,-60,96,66,-12,-108,
 175,-47,-59,96,68,-17,-109,
 176,-46,-67,93,68,-23,-106,
 177,-48,-71,89,69,-30,-106,
 178,-44,-71,86,70,-28,-109,
 179,-49,-63,88,75,-27,-107,
 180,-44,-63,86,69,-28,-111,
 181,-48,-74,93,68,-26,-103,
 182,-43,-81,99,65,-27,-105,
 183,-49,-73,95,63,-30,-105,
 184,-45,-70,88,64,-33,-105,
 185,-50,-76,99,69,-32,-104,
 186,-43,-79,95,71,-28,-102,
 187,-48,-79,99,68,-28,-105,
 188,-44,-77,96,74,-30,-105,
 189,-50,-71,93,78,-32,-108,
 190,-46,-75,102,74,-28,-102,
 191,-50,-71,100,74,-30,-103,
 192,-46,-68,96,77,-42,-102,
 193,-50,-69,98,72,-57,-106,
 194,-50,-62,95,78,-60,-102,
 195,-45,-70,100,69,-66,-101,
 196,-49,-66,92,79,-72,-99,
 197,-44,-68,95,73,-69,-98,
 198,-51,-65,95,77,-69,-103,
 199,-47,-76,94,77,-64,-101,
 200,-48,-71,97,80,-67,-103,
 201,-47,-71,94,85,-67,-104,
 202,-46,-78,101,85,-66,-100,
 203,-52,-77,96,82,-68,-103,
 204,-46,-81,98,85,-64,-102,
 205,-46,-76,101,82,-68,-109,
 206,-49,-75,95,82,-67,-108,
 207,-44,-87,94,84,-70,-107,
 208,-49,-81,100,85,-70,-102,
 209,-49,-75,95,76,-69,-105,
 210,-47,-75,96,83,-76,-106,
 211,-54,-80,96,74,-72,-106,
 212,-52,-71,103,84,-74,-107,
 213,-46,-74,96,85,-84,-111,
 214,-51,-70,95,83,-75,-117,
 215,-51,-60,100,79,-74,-114,
 216,-46,-66,91,73,-82,-114,
 217,-49,-68,91,80,-84,-116,
 218,-53,-67,95,80,-81,-111,
 219,-50,-75,102,76,-75,-118,
 220,-46,-81,101,79,-74,-122,
 221,-50,-77,95,85,-79,-120,
 222,-50,-80,99,82,-77,-122,
 223,-45,-85,99,83,-78,-118,
 224,-45,-73,101,75,-82,-117,
 225,-51,-78,98,85,-83,-128,
 226,-51,-78,103,87,-84,-124,
 227,-51,-69,103,85,-80,-123,
 228,-47,-70,107,92,-83,-118,
 229,-47,-70,99,92,-84,-131,
 230,-50,-68,106,93,-78,-119,
 231,-52,-71,104,90,-83,-121,
 232,-47,-77,103,85,-84,-117,
 233,-47,-73,103,91,-82,-117,
 234,-46,-80,98,86,-81,-117,
 235,-45,-76,107,94,-86,-115,
 236,-50,-82,99,94,-78,-125,
 237,-52,-84,100,91,-84,-115,
 238,-48,-78,98,91,-87,-116,
 239,-47,-80,103,86,-76,-122,
 240,-50,-73,105,87,-90,-120,
 241,-48,-74,102,91,-84,-121,
 242,-50,-78,106,84,-81,-118,
 243,-51,-68,99,91,-83,-125,
 244,-51,-77,98,92,-85,-118,
 245,-53,-73,98,95,-88,-120,
 246,-52,-73,104,102,-85,-125,
 247,-55,-78,105,94,-88,-119,
 248,-54,-79,112,100,-88,-116,
 249,-54,-82,105,105,-92,-123,
 250,-51,-71,103,104,-89,-124,
 251,-52,-82,104,90,-84,-120,
 252,-48,-79,98,92,-92,-124,
 253,-50,-70,107,96,-87,-119,
 254,-54,-82,110,111,-86,-123,
 255,-52,-72,112,110,-90,-116,
 256,-52,-82,105,107,-86,-111,
 257,-57,-77,106,102,-89,-114,
 258,-56,-86,104,102,-88,-112,
 259,-57,-76,102,105,-89,-114,
 260,-55,-86,102,107,-86,-117,
 261,-56,-83,108,112,-85,-115,
 262,-53,-87,101,110,-85,-114,
 263,-57,-84,105,113,-88,-114,
 264,-53,-85,109,115,-98,-110,
 265,-58,-76,111,111,-90,-117,
 266,-53,-82,99,124,-88,-111,
 267,-53,-78,100,117,-85,-117,
 268,-52,-83,108,122,-87,-113,
 269,-53,-80,104,105,-92,-115,
 270,-57,-89,101,108,-93,-120,
 271,-56,-77,102,109,-94,-113,
 272,-57,-85,100,113,-92,-119,
 273,-53,-73,111,121,-90,-113,
 274,-55,-80,100,125,-97,-111,
 275,-52,-79,107,109,-99,-114,
 276,-56,-87,107,127,-93,-109,
 277,-56,-84,108,134,-91,-114,
 278,-57,-85,103,135,-96,-108,
 279,-56,-85,108,131,-101,-105,
 280,-51,-93,112,124,-96,-106,
 281,-53,-87,107,113,-88,-109,
 282,-58,-88,104,117,-102,-114,
 283,-51,-82,105,120,-97,-107,
 284,-52,-78,107,128,-87,-111,
 285,-51,-82,107,123,-96,-108,
 286,-57,-76,103,130,-106,-106,
 287,-58,-90,110,133,-91,-112,
 288,-51,-86,104,131,-95,-111,
 289,-52,-89,110,120,-97,-115,
 290,-59,-87,104,117,-108,-107,
 291,-54,-86,107,117,-97,-108,
 292,-50,-90,101,112,-98,-108,
 293,-56,-83,102,122,-111,-110,
 294,-55,-89,111,126,-106,-118,
 295,-54,-93,109,135,-108,-109,
 296,-57,-94,109,132,-102,-107,
 297,-58,-94,112,130,-105,-109,
 298,-54,-89,103,127,-104,-105,
 299,-53,-96,107,121,-94,-109,
 300,-58,-94,111,127,-112,-108,
 301,-55,-88,112,118,-103,-107,
 302,-53,-96,106,121,-91,-115,
 303,-54,-92,104,124,-110,-109,
 304,-56,-96,111,128,-103,-110,
 305,-62,-93,114,124,-100,-109,
 306,-54,-91,104,119,-106,-109,
 307,-62,-88,103,122,-103,-111,
 308,-65,-88,100,127,-92,-109,
 309,-63,-94,104,128,-111,-111,
 310,-54,-93,100,116,-100,-107,
 311,-57,-98,101,125,-106,-107,
 312,-61,-100,103,125,-113,-114,
 313,-56,-98,104,116,-101,-105,
 314,-59,-102,99,127,-114,-109,
 315,-57,-98,104,131,-104,-114,
 316,-64,-95,105,131,-99,-107,
 317,-56,-98,109,126,-104,-107,
 318,-60,-92,98,134,-99,-112,
 319,-56,-99,110,117,-112,-103,
 320,-63,-96,109,130,-103,-99,
 321,-58,-100,109,133,-107,-105,
 322,-60,-99,106,130,-114,-98,
 323,-59,-96,104,130,-92,-98,
 324,-60,-91,103,136,-117,-103,
 325,-60,-95,106,144,-102,-99,
 326,-53,-97,102,140,-114,-100,
 327,-59,-93,102,129,-98,-104,
 328,-56,-94,97,129,-106,-103,
 329,-56,-98,104,132,-110,-97,
 330,-62,-97,100,136,-117,-98,
 331,-54,-90,96,145,-108,-100,
 332,-58,-101,102,148,-113,-93,
 333,-58,-100,103,137,-107,-95,
 334,-54,-96,106,136,-118,-97,
 335,-63,-93,103,132,-105,-103,
 336,-65,-95,105,142,-110,-98,
 337,-55,-98,108,148,-111,-98,
 338,-61,-97,111,141,-115,-97,
 339,-62,-102,108,147,-105,-104,
 340,-56,-103,106,132,-112,-102,
 341,-63,-99,101,146,-112,-96,
 342,-66,-98,104,144,-115,-97,
 343,-61,-97,108,166,-107,-96,
 344,-62,-99,101,160,-121,-93,
 345,-64,-100,99,147,-102,-100,
 346,-60,-98,108,132,-108,-96,
 347,-58,-101,106,147,-98,-94,
 348,-60,-95,101,160,-105,-100,
 349,-64,-102,106,163,-120,-100,
 350,-63,-97,101,144,-104,-99,
 351,-60,-109,104,143,-123,-105,
 352,-58,-106,116,149,-109,-106,
 353,-60,-99,107,168,-104,-104,
 354,-63,-100,103,164,-124,-101,
 355,-63,-95,107,149,-105,-102,
 356,-59,-107,103,135,-119,-101,
 357,-57,-104,112,153,-118,-99,
 358,-64,-106,111,148,-114,-102,
 359,-66,-108,105,161,-118,-102,
 360,-63,-101,100,142,-105,-100,
 361,-56,-106,98,141,-106,-98,
 362,-57,-103,102,158,-116,-97,
 363,-59,-109,96,163,-103,-98,
 364,-54,-103,97,159,-111,-100,
 365,-60,-107,110,149,-119,-101,
 366,-62,-105,103,145,-115,-99,
 367,-61,-103,106,157,-117,-101,
 368,-62,-101,106,157,-114,-98,
 369,-61,-107,99,144,-108,-95,
 370,-65,-101,111,137,-116,-93,
 371,-60,-108,101,155,-124,-97,
 372,-59,-107,103,158,-119,-95,
 373,-61,-111,96,154,-121,-93,
 374,-59,-108,104,135,-115,-88,
 375,-61,-113,104,151,-120,-87,
 376,-66,-108,108,167,-119,-89,
 377,-65,-101,98,153,-119,-90,
 378,-63,-109,97,153,-118,-92,
 379,-62,-109,105,151,-126,-94,
 380,-61,-108,107,161,-129,-88,
 381,-64,-113,111,158,-110,-89,
 382,-65,-107,106,149,-106,-87,
 383,-60,-116,108,155,-127,-92,
 384,-65,-119,109,168,-125,-92,
 385,-65,-113,107,165,-124,-91,
 386,-65,-112,96,150,-122,-86,
 387,-70,-108,100,161,-107,-86,
 388,-68,-110,110,191,-109,-86,
 389,-69,-110,106,173,-126,-88,
 390,-64,-115,99,154,-120,-89,
 391,-67,-110,108,167,-131,-84,
 392,-66,-112,104,189,-115,-82,
 393,-63,-119,106,173,-115,-87,
 394,-61,-117,106,154,-114,-86,
 395,-62,-118,108,173,-120,-84,
 396,-60,-112,104,191,-120,-87,
 397,-61,-111,106,170,-122,-83,
 398,-66,-109,112,161,-123,-86,
 399,-68,-110,101,182,-128,-89,
 400,-64,-112,107,178,-124,-89,
 401,-62,-113,101,163,-130,-86,
 402,-60,-118,104,172,-124,-87,
 403,-61,-122,107,176,-125,-83,
 404,-67,-118,109,162,-126,-85,
 405,-68,-111,106,159,-122,-86,
 406,-69,-116,109,180,-127,-84,
 407,-65,-120,112,157,-127,-84,
 408,-66,-116,110,160,-124,-81,
 409,-72,-115,106,174,-121,-80,
 410,-72,-121,110,173,-141,-84,
 411,-62,-115,114,158,-135,-84,
 412,-64,-125,105,172,-118,-80,
 413,-66,-120,103,179,-136,-84,
 414,-70,-120,105,167,-122,-79,
 415,-71,-116,107,173,-129,-79,
 416,-62,-120,100,180,-136,-81,
 417,-64,-118,98,170,-127,-77,
 418,-65,-118,102,166,-125,-82,
 419,-58,-121,104,195,-126,-76,
 420,-59,-122,103,177,-133,-77,
 421,-60,-123,103,160,-130,-77,
 422,-68,-126,103,195,-124,-73,
 423,-62,-117,105,182,-126,-80,
 424,-61,-117,111,166,-122,-83,
 425,-65,-118,105,207,-131,-80,
 426,-70,-116,105,186,-118,-81,
 427,-65,-116,104,158,-132,-85,
 428,-65,-121,111,209,-125,-88,
 429,-70,-123,114,186,-125,-87,
 430,-67,-124,117,176,-128,-86,
 431,-71,-118,101,197,-112,-83,
 432,-69,-112,103,181,-118,-82,
 433,-66,-113,108,174,-122,-77,
 434,-65,-118,109,186,-128,-68,
 435,-71,-121,108,176,-117,-52,
 436,-67,-124,104,174,-126,-33,
 437,-68,-123,99,193,-127,-6,
 438,-68,-125,108,174,-121,25,
 439,-67,-124,110,181,-127,44,
 440,-71,-125,103,180,-129,64,
 441,-73,-124,105,173,-137,69,
 442,-68,-125,110,192,-129,78,
 443,-69,-124,111,185,-118,81,
 444,-62,-117,112,171,-128,82,
 445,-65,-126,110,198,-130,79,
 446,-69,-124,108,178,-134,77,
 447,-69,-121,117,180,-128,80,
 448,-61,-116,107,201,-111,76,
 449,-67,-124,111,176,-119,81,
 450,-66,-132,103,206,-133,81,
 451,-71,-125,102,211,-131,78,
 452,-65,-129,107,176,-123,84,
 453,-66,-124,109,214,-127,84,
 454,-67,-131,99,183,-135,83,
 455,-67,-118,94,198,-130,84,
 456,-73,-121,107,208,-125,85,
 457,-64,-126,98,179,-128,87,
 458,-73,-118,96,209,-124,90,
 459,-69,-129,108,184,-133,87,
 460,-75,-132,100,182,-149,92,
 461,-75,-139,107,194,-125,95,
 462,-77,-134,107,185,-119,94,
 463,-69,-130,102,195,-122,92,
 464,-73,-129,91,191,-129,90,
 465,-73,-128,99,179,-136,92,
 466,-72,-129,101,209,-119,98,
 467,-68,-134,104,178,-123,104,
 468,-72,-136,106,199,-136,93,
 469,-66,-130,106,187,-135,95,
 470,-71,-126,90,188,-125,101,
 471,-66,-124,98,197,-131,100,
 472,-64,-124,96,188,-131,102,
 473,-61,-123,104,213,-132,102,
 474,-68,-125,104,186,-119,106,
 475,-73,-124,98,217,-121,104,
 476,-72,-137,102,215,-128,103,
 477,-74,-126,104,199,-118,105,
 478,-67,-127,106,228,-118,103,
 479,-71,-130,109,185,-129,108,
 480,-69,-133,102,214,-137,108,
 481,-75,-135,99,199,-138,100,
 482,-69,-133,104,201,-124,103,
 483,-65,-134,111,213,-121,104,
 484,-76,-130,106,186,-124,102,
 485,-76,-127,106,207,-120,102,
 486,-77,-128,105,185,-141,105,
 487,-67,-133,107,211,-127,107,
 488,-75,-138,114,187,-134,111,
 489,-75,-132,112,209,-136,109,
 490,-72,-139,107,206,-125,109,
 491,-73,-136,96,205,-127,106,
 492,-69,-125,106,200,-139,109,
 493,-71,-133,105,189,-136,105,
 494,-70,-128,105,212,-140,105,
 495,-69,-139,106,192,-136,107,
 496,-70,-134,103,214,-128,105,
 497,-61,-146,107,187,-138,106,
 498,-71,-136,109,228,-130,114,
 499,-63,-132,105,180,-131,111,
 500,-72,-132,109,228,-140,103,
 501,-70,-133,96,212,-124,106,
 502,-68,-136,100,216,-118,116,
 503,-73,-132,107,204,-142,105,
 504,-74,-136,111,204,-144,105,
 505,-75,-136,106,211,-123,107,
 506,-74,-134,111,207,-129,106,
 507,-73,-133,105,205,-137,102,
 508,-77,-140,108,204,-123,110,
 509,-72,-140,100,216,-123,105,
 510,-71,-141,105,194,-143,103,
 511,-74,-139,102,213,-139,109,
 512,-72,-137,107,191,-131,106,
 513,-77,-133,94,215,-115,116,
 514,-74,-136,105,192,-138,113,
 515,-72,-137,104,217,-151,111,
 516,-67,-138,105,218,-120,102,
 517,-69,-132,98,197,-130,105,
 518,-63,-131,93,221,-112,109,
 519,-74,-129,94,188,-135,106,
 520,-71,-132,98,224,-130,106,
 521,-67,-141,106,188,-140,104,
 522,-73,-138,100,211,-140,105,
 523,-71,-133,110,188,-137,104,
 524,-70,-140,107,211,-130,102,
 525,-70,-133,108,186,-129,109,
 526,-75,-129,104,215,-121,102,
 527,-75,-139,117,196,-137,104,
 528,-77,-140,106,211,-124,104,
 529,-70,-143,115,195,-123,117,
 530,-74,-140,110,217,-126,110,
 531,-71,-139,113,189,-110,112,
 532,-72,-141,108,216,-140,111,
 533,-76,-141,106,198,-147,116,
 534,-72,-133,110,221,-117,114,
 535,-74,-142,105,189,-131,111,
 536,-71,-142,103,227,-130,109,
 537,-66,-143,100,199,-133,110,
 538,-75,-140,109,235,-132,117,
 539,-74,-140,112,194,-120,115,
 540,-72,-143,107,232,-146,109,
 541,-68,-145,113,196,-128,117,
 542,-68,-142,109,222,-129,114,
 543,-68,-144,110,195,-144,107,
 544,-71,-133,106,224,-129,111,
 545,-73,-145,111,202,-135,116,
 546,-76,-145,101,208,-137,119,
 547,-71,-150,110,206,-108,127,
 548,-77,-142,119,201,-128,115,
 549,-73,-138,111,214,-132,115,
 550,-75,-135,105,211,-122,115,
 551,-77,-146,97,221,-117,115,
 552,-75,-137,108,199,-138,114,
 553,-74,-150,110,223,-144,121,
 554,-74,-135,113,194,-115,124,
 555,-74,-138,110,223,-121,123,
 556,-70,-143,103,199,-134,118,
 557,-75,-145,110,235,-125,118,
 558,-72,-152,113,193,-140,123,
 559,-72,-152,108,230,-135,118,
 560,-75,-139,106,212,-127,132,
 561,-71,-145,102,232,-129,129,
 562,-63,-146,111,208,-134,128,
 563,-63,-140,113,228,-136,126,
 564,-72,-144,110,222,-127,123,
 565,-68,-150,105,205,-151,123,
 566,-76,-149,107,213,-122,121,
 567,-69,-148,108,200,-138,120,
 568,-68,-146,103,222,-130,130,
 569,-73,-147,103,188,-118,121,
 570,-70,-146,100,217,-148,116,
 571,-67,-153,108,199,-125,120,
 572,-75,-149,111,208,-123,117,
 573,-71,-146,103,194,-135,119,
 574,-74,-137,104,219,-133,122,
 575,-71,-145,106,212,-126,125,
 576,-70,-141,104,222,-126,126,
 577,-75,-148,99,222,-148,126,
 578,-77,-147,105,213,-112,126,
 579,-71,-150,106,238,-134,122,
 580,-65,-145,100,197,-137,126,
 581,-69,-149,106,231,-111,128,
 582,-69,-149,99,194,-135,119,
 583,-71,-150,104,222,-131,124,
 584,-70,-149,106,200,-126,113,
 585,-69,-135,100,220,-131,119,
 586,-73,-142,102,202,-137,127,
 587,-71,-150,112,201,-123,125,
 588,-74,-152,99,215,-128,126,
 589,-72,-156,109,196,-148,126,
 590,-65,-151,110,228,-125,120,
 591,-75,-148,102,194,-135,127,
 592,-71,-143,98,224,-131,120,
 593,-71,-145,98,194,-129,126,
 594,-71,-159,100,229,-142,116,
 595,-71,-157,105,199,-126,121,
 596,-67,-150,111,235,-134,115,
 597,-66,-148,107,199,-129,124,
 598,-69,-142,112,215,-128,126,
 599,-72,-151,108,223,-112,132,
 600,-77,-142,101,208,-143,123,
 601,-77,-146,105,223,-131,128,
 602,-74,-142,101,197,-127,121,
 603,-73,-145,102,215,-137,128,
 604,-67,-145,104,203,-115,120,
 605,-69,-149,107,204,-131,128,
 606,-64,-150,111,220,-123,124,
 607,-69,-151,106,205,-116,117,
 608,-69,-147,104,205,-137,123,
 609,-70,-144,105,196,-133,127,
 610,-71,-144,106,225,-115,132,
 611,-71,-151,101,187,-118,130,
 612,-71,-152,105,233,-136,123,
 613,-70,-140,107,209,-106,135,
 614,-71,-148,101,220,-133,124,
 615,-69,-154,106,202,-129,132,
 616,-73,-151,106,211,-137,128,
 617,-73,-157,109,230,-133,126,
 618,-71,-152,110,187,-114,120,
 619,-69,-153,109,222,-127,140,
 620,-76,-152,108,197,-142,135,
 621,-70,-147,110,210,-127,129,
 622,-65,-160,107,211,-123,129,
 623,-67,-160,104,207,-135,122,
 624,-76,-150,109,212,-116,129,
 625,-70,-145,104,193,-138,128,
 626,-64,-147,106,215,-122,128,
 627,-62,-160,99,183,-109,128,
 628,-71,-145,111,212,-134,125,
 629,-64,-152,105,217,-107,127,
 630,-69,-143,108,210,-115,136,
 631,-70,-152,103,223,-121,136,
 632,-65,-155,114,206,-128,130,
 633,-68,-161,103,234,-110,130,
 634,-73,-156,108,195,-132,128,
 635,-67,-155,101,221,-116,128,
 636,-70,-156,111,208,-134,128,
 637,-69,-160,108,197,-112,124,
 638,-73,-160,111,203,-115,131,
 639,-68,-159,107,193,-142,124,
 640,-73,-155,111,209,-116,133,
 641,-67,-154,110,187,-129,136,
 642,-74,-151,111,216,-127,124,
 643,-67,-160,104,193,-113,123,
 644,-74,-150,107,197,-104,123,
 645,-66,-143,108,207,-145,124,
 646,-74,-145,107,194,-129,122,
 647,-71,-141,105,215,-120,126,
 648,-72,-151,107,190,-133,123,
 649,-67,-155,105,231,-113,116,
 650,-62,-148,107,178,-131,119,
 651,-64,-151,102,227,-114,135,
 652,-69,-140,105,196,-118,121,
 653,-67,-143,102,211,-120,125,
 654,-62,-151,103,192,-132,128,
 655,-63,-148,106,209,-126,134,
 656,-66,-150,98,208,-119,131,
 657,-65,-144,112,192,-134,127,
 658,-69,-149,110,217,-115,119,
 659,-68,-152,112,191,-131,127,
 660,-69,-156,108,213,-111,112,
 661,-65,-150,105,185,-120,122,
 662,-70,-143,108,202,-125,125,
 663,-69,-153,99,180,-111,122,
 664,-65,-153,106,203,-128,124,
 665,-70,-145,102,211,-129,121,
 666,-68,-150,101,199,-123,128,
 667,-71,-146,105,218,-106,127,
 668,-69,-150,107,187,-133,130,
 669,-73,-158,106,207,-124,124,
 670,-68,-155,109,181,-125,114,
 671,-72,-154,110,216,-132,128,
 672,-67,-152,110,188,-126,129,
 673,-69,-148,108,200,-123,123,
 674,-72,-160,103,173,-113,129,
 675,-64,-152,106,199,-134,133,
 676,-68,-154,105,186,-125,133,
 677,-71,-149,102,198,-124,126,
 678,-65,-152,102,206,-113,123,
 679,-63,-147,105,180,-123,125,
 680,-67,-159,102,209,-124,126,
 681,-64,-150,107,177,-106,112,
 682,-62,-155,105,208,-125,134,
 683,-65,-151,106,186,-111,122,
 684,-70,-157,105,206,-107,125,
 685,-65,-160,102,173,-120,122,
 686,-65,-146,109,209,-100,118,
 687,-71,-155,105,184,-105,128,
 688,-71,-151,106,217,-120,129,
 689,-69,-162,112,204,-113,127,
 690,-68,-163,101,199,-87,131,
 691,-68,-149,106,185,-115,119,
 692,-69,-147,110,204,-136,131,
 693,-65,-154,108,188,-122,129,
 694,-69,-151,107,178,-103,129,
 695,-70,-160,107,201,-113,125,
 696,-70,-150,107,182,-138,124,
 697,-66,-152,110,207,-110,124,
 698,-65,-153,110,175,-105,123,
 699,-63,-149,100,198,-121,126,
 700,-64,-161,106,170,-114,120,
 701,-71,-157,109,210,-120,120,
 702,-65,-155,109,181,-112,117,
 703,-62,-146,111,210,-134,121,
 704,-63,-147,112,176,-101,129,
 705,-63,-162,110,210,-119,115,
 706,-65,-153,113,179,-123,117,
 707,-62,-144,106,217,-109,114,
 708,-64,-144,111,180,-124,126,
 709,-63,-154,109,201,-100,128,
 710,-62,-162,110,184,-110,120,
 711,-61,-151,111,197,-119,123,
 712,-62,-148,103,173,-113,116,
 713,-65,-148,107,182,-102,119,
 714,-62,-157,110,171,-99,120,
 715,-69,-153,112,181,-135,128,
 716,-63,-150,108,182,-108,129,
 717,-68,-152,108,192,-103,121,
 718,-65,-150,109,173,-121,122,
 719,-66,-160,110,189,-105,126,
 720,-65,-154,110,187,-111,127,
 721,-66,-159,102,199,-117,122,
 722,-66,-147,106,198,-108,115,
 723,-68,-146,115,154,-111,113,
 724,-66,-159,107,205,-119,115,
 725,-64,-149,111,164,-104,117,
 726,-62,-143,115,192,-87,119,
 727,-64,-153,108,171,-113,119,
 728,-69,-162,108,187,-113,120,
 729,-66,-156,106,164,-115,124,
 730,-58,-153,109,181,-117,130,
 731,-64,-149,110,195,-113,134,
 732,-58,-154,113,148,-119,120,
 733,-62,-154,111,178,-99,131,
 734,-61,-160,114,163,-93,125,
 735,-60,-153,111,180,-99,116,
 736,-62,-160,116,170,-114,125,
 737,-58,-149,117,167,-107,124,
 738,-58,-159,117,172,-100,129,
 739,-64,-156,112,156,-128,129,
 740,-65,-150,113,189,-104,117,
 741,-63,-153,111,172,-104,122,
 742,-60,-156,106,191,-110,123,
 743,-58,-153,113,157,-109,122,
 744,-58,-152,111,194,-93,121,
 745,-63,-150,118,183,-103,120,
 746,-66,-155,116,171,-109,118,
 747,-64,-156,117,178,-92,109,
 748,-61,-157,110,167,-101,118,
 749,-63,-147,113,166,-112,117,
 750,-61,-149,107,159,-107,116,
 751,-59,-159,114,179,-87,116,
 752,-64,-162,114,151,-72,117,
 753,-57,-148,113,167,-103,119,
 754,-59,-150,122,177,-134,118,
 755,-61,-153,120,173,-97,114,
 756,-60,-159,116,171,-94,121,
 757,-63,-162,113,160,-128,114,
 758,-57,-161,120,178,-99,111,
 759,-60,-159,118,154,-101,113,
 760,-64,-157,115,184,-115,107,
 761,-60,-157,120,157,-102,108,
 762,-51,-159,114,171,-107,108,
 763,-55,-163,116,172,-108,117,
 764,-58,-154,119,151,-109,114,
 765,-56,-154,116,189,-100,107,
 766,-56,-153,113,159,-90,105,
 767,-60,-163,115,179,-98,107,
 768,-53,-163,113,180,-102,111,
 769,-51,-157,118,166,-113,109,
 770,-60,-157,116,180,-91,108,
 771,-56,-150,115,150,-97,108,
 772,-63,-158,119,179,-105,108,
 773,-63,-157,111,157,-98,102,
 774,-53,-156,120,149,-92,103,
 775,-61,-154,121,173,-99,102,
 776,-55,-158,117,148,-115,104,
 777,-58,-161,121,167,-100,111,
 778,-64,-159,118,154,-97,104,
 779,-57,-160,127,148,-101,102,
 780,-62,-153,125,174,-104,104,
 781,-56,-164,129,143,-99,100,
 782,-58,-161,118,169,-98,102,
 783,-59,-151,127,162,-105,108,
 784,-58,-150,125,147,-92,108,
 785,-61,-159,124,161,-106,112,
 786,-60,-163,125,148,-106,108,
 787,-63,-154,127,164,-95,103,
 788,-53,-149,124,172,-100,111,
 789,-59,-154,126,147,-96,107,
 790,-56,-158,121,180,-96,105,
 791,-62,-164,123,162,-88,102,
 792,-57,-153,118,143,-89,104,
 793,-53,-156,122,181,-101,105,
 794,-61,-164,117,145,-103,109,
 795,-55,-157,123,171,-83,103,
 796,-60,-163,124,165,-86,104,
 797,-55,-154,125,134,-86,106,
 798,-59,-148,127,159,-91,104,
 799,-51,-147,124,158,-98,102,
 800,-54,-161,132,144,-79,111,
 801,-52,-162,128,147,-86,101,
 802,-52,-157,133,155,-82,108,
 803,-60,-158,123,140,-89,101,
 804,-52,-160,129,162,-96,105,
 805,-53,-163,123,148,-94,103,
 806,-56,-168,129,137,-87,101,
 807,-53,-150,130,160,-104,104,
 808,-53,-150,129,132,-93,101,
 809,-49,-162,137,151,-89,100,
 810,-55,-164,138,153,-95,101,
 811,-57,-157,136,131,-86,103,
 812,-51,-155,136,146,-98,107,
 813,-58,-163,134,159,-92,102,
 814,-51,-149,127,139,-97,106,
 815,-55,-168,135,150,-89,100,
 816,-59,-165,138,156,-80,101,
 817,-51,-158,132,133,-84,103,
 818,-50,-150,133,149,-93,103,
 819,-59,-161,133,176,-90,101,
 820,-54,-159,122,142,-90,103,
 821,-53,-156,133,142,-85,102,
 822,-56,-157,134,168,-89,102,
 823,-57,-149,125,154,-91,108,
 824,-53,-164,127,125,-94,101,
 825,-58,-158,133,169,-88,110,
 826,-53,-148,132,149,-89,103,
 827,-53,-142,136,129,-81,104,
 828,-55,-155,138,160,-85,108,
 829,-58,-155,141,141,-88,103,
 830,-54,-156,130,130,-86,105,
 831,-52,-147,141,149,-81,108,
 832,-56,-158,135,137,-77,101,
 833,-58,-166,138,120,-83,100,
 834,-52,-162,142,133,-80,100,
 835,-53,-147,127,143,-79,100,
 836,-54,-161,128,131,-71,105,
 837,-51,-160,141,117,-78,105,
 838,-53,-154,136,144,-85,102,
 839,-57,-161,138,140,-77,99,
 840,-57,-144,133,123,-87,102,
 841,-58,-150,129,129,-75,100,
 842,-52,-151,133,138,-82,97,
 843,-52,-159,143,119,-73,103,
 844,-54,-149,141,126,-79,98,
 845,-53,-155,140,132,-84,97,
 846,-55,-155,141,133,-78,99,
 847,-53,-159,146,119,-75,97,
 848,-55,-158,145,140,-76,96,
 849,-49,-145,140,143,-80,100,
 850,-49,-154,138,138,-71,96,
 851,-50,-158,136,114,-81,96,
 852,-53,-166,149,147,-85,94,
 853,-54,-167,146,146,-72,92,
 854,-52,-158,144,133,-84,96,
 855,-50,-160,144,115,-72,94,
 856,-47,-162,134,144,-83,90,
 857,-48,-162,144,153,-81,94,
 858,-55,-159,143,124,-80,92,
 859,-54,-159,136,124,-84,94,
 860,-57,-161,144,153,-78,92,
 861,-53,-163,137,139,-73,93,
 862,-55,-164,138,122,-74,86,
 863,-50,-158,149,116,-76,89,
 864,-51,-148,142,138,-78,85,
 865,-51,-157,145,137,-81,86,
 866,-49,-164,151,129,-64,85,
 867,-47,-161,148,110,-80,87,
 868,-46,-157,142,130,-63,84,
 869,-50,-160,150,134,-76,84,
 870,-52,-158,147,117,-66,80,
 871,-51,-166,140,116,-74,84,
 872,-50,-159,140,121,-67,81,
 873,-52,-154,147,124,-60,85,
 874,-52,-147,145,119,-72,88,
 875,-54,-160,150,112,-63,82,
 876,-52,-153,139,111,-66,83,
 877,-54,-148,149,122,-75,90,
 878,-49,-146,149,119,-65,84,
 879,-51,-157,157,114,-50,87,
 880,-50,-153,153,118,-68,83,
 881,-49,-166,146,124,-63,87,
 882,-50,-156,155,121,-51,84,
 883,-49,-163,154,113,-56,84,
 884,-51,-170,155,108,-55,81,
 885,-50,-168,147,102,-53,80,
 886,-49,-152,149,114,-59,80,
 887,-50,-150,158,121,-55,87,
 888,-50,-159,152,115,-52,84,
 889,-49,-165,156,114,-57,80,
 890,-50,-163,148,104,-50,83,
 891,-49,-151,151,121,-55,83,
 892,-49,-157,156,125,-55,83,
 893,-51,-156,150,122,-53,82,
 894,-53,-155,155,111,-42,83,
 895,-55,-160,154,107,-46,85,
 896,-55,-156,155,120,-47,84,
 897,-51,-150,158,120,-51,82,
 898,-52,-164,164,133,-43,84,
 899,-50,-158,159,127,-43,85,
 900,-50,-159,160,107,-44,87,
 901,-49,-157,159,109,-42,83,
 902,-47,-163,147,114,-7,86,
 903,-49,-161,146,129,27,86,
 904,-51,-163,150,134,41,83,
 905,-50,-161,157,114,57,87,
 906,-52,-157,158,92,62,88,
 907,-52,-171,154,114,55,86,
 908,-51,-174,160,130,47,87,
 909,-49,-165,162,127,52,82,
 910,-46,-156,161,112,60,88,
 911,-47,-164,165,101,66,82,
 912,-47,-168,160,104,69,86,
 913,-50,-166,158,106,62,81,
 914,-52,-153,158,118,64,86,
 915,-51,-157,149,111,79,81,
 916,-50,-160,153,101,71,80,
 917,-46,-164,153,97,63,80,
 918,-45,-159,154,95,67,75,
 919,-46,-157,159,101,69,78,
 920,-50,-158,160,107,78,76,
 921,-49,-167,159,118,84,78,
 922,-52,-161,161,111,71,82,
 923,-50,-170,168,103,78,79,
 924,-48,-159,158,98,76,73,
 925,-49,-167,163,94,85,79,
 926,-50,-164,156,95,84,81,
 927,-52,-165,156,111,81,79,
 928,-53,-161,156,109,81,78,
 929,-48,-161,164,98,83,84,
 930,-46,-160,169,102,87,88,
 931,-46,-173,167,93,86,90,
 932,-50,-167,154,89,88,86,
 933,-50,-165,151,98,89,87,
 934,-46,-168,167,105,84,89,
 935,-47,-171,164,102,93,92,
 936,-49,-160,163,94,96,91,
 937,-50,-155,163,93,88,91,
 938,-54,-157,165,95,86,89,
 939,-52,-156,156,90,96,87,
 940,-47,-163,165,92,84,87,
 941,-47,-159,168,91,99,88,
 942,-53,-156,164,109,90,87,
 943,-52,-155,173,100,98,89,
 944,-50,-168,169,93,98,89,
 945,-47,-167,169,94,95,90,
 946,-47,-160,169,93,92,91,
 947,-52,-156,166,81,99,90,
 948,-52,-162,165,88,97,91,
 949,-51,-158,163,102,98,90,
 950,-49,-166,167,102,97,90,
 951,-49,-158,159,95,97,91,
 952,-51,-162,157,88,103,90,
 953,-53,-168,169,86,95,88,
 954,-51,-173,168,95,100,85,
 955,-49,-164,171,77,103,81,
 956,-48,-154,171,95,101,76,
 957,-53,-164,156,93,98,70,
 958,-53,-168,172,95,105,62,
 959,-50,-168,167,99,96,54,
 960,-49,-158,166,95,105,40,
 961,-50,-167,175,94,104,29,
 962,-52,-156,166,102,100,17,
 963,-48,-171,170,98,98,2,
 964,-47,-151,175,91,97,-16,
 965,-49,-165,175,98,102,-33,
 966,-55,-156,174,105,95,-37,
 967,-54,-175,174,105,104,-52,
 968,-51,-166,164,103,106,-53,
 969,-47,-158,176,109,104,-49,
 970,-52,-154,180,115,107,-45,
 971,-51,-168,174,106,99,-44,
 972,-52,-167,173,102,102,-54,
 973,-49,-165,183,92,103,-57,
 974,-51,-166,176,95,105,-62,
 975,-53,-162,174,90,104,-66,
 976,-51,-167,168,98,103,-69,
 977,-48,-168,172,102,96,-71,
 978,-46,-162,166,106,93,-72,
 979,-45,-158,171,109,101,-73,
 980,-50,-165,176,111,108,-73,
 981,-52,-170,177,111,100,-71,
 982,-53,-165,176,95,99,-71,
 983,-48,-160,169,92,102,-72,
 984,-45,-156,174,90,103,-75,
 985,-53,-167,168,90,98,-77,
 986,-53,-167,172,90,98,-80,
 987,-47,-166,167,93,99,-80,
 988,-46,-158,171,89,105,-80,
 989,-48,-163,176,91,107,-79,
 990,-51,-165,178,101,110,-77,
 991,-52,-161,171,113,104,-77,
 992,-49,-166,172,104,98,-77,
 993,-46,-151,168,96,98,-79,
 994,-44,-173,168,89,97,-81,
 995,-50,-170,178,93,97,-85,
 996,-54,-167,178,89,102,-87,
 997,-53,-161,178,81,102,-89,
 998,-52,-167,168,90,115,-89,
 999,-48,-172,173,91,108,-86,
 1000,-53,-166,174,90,95,-85,
 1001,-52,-164,180,92,109,-83,
 1002,-52,-165,176,92,121,-82,
 1003,-49,-170,180,95,125,-81,
 1004,-50,-166,182,92,105,-81,
 1005,-51,-161,183,91,104,-80,
 1006,-51,-161,181,89,104,-81,
 1007,-53,-167,173,84,118,-79,
 1008,-52,-175,170,92,115,-79,
 1009,-52,-166,165,82,110,-78,
 1010,-52,-157,178,79,108,-77,
 1011,-55,-156,176,90,109,-76,
 1012,-56,-180,178,85,112,-74,
 1013,-52,-173,182,87,113,-70,
 1014,-51,-164,179,94,117,-64,
 1015,-48,-163,180,93,105,-58,
 1016,-49,-169,170,95,107,-49,
 1017,-54,-170,169,86,101,-39,
 1018,-53,-153,178,86,99,-24,
 1019,-52,-164,181,83,112,-8,
 1020,-54,-161,182,90,114,6,
 1021,-50,-171,170,96,94,23,
 1022,-49,-170,176,90,111,41,
 1023,-49,-160,178,84,110,56,
 1024,-49,-161,182,84,117,54,
 1025,-53,-169,187,89,115,39,
 1026,-56,-178,182,87,113,41,
 1027,-52,-159,185,89,107,52,
 1028,-52,-162,176,90,117,61,
 1029,-52,-159,170,80,118,66,
 1030,-49,-172,187,87,108,71,
 1031,-52,-162,186,84,117,75,
 1032,-53,-154,186,82,104,84,
 1033,-56,-160,187,82,127,83,
 1034,-57,-171,188,83,115,80,
 1035,-53,-170,181,78,103,81,
 1036,-54,-168,180,87,110,79,
 1037,-53,-158,178,91,97,79,
 1038,-52,-169,173,90,108,79,
 1039,-53,-163,183,93,124,87,
 1040,-51,-177,176,92,105,89,
 1041,-50,-165,181,91,112,92,
 1042,-52,-170,181,91,100,98,
 1043,-52,-170,186,89,117,91,
 1044,-54,-178,178,88,113,92,
 1045,-53,-163,190,86,98,85,
 1046,-55,-158,190,87,113,85,
 1047,-53,-163,187,86,122,89,
 1048,-51,-172,183,86,116,87,
 1049,-51,-173,180,86,119,93,
 1050,-51,-170,177,80,120,92,
 1051,-51,-166,179,82,126,97,
 1052,-50,-164,184,88,124,93,
 1053,-51,-170,188,86,108,98,
 1054,-49,-168,187,87,115,93,
 1055,-51,-157,185,88,124,96,
 1056,-51,-155,176,86,131,96,
 1057,-52,-177,191,75,100,94,
 1058,-52,-168,191,94,112,99,
 1059,-51,-164,188,106,106,98,
 1060,-56,-156,181,98,97,101,
 1061,-50,-170,181,89,124,101,
 1062,-48,-174,178,91,109,99,
 1063,-49,-165,178,85,112,94,
 1064,-50,-157,182,86,99,96,
 1065,-53,-176,184,91,118,93,
 1066,-51,-177,179,89,111,95,
 1067,-51,-179,187,90,132,102,
 1068,-50,-177,177,84,107,99,
 1069,-50,-169,187,86,113,95,
 1070,-53,-181,192,90,112,94,
 1071,-50,-177,189,86,110,97,
 1072,-52,-164,183,100,131,95,
 1073,-52,-164,184,93,123,97,
 1074,-51,-170,186,94,106,97,
 1075,-56,-175,183,85,106,97,
 1076,-56,-174,181,88,121,96,
 1077,-55,-164,188,90,112,92,
 1078,-55,-173,192,94,118,92,
 1079,-57,-179,190,89,101,90,
 1080,-57,-184,188,98,121,94,
 1081,-59,-177,199,100,112,97,
 1082,-55,-168,198,99,121,95,
 1083,-55,-169,188,106,107,98,
 1084,-53,-180,191,101,126,96,
 1085,-54,-172,191,94,115,100,
 1086,-51,-171,188,92,111,98,
 1087,-54,-175,192,95,111,92,
 1088,-53,-169,198,101,124,97,
 1089,-54,-177,186,104,111,96,
 1090,-56,-168,189,104,116,95,
 1091,-56,-174,194,99,96,103,
 1092,-59,-170,194,107,111,95,
 1093,-56,-177,197,104,112,92,
 1094,-54,-177,193,107,116,98,
 1095,-51,-170,184,114,118,100,
 1096,-51,-172,187,111,124,98,
 1097,-51,-177,192,112,104,93,
 1098,-58,-180,196,109,129,94,
 1099,-60,-180,186,94,106,101,
 1100,-57,-173,203,94,132,95,
 1101,-58,-172,199,106,112,96,
 1102,-52,-191,201,107,123,97,
 1103,-55,-189,193,108,107,103,
 1104,-51,-169,205,117,129,95,
 1105,-53,-163,199,125,116,93,
 1106,-54,-171,194,125,119,95,
 1107,-55,-177,195,116,122,94,
 1108,-52,-180,196,111,100,91,
 1109,-53,-171,191,103,93,96,
 1110,-51,-171,194,109,104,95,
 1111,-57,-173,194,106,107,98,
 1112,-56,-179,188,109,117,100,
 1113,-52,-179,185,112,120,101,
 1114,-52,-177,195,120,105,98,
 1115,-56,-167,198,125,116,102,
 1116,-56,-178,204,121,112,105,
 1117,-50,-176,194,113,120,98,
 1118,-58,-173,196,107,101,102,
 1119,-62,-165,198,108,105,102,
 1120,-52,-173,192,106,122,99,
 1121,-55,-188,197,106,121,105,
 1122,-59,-166,198,114,119,101,
 1123,-57,-171,193,110,98,108,
 1124,-53,-170,190,112,119,111,
 1125,-50,-173,191,112,117,109,
 1126,-54,-176,198,115,128,117,
 1127,-61,-172,194,117,120,111,
 1128,-54,-164,196,106,113,110,
 1129,-57,-176,186,114,112,112,
 1130,-57,-183,188,107,109,112,
 1131,-55,-182,195,101,121,115,
 1132,-58,-168,199,113,116,113,
 1133,-57,-180,186,115,92,114,
 1134,-52,-173,196,118,127,120,
 1135,-58,-186,199,118,99,116,
 1136,-59,-167,203,114,118,114,
 1137,-54,-174,202,105,96,121,
 1138,-57,-175,199,109,106,117,
 1139,-58,-185,199,101,104,117,
 1140,-55,-169,200,114,120,120,
 1141,-58,-171,206,124,124,117,
 1142,-56,-177,194,115,107,111,
 1143,-55,-173,196,115,105,120,
 1144,-52,-182,210,118,126,124,
 1145,-57,-181,197,116,114,119,
 1146,-62,-176,204,108,116,114,
 1147,-53,-169,198,106,101,120,
 1148,-56,-173,190,114,107,117,
 1149,-55,-181,199,124,118,116,
 1150,-53,-178,200,122,116,115,
 1151,-55,-171,204,119,123,120,
 1152,-51,-176,198,113,101,108,
 1153,-59,-180,195,117,101,115,
 1154,-59,-181,197,117,102,114,
 1155,-53,-180,189,110,115,120,
 1156,-57,-177,203,112,123,116,
 1157,-51,-175,204,123,126,117,
 1158,-57,-174,193,124,124,118,
 1159,-56,-181,197,116,128,119,
 1160,-50,-182,200,115,97,119,
 1161,-56,-173,201,107,114,116,
 1162,-54,-163,200,122,124,117,
 1163,-59,-178,194,124,108,114,
 1164,-52,-182,204,127,106,118,
 1165,-59,-177,209,124,101,115,
 1166,-55,-173,204,128,106,119,
 1167,-59,-172,193,113,128,121,
 1168,-52,-165,199,110,109,115,
 1169,-58,-175,202,117,112,111,
 1170,-56,-176,203,122,105,116,
 1171,-61,-179,200,128,101,116,
 1172,-61,-177,192,130,113,115,
 1173,-57,-170,193,119,116,116,
 1174,-59,-168,200,123,105,116,
 1175,-53,-173,198,112,104,116,
 1176,-61,-177,189,120,106,122,
 1177,-60,-181,185,124,96,117,
 1178,-57,-185,198,136,108,120,
 1179,-58,-177,203,148,116,115,
 1180,-55,-172,205,135,121,116,
 1181,-63,-179,197,122,105,116,
 1182,-60,-186,206,120,104,114,
 1183,-61,-180,201,114,94,109,
 1184,-61,-175,195,140,107,109,
 1185,-63,-169,192,147,92,111,
 1186,-59,-183,187,133,101,103,
 1187,-56,-167,198,125,98,108,
 1188,-55,-174,191,124,100,115,
 1189,-54,-181,201,129,94,111,
 1190,-55,-184,198,134,106,115,
 1191,-58,-172,207,138,109,110,
 1192,-56,-183,200,144,101,113,
 1193,-58,-167,197,125,113,114,
 1194,-51,-172,211,137,125,114,
 1195,-59,-176,204,136,107,116,
 1196,-52,-185,203,139,75,116,
 1197,-59,-175,201,130,78,115,
 1198,-60,-173,195,113,99,115,
 1199,-62,-190,201,123,113,111,
 1200,-58,-183,193,129,105,114,
 1201,-59,-183,206,129,121,112,
 1202,-59,-183,202,136,111,117,
 1203,-61,-180,203,122,105,122,
 1204,-51,-174,202,127,113,125,
 1205,-58,-186,194,118,109,118,
 1206,-57,-184,199,130,105,118,
 1207,-56,-175,197,126,115,123,
 1208,-55,-176,200,128,99,123,
 1209,-61,-179,193,125,97,117,
 1210,-54,-174,198,113,88,123,
 1211,-60,-175,193,121,80,117,
 1212,-62,-177,188,129,66,113,
 1213,-57,-178,196,131,95,121,
 1214,-57,-188,199,130,107,122,
 1215,-58,-184,202,122,135,123,
 1216,-58,-173,208,128,131,118,
 1217,-57,-175,209,136,88,120,
 1218,-55,-176,206,130,112,127,
 1219,-63,-178,204,131,117,123,
 1220,-64,-175,201,118,116,125,
 1221,-62,-177,203,120,122,135,
 1222,-63,-174,196,137,100,129,
 1223,-60,-175,203,135,107,130,
 1224,-60,-173,201,136,116,124,
 1225,-57,-169,198,123,83,120,
 1226,-57,-171,206,129,97,132,
 1227,-54,-167,201,127,67,126,
 1228,-59,-180,189,135,80,125,
 1229,-58,-187,201,123,98,125,
 1230,-57,-183,205,118,100,127,
 1231,-58,-181,204,135,102,134,
 1232,-52,-172,208,147,98,129,
 1233,-56,-181,212,154,106,125,
 1234,-60,-178,205,142,105,127,
 1235,-62,-180,204,132,106,119,
 1236,-57,-175,209,133,107,128,
 1237,-57,-169,206,148,101,120,
 1238,-60,-179,202,155,111,127,
 1239,-57,-182,201,139,105,130,
 1240,-61,-176,203,133,101,126,
 1241,-57,-178,202,137,104,128,
 1242,-57,-182,205,158,115,125,
 1243,-65,-184,205,153,112,128,
 1244,-63,-190,199,133,102,125,
 1245,-59,-185,207,128,104,126,
 1246,-59,-182,206,134,100,124,
 1247,-64,-179,199,158,109,126,
 1248,-63,-180,198,144,97,123,
 1249,-56,-184,203,141,102,132,
 1250,-56,-192,207,127,111,127,
 1251,-64,-186,201,138,96,125,
 1252,-56,-190,206,141,121,122,
 1253,-59,-187,213,133,102,121,
 1254,-63,-181,202,129,103,123,
 1255,-57,-183,210,117,114,130,
 1256,-62,-188,204,136,100,122,
 1257,-64,-189,199,139,100,123,
 1258,-57,-175,202,134,106,119,
 1259,-55,-172,208,140,93,124,
 1260,-55,-181,205,136,109,132,
 1261,-60,-185,202,140,93,128,
 1262,-55,-186,205,136,75,129,
 1263,-59,-185,195,134,95,124,
 1264,-56,-189,207,132,112,122,
 1265,-56,-176,200,145,87,125,
 1266,-53,-178,213,138,95,129,
 1267,-59,-185,209,137,113,127,
 1268,-56,-183,210,137,101,123,
 1269,-55,-189,205,134,91,121,
 1270,-58,-178,215,141,85,132,
 1271,-58,-183,204,141,101,133,
 1272,-53,-177,215,140,108,136,
 1273,-58,-190,218,133,85,127,
 1274,-57,-188,205,127,95,131,
 1275,-56,-188,201,148,97,133,
 1276,-64,-184,206,154,78,132,
 1277,-53,-175,209,149,112,129,
 1278,-59,-183,210,134,98,129,
 1279,-62,-189,211,140,97,129,
 1280,-55,-189,210,156,95,125,
 1281,-61,-189,207,158,91,133,
 1282,-59,-192,211,143,115,137,
 1283,-60,-191,204,137,106,134,
 1284,-61,-186,213,143,88,140,
 1285,-63,-189,207,158,104,133,
 1286,-58,-186,205,155,76,134,
 1287,-62,-184,210,139,88,135,
 1288,-63,-185,212,137,94,133,
 1289,-57,-178,201,154,80,131,
 1290,-60,-172,209,163,108,127,
 1291,-61,-175,209,140,107,118,
 1292,-58,-183,215,131,99,128,
 1293,-57,-192,208,154,105,131,
 1294,-62,-192,210,145,97,123,
 1295,-56,-184,198,155,103,121,
 1296,-60,-186,204,137,96,120,
 1297,-58,-179,206,135,87,123,
 1298,-54,-183,203,142,92,126,
 1299,-61,-186,205,133,89,122,
 1300,-60,-181,210,134,101,120,
 1301,-53,-186,209,127,98,125,
 1302,-59,-185,195,140,81,125,
 1303,-61,-183,203,139,93,123,
 1304,-60,-182,207,138,96,128,
 1305,-52,-163,200,118,45,116,
 1306,-53,-174,189,131,65,118,
 1307,-54,-180,182,131,59,119,
 1308,-58,-185,195,135,63,126,
 1309,-57,-186,182,129,69,122,
 1310,-61,-182,200,128,90,118,
 1311,-52,-180,203,145,106,116,
 1312,-57,-182,206,144,106,119,
 1313,-56,-179,195,138,104,119,
 1314,-55,-183,212,140,84,127,
 1315,-54,-175,207,145,97,116,
 1316,-59,-187,203,138,84,116,
 1317,-60,-180,201,151,108,129,
 1318,-56,-181,202,141,65,131,
 1319,-60,-172,204,126,55,114,
 1320,-55,-184,194,124,35,124,
 1321,-53,-191,201,144,47,125,
 1322,-54,-186,202,152,60,124,
 1323,-53,-183,196,144,97,136,
 1324,-58,-186,209,127,107,124,
 1325,-55,-178,206,132,96,123,
 1326,-51,-185,199,156,85,130,
 1327,-60,-187,200,159,94,120,
 1328,-53,-192,210,138,98,123,
 1329,-58,-181,208,125,90,132,
 1330,-56,-184,201,134,106,125,
 1331,-55,-184,199,146,84,130,
 1332,-54,-187,198,137,80,122,
 1333,-57,-196,198,128,92,127,
 1334,-51,-189,202,137,84,121,
 1335,-60,-182,198,147,90,126,
 1336,-53,-189,194,128,90,130,
 1337,-54,-191,207,138,97,121,
 1338,-58,-185,203,128,73,131,
 1339,-50,-182,215,134,96,125,
 1340,-56,-186,206,143,87,126,
 1341,-51,-191,201,129,87,119,
 1342,-50,-186,211,133,86,131,
 1343,-52,-189,207,130,101,133,
 1344,-53,-191,208,139,90,124,
 1345,-59,-186,193,138,83,130,
 1346,-51,-187,197,135,70,124,
 1347,-58,-183,202,119,90,123,
 1348,-59,-183,201,140,88,118,
 1349,-52,-189,196,144,97,126,
 1350,-54,-183,198,134,83,121,
 1351,-54,-185,203,127,86,121,
 1352,-50,-185,194,128,82,124,
 1353,-59,-184,209,145,83,120,
 1354,-57,-192,201,136,86,119,
 1355,-54,-184,209,132,89,121,
 1356,-56,-192,193,118,86,123,
 1357,-57,-179,207,126,94,118,
 1358,-51,-183,206,149,85,120,
 1359,-56,-186,213,145,92,119,
 1360,-53,-180,200,135,86,115,
 1361,-50,-183,200,125,87,118,
 1362,-58,-195,198,140,85,111,
 1363,-55,-197,206,148,87,122,
 1364,-50,-192,206,158,76,117,
 1365,-55,-186,207,134,92,113,
 1366,-56,-186,211,132,84,117,
 1367,-50,-180,201,157,84,116,
 1368,-51,-183,199,155,75,116,
 1369,-53,-177,206,154,84,118,
 1370,-52,-185,195,140,78,119,
 1371,-51,-185,210,143,92,118,
 1372,-56,-185,209,150,78,117,
 1373,-53,-184,205,151,90,110,
 1374,-51,-184,199,127,85,120,
 1375,-51,-175,213,132,85,111,
 1376,-53,-181,206,152,82,122,
 1377,-54,-191,192,139,90,112,
 1378,-51,-183,202,133,81,117,
 1379,-47,-187,210,133,93,108,
 1380,-54,-187,215,129,63,118,
 1381,-53,-186,212,145,77,117,
 1382,-54,-184,208,141,71,114,
 1383,-49,-184,209,131,79,120,
 1384,-49,-188,209,127,83,115,
 1385,-55,-176,211,129,76,118,
 1386,-53,-189,206,146,73,116,
 1387,-51,-184,199,138,76,115,
 1388,-47,-186,197,117,83,123,
 1389,-48,-190,204,125,73,116,
 1390,-51,-176,195,137,85,117,
 1391,-55,-185,205,147,66,119,
 1392,-55,-188,205,138,81,116,
 1393,-50,-191,207,124,67,122,
 1394,-53,-189,207,125,81,116,
 1395,-50,-183,205,138,74,115,
 1396,-49,-189,199,136,80,114,
 1397,-48,-188,203,130,71,114,
 1398,-51,-185,201,121,74,119,
 1399,-52,-183,198,126,88,115,
 1400,-52,-188,194,134,78,114,
 1401,-55,-184,201,125,82,107,
 1402,-52,-178,207,132,62,108,
 1403,-52,-184,198,126,75,110,
 1404,-51,-184,206,130,78,112,
 1405,-47,-187,206,127,69,113,
 1406,-48,-195,205,154,64,104,
 1407,-48,-186,198,136,74,108,
 1408,-49,-188,205,117,78,105,
 1409,-47,-189,202,140,71,108,
 1410,-47,-192,200,137,73,113,
 1411,-47,-189,193,145,60,109,
 1412,-47,-185,198,139,69,113,
 1413,-48,-192,194,119,91,106,
 1414,-49,-191,207,136,65,103,
 1415,-47,-182,204,142,72,108,
 1416,-47,-189,193,143,67,103,
 1417,-46,-195,203,137,61,112,
 1418,-49,-192,197,133,75,107,
 1419,-51,-183,203,134,72,105,
 1420,-46,-187,208,138,71,104,
 1421,-50,-191,203,153,82,103,
 1422,-49,-183,199,139,64,105,
 1423,-49,-186,193,127,66,109,
 1424,-48,-192,194,126,71,104,
 1425,-45,-185,210,134,76,102,
 1426,-49,-178,208,145,72,100,
 1427,-47,-190,205,132,60,108,
 1428,-43,-188,205,119,66,97,
 1429,-46,-193,198,118,80,103,
 1430,-46,-182,198,135,63,95,
 1431,-47,-191,197,128,66,97,
 1432,-48,-197,199,132,67,98,
 1433,-45,-186,192,127,79,99,
 1434,-44,-173,197,122,75,87,
 1435,-42,-184,204,120,76,95,
 1436,-47,-184,202,129,76,90,
 1437,-45,-190,204,130,76,91,
 1438,-47,-197,208,117,65,93,
 1439,-43,-188,206,122,69,90,
 1440,-43,-189,208,122,68,90,
 1441,-49,-190,199,122,64,87,
 1442,-50,-195,211,127,73,90,
 1443,-45,-187,195,136,78,88,
 1444,-44,-192,204,125,73,85,
 1445,-47,-193,195,124,59,85,
 1446,-48,-198,205,129,71,94,
 1447,-44,-192,206,130,44,85,
 1448,-44,-194,205,131,64,89,
 1449,-50,-197,203,123,70,87,
 1450,-43,-196,199,126,65,81,
 1451,-42,-190,203,112,62,83,
 1452,-47,-190,198,107,70,89,
 1453,-44,-198,205,121,49,81,
 1454,-41,-188,201,130,66,83,
 1455,-48,-197,191,124,70,79,
 1456,-47,-188,204,122,61,80,
 1457,-45,-196,203,118,58,78,
 1458,-47,-199,190,107,65,78,
 1459,-44,-183,191,117,71,80,
 1460,-44,-199,201,129,59,79,
 1461,-47,-196,202,135,57,75,
 1462,-40,-209,199,122,56,75,
 1463,-46,-196,197,129,63,70,
 1464,-44,-199,189,124,65,75,
 1465,-46,-203,202,124,63,78,
 1466,-44,-192,207,131,72,80,
 1467,-42,-198,198,120,69,78,
 1468,-45,-199,205,119,69,80,
 1469,-47,-180,212,116,75,78,
 1470,-43,-197,202,108,59,78,
 1471,-46,-187,197,127,51,85,
 1472,-41,-188,195,128,53,77,
 1473,-45,-190,205,124,59,75,
 1474,-41,-197,201,119,77,78,
 1475,-47,-186,202,116,71,79,
 1476,-41,-196,201,114,61,78,
 1477,-46,-198,200,128,61,78,
 1478,-40,-197,202,134,64,77,
 1479,-46,-192,202,132,58,82,
 1480,-42,-196,205,120,69,81,
 1481,-45,-189,201,117,69,76,
 1482,-43,-188,193,111,62,79,
 1483,-43,-197,203,109,64,74,
 1484,-43,-190,192,114,69,77,
 1485,-40,-195,205,124,60,79,
 1486,-45,-193,208,125,62,79,
 1487,-40,-190,195,129,56,74,
 1488,-43,-191,199,113,60,74,
 1489,-41,-195,207,111,70,71,
 1490,-40,-185,205,101,64,74,
 1491,-44,-199,203,103,64,74,
 1492,-42,-186,209,118,58,71,
 1493,-44,-190,205,117,69,76,
 1494,-42,-196,206,121,55,74,
 1495,-38,-189,199,107,61,70,
 1496,-41,-186,202,111,59,70,
 1497,-40,-197,201,100,62,66,
 1498,-39,-197,199,106,55,70,
 1499,-42,-188,202,109,72,72,
 1500,-43,-197,199,120,69,72,
 1501,-41,-183,198,97,59,67,
 1502,-41,-197,196,99,55,70,
 1503,-46,-191,194,93,57,72,
 1504,-41,-197,195,102,49,69,
 1505,-44,-201,193,106,57,65,
 1506,-42,-191,197,105,68,67,
 1507,-40,-196,197,107,63,67,
 1508,-44,-193,195,106,57,66,
 1509,-45,-195,196,97,62,62,
 1510,-41,-195,202,97,54,53,
 1511,-40,-195,199,105,63,39,
 1512,-42,-206,204,98,73,-10,
 1513,-39,-192,197,97,57,-41,
 1514,-39,-198,189,94,51,-58,
 1515,-42,-188,194,100,46,-51,
 1516,-40,-197,198,107,49,-52,
 1517,-37,-188,196,105,53,-75,
 1518,-39,-199,200,97,65,-77,
 1519,-42,-184,194,99,64,-80,
 1520,-43,-199,207,106,64,-78,
 1521,-41,-195,201,103,53,-75,
 1522,-41,-192,198,90,59,-78,
 1523,-43,-195,188,99,56,-74,
 1524,-42,-194,196,100,63,-75,
 1525,-39,-199,199,97,67,-74,
 1526,-38,-197,198,101,65,-75,
 1527,-38,-195,199,100,64,-81,
 1528,-40,-195,209,93,59,-84,
 1529,-40,-194,203,97,69,-79,
 1530,-37,-203,204,97,55,-77,
 1531,-36,-192,200,95,63,-81,
 1532,-36,-197,206,99,62,-83,
 1533,-40,-195,198,95,62,-80,
 1534,-41,-200,194,99,63,-83,
 1535,-41,-187,201,99,65,-85,
 1536,-38,-199,203,96,61,-86,
 1537,-35,-187,203,99,52,-86,
 1538,-36,-198,201,98,55,-84,
 1539,-36,-198,204,89,60,-86,
 1540,-38,-185,199,94,64,-86,
 1541,-38,-199,204,98,66,-87,
 1542,-39,-191,205,90,55,-90,
 1543,-37,-204,201,95,63,-88,
 1544,-36,-198,197,93,59,-86,
 1545,-36,-202,200,86,51,-95,
 1546,-38,-209,206,95,57,-92,
 1547,-40,-193,210,110,52,-93,
 1548,-41,-196,197,110,54,-89,
 1549,-42,-198,198,106,53,-88,
 1550,-40,-203,191,107,59,-94,
 1551,-37,-196,204,114,53,-89,
 1552,-36,-193,208,113,58,-88,
 1553,-36,-210,207,107,50,-91,
 1554,-38,-194,203,104,48,-89,
 1555,-41,-203,199,101,53,-87,
 1556,-42,-197,201,90,50,-88,
 1557,-41,-194,205,91,55,-88,
 1558,-40,-197,208,90,52,-93,
 1559,-38,-197,197,94,55,-97,
 1560,-36,-197,194,89,54,-97,
 1561,-37,-200,199,99,53,-96,
 1562,-39,-201,206,103,56,-96,
 1563,-41,-206,199,97,48,-95,
 1564,-41,-203,191,97,49,-101,
 1565,-41,-205,202,104,55,-99,
 1566,-41,-212,203,105,51,-102,
 1567,-40,-200,205,99,58,-101,
 1568,-38,-197,208,113,55,-98,
 1569,-38,-208,206,110,58,-105,
 1570,-39,-195,197,100,48,-99,
 1571,-40,-199,194,88,56,-98,
 1572,-40,-207,197,83,51,-99,
 1573,-41,-203,205,93,58,-96,
 1574,-42,-193,211,91,52,-97,
 1575,-43,-198,211,89,62,-102,
 1576,-42,-201,201,92,59,-106,
 1577,-40,-204,205,87,53,-107,
 1578,-39,-206,203,93,53,-104,
 1579,-39,-207,201,85,54,-107,
 1580,-40,-204,189,90,57,-104,
 1581,-43,-193,192,92,60,-113,
 1582,-43,-206,199,91,61,-108,
 1583,-42,-202,205,93,53,-108,
 1584,-41,-204,208,93,61,-107,
 1585,-39,-206,197,98,56,-112,
 1586,-38,-205,194,95,63,-113,
 1587,-38,-205,204,96,61,-107,
 1588,-39,-201,204,90,58,-110,
 1589,-41,-211,202,87,66,-119,
 1590,-43,-207,195,88,51,-116,
 1591,-42,-204,208,92,64,-120,
 1592,-41,-203,201,90,61,-117,
 1593,-40,-203,200,86,53,-123,
 1594,-39,-211,207,88,65,-125,
 1595,-41,-202,202,88,49,-120,
 1596,-45,-208,195,86,61,-126,
 1597,-45,-212,210,81,62,-122,
 1598,-43,-209,211,87,59,-129,
 1599,-39,-214,211,85,59,-123,
 1600,-39,-212,197,85,59,-124,
 1601,-41,-209,206,85,57,-128,
 1602,-42,-210,201,88,58,-126,
 1603,-43,-205,201,81,57,-129,
 1604,-41,-200,207,84,63,-134,
 1605,-42,-208,203,85,64,-125,
 1606,-45,-214,206,89,57,-134,
 1607,-42,-218,204,85,56,-131,
 1608,-40,-209,203,84,63,-130,
 1609,-39,-197,195,86,60,-120,
 1610,-38,-196,200,84,55,-115,
 1611,-42,-202,198,84,48,-116,
 1612,-45,-215,194,85,40,-122,
 1613,-43,-216,191,87,65,-124,
 1614,-40,-215,198,89,63,-124,
 1615,-40,-217,212,83,61,-121,
 1616,-42,-217,209,82,61,-125,
 1617,-42,-216,212,80,62,-129,
 1618,-39,-205,206,79,69,-122,
 1619,-39,-217,205,83,67,-131,
 1620,-43,-218,205,77,71,-121,
 1621,-42,-215,197,85,65,-123,
 1622,-39,-214,210,87,59,-131,
 1623,-42,-204,214,84,65,-125,
 1624,-46,-208,210,85,64,-127,
 1625,-45,-211,212,84,56,-127,
 1626,-43,-225,202,85,63,-121,
 1627,-46,-214,201,87,59,-125,
 1628,-46,-215,206,87,64,-122,
 1629,-42,-218,200,82,65,-132,
 1630,-45,-224,194,84,59,-123,
 1631,-47,-224,202,87,59,-124,
 1632,-44,-227,205,77,72,-125,
 1633,-49,-226,198,83,67,-127,
 1634,-47,-222,201,86,63,-121,
 1635,-42,-217,202,84,70,-125,
 1636,-47,-221,200,79,64,-117,
 1637,-44,-224,197,81,65,-119,
 1638,-44,-226,197,83,61,-119,
 1639,-49,-224,205,81,62,-122,
 1640,-43,-214,207,81,62,-123,
 1641,-47,-221,199,84,70,-117,
 1642,-46,-216,209,81,56,-117,
 1643,-44,-230,207,77,58,-118,
 1644,-46,-226,204,77,57,-112,
 1645,-48,-227,209,84,59,-113,
 1646,-47,-216,203,79,73,-108,
 1647,-45,-208,198,78,61,-111,
 1648,-42,-222,213,84,76,-109,
 1649,-44,-221,209,82,65,-110,
 1650,-46,-216,209,83,65,-114,
 1651,-48,-222,211,74,72,-113,
 1652,-44,-220,209,83,65,-108,
 1653,-46,-224,201,75,62,-108,
 1654,-49,-217,200,74,59,-111,
 1655,-47,-227,194,70,67,-112,
 1656,-47,-224,196,88,65,-112,
 1657,-45,-226,194,104,73,-123,
 1658,-51,-215,200,96,73,-119,
 1659,-46,-215,206,89,70,-118,
 1660,-51,-223,215,90,70,-124,
 1661,-45,-222,214,82,67,-117,
 1662,-46,-234,215,86,67,-118,
 1663,-50,-229,209,90,63,-117,
 1664,-50,-218,207,88,74,-118,
 1665,-52,-226,200,88,73,-118,
 1666,-51,-223,209,87,69,-125,
 1667,-48,-219,198,85,68,-116,
 1668,-50,-214,203,78,70,-115,
 1669,-47,-224,205,82,55,-118,
 1670,-50,-233,195,83,57,-117,
 1671,-52,-231,208,88,73,-124,
 1672,-48,-226,217,89,78,-125,
 1673,-52,-221,218,84,64,-118,
 1674,-54,-235,203,81,70,-118,
 1675,-49,-232,206,86,71,-121,
 1676,-49,-229,212,84,63,-117,
 1677,-54,-238,204,85,76,-119,
 1678,-54,-215,207,84,75,-120,
 1679,-51,-226,208,84,75,-125,
 1680,-51,-233,211,77,79,-122,
 1681,-54,-237,203,79,79,-121,
 1682,-55,-228,204,86,73,-119,
 1683,-57,-223,208,88,72,-116,
 1684,-54,-232,212,87,67,-120,
 1685,-51,-232,218,87,80,-114,
 1686,-50,-231,216,90,75,-121,
 1687,-51,-228,211,91,75,-122,
 1688,-56,-234,210,89,79,-124,
 1689,-58,-220,204,94,86,-122,
 1690,-58,-239,205,92,80,-129,
 1691,-53,-236,208,91,68,-120,
 1692,-57,-229,215,95,81,-120,
 1693,-55,-235,216,92,73,-119,
 1694,-58,-229,217,87,79,-122,
 1695,-57,-237,202,89,75,-127,
 1696,-58,-240,208,92,79,-116,
 1697,-53,-229,219,94,84,-118,
 1698,-57,-220,222,89,82,-128,
 1699,-56,-240,213,91,86,-121,
 1700,-57,-229,201,88,84,-113,
 1701,-57,-229,210,93,87,-117,
 1702,-55,-234,207,87,86,-122,
 1703,-54,-233,206,85,79,-114,
 1704,-54,-242,214,80,86,-118,
 1705,-52,-234,213,87,90,-124,
 1706,-55,-234,213,86,86,-115,
 1707,-55,-240,200,88,76,-113,
 1708,-57,-232,202,93,82,-119,
 1709,-55,-221,213,89,83,-111,
 1710,-52,-235,215,86,87,-114,
 1711,-58,-237,201,93,87,-119,
 1712,-62,-231,208,94,91,-108,
 1713,-58,-229,200,94,88,-110,
 1714,-56,-232,211,99,87,-113,
 1715,-58,-240,219,100,83,-113,
 1716,-59,-215,212,97,89,-113,
 1717,-54,-222,213,92,83,-117,
 1718,-58,-235,206,91,100,-112,
 1719,-60,-239,211,86,86,-113,
 1720,-60,-237,223,100,88,-109,
 1721,-62,-238,210,108,85,-110,
 1722,-57,-235,219,102,86,-111,
 1723,-58,-242,212,106,89,-109,
 1724,-60,-227,223,102,96,-110,
 1725,-58,-243,220,99,95,-109,
 1726,-59,-228,218,97,91,-110,
 1727,-58,-236,224,97,87,-110,
 1728,-64,-242,216,99,90,-109,
 1729,-57,-242,218,100,93,-105,
 1730,-61,-231,214,101,97,-113,
 1731,-59,-234,220,99,95,-105,
 1732,-64,-236,218,105,94,-111,
 1733,-64,-234,218,108,105,-99,
 1734,-57,-234,210,111,95,-106,
 1735,-62,-245,217,107,100,-102,
 1736,-60,-233,217,106,95,-110,
 1737,-63,-233,212,100,95,-102,
 1738,-64,-248,204,96,88,-105,
 1739,-65,-244,216,110,94,-103,
 1740,-58,-233,220,110,96,-102,
 1741,-64,-230,217,98,98,-102,
 1742,-65,-253,215,107,100,-99,
 1743,-64,-223,218,110,102,-105,
 1744,-59,-248,211,115,101,-100,
 1745,-59,-246,212,113,107,-99,
 1746,-65,-240,219,113,96,-101,
 1747,-63,-250,219,111,100,-99,
 1748,-64,-243,218,111,95,-100,
 1749,-60,-234,216,112,97,-98,
 1750,-68,-244,220,120,107,-89,
 1751,-60,-237,211,117,101,-92,
 1752,-65,-236,221,116,96,-91,
 1753,-62,-231,219,113,91,-91,
 1754,-58,-235,214,106,97,-90,
 1755,-60,-238,217,116,95,-93,
 1756,-62,-246,222,114,104,-94,
 1757,-62,-243,211,116,98,-91,
 1758,-71,-240,213,113,96,-95,
 1759,-69,-242,216,119,83,-98,
 1760,-65,-233,223,113,84,-95,
 1761,-69,-250,228,145,89,-91,
 1762,-70,-237,210,122,97,-92,
 1763,-66,-229,218,116,86,-91,
 1764,-66,-224,216,110,78,-92,
 1765,-68,-233,213,114,79,-93,
 1766,-70,-234,212,115,87,-91,
 1767,-61,-230,214,116,104,-95,
 1768,-65,-248,220,113,98,-99,
 1769,-67,-235,215,120,108,-101,
 1770,-67,-247,220,131,101,-103,
 1771,-67,-242,227,126,99,-99,
 1772,-63,-236,210,134,97,-98,
 1773,-63,-257,232,135,102,-97,
 1774,-63,-237,227,123,120,-99,
 1775,-62,-251,214,118,111,-97,
 1776,-62,-261,227,116,106,-93,
 1777,-64,-229,225,114,97,-96,
 1778,-67,-260,222,124,101,-90,
 1779,-70,-222,227,133,101,-89,
 1780,-70,-251,211,130,107,-96,
 1781,-70,-235,208,126,93,-97,
 1782,-68,-226,213,126,116,-94,
 1783,-69,-240,223,125,117,-93,
 1784,-66,-228,217,120,104,-94,
 1785,-71,-243,217,126,101,-88,
 1786,-72,-241,221,125,99,-92,
 1787,-64,-241,227,125,105,-92,
 1788,-75,-244,221,127,108,-92,
 1789,-73,-237,219,134,106,-93,
 1790,-73,-241,222,124,99,-94,
 1791,-75,-237,214,127,108,-92,
 1792,-75,-254,213,118,103,-87,
 1793,-71,-243,218,120,99,-90,
 1794,-71,-247,221,124,103,-89,
 1795,-64,-229,230,129,112,-85,
 1796,-65,-235,221,129,102,-88,
 1797,-66,-239,211,130,111,-89,
 1798,-62,-243,223,127,102,-96,
 1799,-69,-254,221,126,102,-94,
 1800,-72,-246,223,123,103,-87,
 1801,-73,-259,216,124,104,-91,
 1802,-67,-244,224,121,96,-87,
 1803,-66,-249,215,125,115,-85,
 1804,-71,-232,227,127,103,-88,
 1805,-76,-236,218,127,105,-94,
 1806,-78,-249,231,130,114,-92,
 1807,-71,-242,225,123,89,-90,
 1808,-76,-241,228,122,89,-93,
 1809,-77,-235,230,124,95,-96,
 1810,-78,-247,227,126,100,-95,
 1811,-74,-223,225,122,106,-89,
 1812,-76,-237,234,125,108,-90,
 1813,-78,-223,234,130,103,-93,
 1814,-76,-247,229,130,113,-91,
 1815,-74,-237,229,130,109,-93,
 1816,-74,-244,231,131,119,-89,
 1817,-75,-231,222,126,114,-86,
 1818,-71,-250,227,128,104,-89,
 1819,-69,-245,223,126,115,-87,
 1820,-76,-232,221,129,116,-88,
 1821,-74,-243,232,134,119,-95,
 1822,-67,-248,230,134,110,-90,
 1823,-78,-245,232,130,100,-94,
 1824,-77,-246,225,122,117,-92,
 1825,-79,-255,233,131,124,-84,
 1826,-72,-242,239,134,118,-82,
 1827,-75,-244,238,131,110,-86,
 1828,-70,-229,225,130,105,-87,
 1829,-73,-237,231,138,129,-87,
 1830,-75,-231,237,133,115,-86,
 1831,-78,-247,228,129,108,-85,
 1832,-73,-232,225,134,101,-82,
 1833,-74,-243,233,141,91,-78,
 1834,-69,-237,228,134,98,-69,
 1835,-76,-242,222,143,101,-56,
 1836,-73,-232,222,134,102,-32,
 1837,-75,-247,229,139,109,-10,
 1838,-73,-235,227,124,97,20,
 1839,-72,-242,228,146,116,54,
 1840,-78,-244,214,150,105,71,
 1841,-82,-239,223,163,117,56,
 1842,-78,-229,225,150,110,68,
 1843,-80,-249,227,151,105,77,
 1844,-85,-242,224,140,111,85,
 1845,-82,-241,226,146,111,79,
 1846,-76,-234,244,153,132,83,
 1847,-77,-242,234,158,125,80,
 1848,-84,-243,234,155,112,82,
 1849,-81,-236,223,148,99,85,
 1850,-84,-252,233,139,105,81,
 1851,-84,-235,230,143,110,82,
 1852,-70,-252,221,146,131,82,
 1853,-74,-234,230,154,94,79,
 1854,-81,-238,237,153,108,83,
 1855,-78,-233,236,141,119,89,
 1856,-84,-246,233,136,100,87,
 1857,-72,-228,230,152,117,86,
 1858,-76,-226,238,159,103,83,
 1859,-86,-234,225,150,116,86,
 1860,-80,-238,237,145,115,86,
 1861,-83,-235,238,136,111,86,
 1862,-87,-230,239,133,100,89,
 1863,-86,-240,236,144,116,93,
 1864,-83,-222,230,148,102,89,
 1865,-87,-237,228,132,108,95,
 1866,-86,-225,231,143,97,92,
 1867,-86,-227,229,135,104,96,
 1868,-83,-228,235,147,110,93,
 1869,-80,-240,234,144,120,90,
 1870,-79,-241,232,137,114,95,
 1871,-82,-223,226,137,113,93,
 1872,-74,-244,234,141,99,96,
 1873,-80,-232,236,144,103,98,
 1874,-82,-235,240,153,104,97,
 1875,-81,-226,229,137,115,93,
 1876,-88,-236,233,135,105,94,
 1877,-86,-233,229,134,107,101,
 1878,-81,-228,231,147,99,97,
 1879,-88,-230,227,143,110,95,
 1880,-86,-217,229,149,103,94,
 1881,-86,-237,229,132,108,97,
 1882,-81,-222,217,136,115,98,
 1883,-84,-234,232,145,98,97,
 1884,-76,-216,233,148,89,100,
 1885,-86,-227,236,151,106,95,
 1886,-82,-228,233,143,105,92,
 1887,-82,-218,228,131,104,101,
 1888,-82,-241,232,147,112,98,
 1889,-85,-231,228,153,100,96,
 1890,-83,-238,232,141,114,96,
 1891,-86,-232,233,143,103,101,
 1892,-87,-230,229,136,122,102,
 1893,-83,-222,230,156,100,106,
 1894,-81,-215,234,167,112,100,
 1895,-84,-225,228,149,123,102,
 1896,-83,-226,232,140,92,102,
 1897,-75,-212,217,152,94,96,
 1898,-76,-229,225,166,82,96,
 1899,-79,-215,218,160,94,93,
 1900,-80,-218,227,144,101,90,
 1901,-76,-225,229,138,114,95,
 1902,-86,-227,231,165,107,91,
 1903,-86,-237,235,170,111,94,
 1904,-83,-231,233,142,96,97,
 1905,-85,-226,241,144,88,102,
 1906,-86,-227,240,150,117,94,
 1907,-87,-210,245,159,108,98,
 1908,-86,-222,232,164,104,95,
 1909,-85,-232,236,151,100,95,
 1910,-84,-226,232,139,109,91,
 1911,-76,-234,234,151,105,95,
 1912,-76,-221,221,153,112,91,
 1913,-86,-225,232,150,93,90,
 1914,-86,-214,232,146,99,97,
 1915,-83,-235,233,141,104,99,
 1916,-82,-217,222,151,109,96,
 1917,-87,-230,234,145,113,97,
 1918,-86,-215,233,150,108,100,
 1919,-86,-224,241,138,112,101,
 1920,-88,-213,234,138,98,97,
 1921,-87,-229,238,159,108,97,
 1922,-88,-221,241,145,105,100,
 1923,-85,-213,231,141,114,99,
 1924,-86,-226,230,139,88,101,
 1925,-85,-211,230,144,92,99,
 1926,-87,-218,232,153,96,101,
 1927,-87,-208,231,146,91,106,
 1928,-85,-212,225,133,106,105,
 1929,-79,-216,237,139,85,110,
 1930,-78,-216,229,157,94,107,
 1931,-78,-223,231,154,84,106,
 1932,-86,-214,230,158,94,110,
 1933,-86,-216,237,144,91,103,
 1934,-86,-212,224,154,99,108,
 1935,-82,-216,235,154,107,107,
 1936,-87,-208,235,156,109,117,
 1937,-77,-204,229,139,96,109,
 1938,-84,-218,225,140,73,117,
 1939,-85,-203,230,164,86,111,
 1940,-83,-219,231,168,91,116,
 1941,-86,-204,224,158,115,110,
 1942,-87,-219,225,137,105,113,
 1943,-87,-204,226,141,99,106,
 1944,-86,-201,236,179,91,116,
 1945,-86,-198,231,166,97,111,
 1946,-82,-205,233,136,95,115,
 1947,-83,-215,224,137,83,113,
 1948,-84,-212,231,154,99,114,
 1949,-85,-212,227,164,78,115,
 1950,-77,-207,221,153,98,114,
 1951,-81,-215,217,136,95,110,
 1952,-85,-207,223,150,108,114,
 1953,-83,-220,226,164,94,119,
 1954,-79,-218,232,139,93,116,
 1955,-78,-208,228,142,94,117,
 1956,-83,-199,227,146,96,113,
 1957,-87,-190,231,153,85,115,
 1958,-79,-213,227,153,73,119,
 1959,-82,-201,228,146,79,111,
 1960,-88,-198,221,139,91,111,
 1961,-87,-194,229,150,91,116,
 1962,-81,-201,230,154,93,114,
 1963,-79,-195,228,147,107,119,
 1964,-86,-195,235,136,82,112,
 1965,-85,-198,230,135,96,111,
 1966,-85,-196,231,149,89,120,
 1967,-78,-196,234,145,91,117,
 1968,-78,-194,230,147,83,123,
 1969,-75,-201,229,126,85,127,
 1970,-81,-184,223,130,88,121,
 1971,-77,-194,234,145,91,111,
 1972,-78,-186,234,138,102,122,
 1973,-85,-195,230,137,87,117,
 1974,-85,-196,230,135,93,119,
 1975,-80,-194,216,147,85,115,
 1976,-81,-200,216,147,68,110,
 1977,-82,-191,224,136,83,113,
 1978,-85,-191,224,139,72,119,
 1979,-82,-191,228,149,82,110,
 1980,-84,-207,223,151,88,112,
 1981,-84,-195,214,145,106,108,
 1982,-79,-195,213,135,81,110,
 1983,-75,-187,214,143,84,109,
 1984,-76,-194,217,148,72,114,
 1985,-71,-172,227,166,89,114,
 1986,-74,-195,224,142,78,116,
 1987,-77,-175,226,139,86,108,
 1988,-73,-201,224,143,83,111,
 1989,-81,-180,214,163,82,108,
 1990,-81,-195,222,147,80,109,
 1991,-85,-185,217,156,75,113,
 1992,-83,-183,221,140,86,107,
 1993,-84,-169,222,141,79,110,
 1994,-86,-201,213,153,78,115,
 1995,-87,-182,221,151,70,109,
 1996,-76,-198,224,147,81,109,
 1997,-74,-179,220,129,81,110,
 1998,-75,-196,210,135,78,105,
 1999,-75,-180,223,141,86,106,
 2000,-79,-189,219,149,76,105,
 2001,-71,-181,211,140,86,105,
 2002,-80,-186,220,129,63,108,
 2003,-67,-176,226,134,88,113,
 2004,-81,-189,224,143,66,108,
 2005,-76,-173,228,136,72,107,
 2006,-79,-178,226,132,66,102,
 2007,-80,-177,219,124,76,107,
 2008,-79,-172,219,133,69,106,
 2009,-78,-181,219,142,79,117,
 2010,-77,-179,216,139,73,113,
 2011,-74,-177,225,132,73,112,
 2012,-70,-171,212,117,66,110,
 2013,-71,-173,219,120,84,109,
 2014,-70,-172,208,138,74,106,
 2015,-70,-174,225,130,72,113,
 2016,-69,-183,216,126,66,107,
 2017,-70,-169,217,126,63,108,
 2018,-68,-184,224,123,64,104,
 2019,-66,-170,226,134,62,105,
 2020,-69,-185,217,137,87,106,
 2021,-76,-168,222,124,72,106,
 2022,-69,-171,229,126,79,113,
 2023,-75,-178,224,128,63,107,
 2024,-76,-178,224,124,75,99,
 2025,-75,-185,224,137,69,100,
 2026,-77,-170,217,128,64,106,
 2027,-72,-188,219,131,77,100,
 2028,-74,-183,223,124,62,101,
 2029,-75,-170,218,120,72,99,
 2030,-74,-178,209,131,70,108,
 2031,-68,-160,220,138,71,105,
 2032,-67,-178,214,137,74,107,
 2033,-66,-159,213,127,71,109,
 2034,-62,-169,221,121,76,113,
 2035,-70,-173,219,119,54,103,
 2036,-71,-166,202,121,66,109,
 2037,-70,-168,217,136,69,105,
 2038,-65,-175,219,142,68,103,
 2039,-66,-159,218,127,71,105,
 2040,-71,-172,200,121,53,110,
 2041,-66,-164,213,117,59,108,
 2042,-70,-165,212,128,60,105,
 2043,-67,-171,210,138,68,106,
 2044,-63,-171,207,142,75,106,
 2045,-70,-167,210,132,66,117,
 2046,-70,-161,220,120,76,108,
 2047,-66,-161,212,124,63,105,
 2048,-63,-171,218,129,56,109,
 2049,-66,-160,209,137,64,105,
 2050,-70,-158,221,126,61,111,
 2051,-67,-171,221,120,54,104,
 2052,-62,-152,209,114,62,104,
 2053,-61,-158,211,115,60,103,
 2054,-59,-164,213,116,67,111,
 2055,-59,-158,214,124,66,102,
 2056,-56,-169,215,126,55,103,
 2057,-60,-168,205,126,71,108,
 2058,-59,-159,215,105,53,104,
 2059,-61,-165,217,115,57,103,
 2060,-57,-171,220,113,68,99,
 2061,-60,-153,203,109,48,111,
 2062,-62,-155,209,118,58,105,
 2063,-58,-170,216,126,67,103,
 2064,-67,-149,218,116,49,102,
 2065,-62,-155,219,115,52,104,
 2066,-66,-162,218,114,64,102,
 2067,-62,-152,206,102,55,99,
 2068,-66,-153,208,103,54,101,
 2069,-60,-159,214,118,53,102,
 2070,-58,-148,204,118,58,101,
 2071,-64,-147,216,106,60,99,
 2072,-60,-156,206,114,61,94,
 2073,-61,-153,207,115,62,100,
 2074,-60,-155,204,107,59,93,
 2075,-55,-150,207,104,60,99,
 2076,-59,-161,213,106,52,106,
 2077,-62,-147,209,104,62,107,
 2078,-60,-147,207,114,65,105,
 2079,-59,-154,214,104,63,101,
 2080,-60,-158,220,108,60,101,
 2081,-54,-146,213,99,64,96,
 2082,-61,-150,214,106,65,96,
 2083,-57,-159,206,91,58,96,
 2084,-63,-146,208,107,46,103,
 2085,-60,-161,213,112,63,100,
 2086,-58,-145,208,104,61,98,
 2087,-61,-151,214,103,58,98,
 2088,-55,-139,204,103,69,97,
 2089,-60,-152,211,99,63,104,
 2090,-60,-142,217,102,49,102,
 2091,-56,-145,205,95,49,95,
 2092,-58,-149,204,98,57,92,
 2093,-54,-147,205,109,58,93,
 2094,-55,-146,200,107,57,95,
 2095,-52,-159,207,103,54,94,
 2096,-59,-142,216,102,51,92,
 2097,-59,-145,214,100,61,96,
 2098,-56,-150,211,91,51,96,
