 0,33,11,-62,-41,-48,-70,
 1,32,11,-62,-41,-48,-70,
 2,33,10,-61,-41,-48,-71,
 3,33,10,-62,-40,-48,-71,
 4,33,10,-61,-41,-48,-71,
 5,32,10,-61,-41,-48,-71,
 6,32,11,-61,-41,-48,-70,
 7,32,10,-61,-41,-48,-70,
 8,32,10,-62,-41,-48,-70,
 9,33,10,-62,-41,-48,-70,
 10,32,11,-61,-41,-48,-71,
 11,32,11,-61,-40,-48,-70,
 12,32,9,-62,-41,-48,-70,
 13,32,10,-62,-41,-48,-71,
 14,31,10,-61,-40,-48,-71,
 15,32,10,-61,-40,-48,-71,
 16,32,10,-61,-40,-48,-71,
 17,32,9,-60,-39,-48,-71,
 18,31,10,-60,-39,-48,-71,
 19,32,9,-59,-39,-47,-71,
 20,32,9,-58,-36,-48,-72,
 21,32,8,-57,-36,-48,-72,
 22,31,6,-54,-33,-48,-72,
 23,31,4,-51,-29,-48,-73,
 24,32,2,-49,-26,-49,-73,
 25,30,1,-47,-23,-48,-73,
 26,30,0,-43,-17,-49,-75,
 27,30,-2,-38,-11,-49,-77,
 28,29,-7,-33,-4,-49,-79,
 29,29,-8,-28,0,-50,-80,
 30,30,-11,-21,8,-50,-83,
 31,30,-10,-14,14,-50,-86,
 32,29,-11,-7,19,-51,-89,
 33,29,-12,0,23,-52,-94,
 34,28,-13,11,20,-52,-99,
 35,27,-13,20,18,-53,-104,
 36,25,-12,25,18,-54,-110,
 37,23,-12,29,21,-55,-115,
 38,23,-12,35,25,-58,-121,
 39,20,-11,42,29,-61,-127,
 40,18,-11,49,33,-64,-133,
 41,15,-14,59,38,-66,-140,
 42,12,-16,59,41,-67,-143,
 43,9,-19,51,48,-68,-129,
 44,7,-21,55,50,-68,-117,
 45,4,-22,55,46,-70,-116,
 46,1,-22,54,43,-71,-115,
 47,0,-23,65,43,-71,-115,
 48,-3,-21,67,43,-72,-116,
 49,-5,-19,67,46,-73,-118,
 50,-9,-17,75,48,-74,-119,
 51,-10,-17,76,53,-73,-120,
 52,-12,-18,75,53,-74,-119,
 53,-13,-20,82,52,-75,-116,
 54,-14,-30,81,50,-76,-114,
 55,-16,-44,93,51,-76,-112,
 56,-15,-49,96,51,-77,-111,
 57,-16,-47,101,54,-76,-110,
 58,-15,-39,107,54,-76,-113,
 59,-16,-39,109,52,-74,-116,
 60,-16,-48,104,52,-73,-116,
 61,-17,-56,102,56,-73,-114,
 62,-16,-63,101,55,-71,-112,
 63,-17,-61,98,52,-69,-108,
 64,-19,-60,99,54,-67,-107,
 65,-21,-63,102,58,-67,-108,
 66,-22,-65,102,56,-66,-114,
 67,-23,-61,102,55,-67,-116,
 68,-24,-62,103,60,-68,-116,
 69,-24,-66,99,56,-68,-111,
 70,-24,-63,100,57,-69,-109,
 71,-24,-60,99,60,-70,-113,
 72,-24,-62,106,56,-71,-117,
 73,-22,-58,108,59,-72,-118,
 74,-22,-57,103,57,-71,-112,
 75,-22,-60,102,58,-70,-106,
 76,-23,-56,98,58,-68,-111,
 77,-23,-58,99,57,-66,-114,
 78,-24,-61,103,61,-65,-110,
 79,-25,-59,104,58,-66,-109,
 80,-25,-64,97,62,-68,-113,
 81,-22,-62,101,62,-71,-115,
 82,-22,-63,102,62,-73,-108,
 83,-21,-61,102,64,-75,-107,
 84,-23,-64,102,59,-73,-112,
 85,-24,-64,97,62,-71,-109,
 86,-26,-61,104,62,-69,-107,
 87,-28,-56,100,60,-70,-116,
 88,-28,-58,96,63,-71,-108,
 89,-28,-54,96,65,-74,-103,
 90,-29,-61,98,62,-76,-107,
 91,-31,-59,92,61,-73,-102,
 92,-33,-63,94,64,-72,-106,
 93,-35,-63,94,66,-71,-111,
 94,-37,-61,104,65,-75,-106,
 95,-38,-69,98,61,-78,-113,
 96,-38,-64,101,62,-77,-108,
 97,-38,-57,99,60,-72,-110,
 98,-41,-56,96,60,-71,-104,
 99,-42,-60,94,60,-73,-104,
 100,-42,-55,93,64,-74,-107,
 101,-39,-58,101,63,-70,-106,
 102,-40,-64,100,63,-69,-111,
 103,-44,-68,99,61,-73,-107,
 104,-44,-64,96,63,-75,-111,
 105,-40,-55,99,62,-72,-105,
 106,-39,-53,97,70,-73,-104,
 107,-41,-54,89,68,-76,-108,
 108,-40,-59,90,67,-72,-106,
 109,-40,-62,87,64,-70,-115,
 110,-40,-66,93,66,-75,-107,
 111,-44,-57,87,75,-73,-107,
 112,-46,-56,90,71,-71,-108,
 113,-41,-57,88,69,-75,-105,
 114,-42,-61,93,73,-72,-110,
 115,-44,-64,94,68,-74,-109,
 116,-43,-61,84,76,-79,-105,
 117,-41,-59,91,72,-74,-111,
 118,-46,-60,95,76,-79,-111,
 119,-47,-65,87,77,-77,-109,
 120,-43,-73,88,82,-77,-109,
 121,-46,-75,96,73,-76,-114,
 122,-46,-64,91,76,-77,-109,
 123,-44,-67,95,82,-79,-105,
 124,-47,-73,98,73,-76,-110,
 125,-45,-70,95,69,-82,-115,
 126,-43,-65,97,82,-76,-115,
 127,-47,-66,100,86,-82,-112,
 128,-44,-56,95,86,-76,-107,
 129,-45,-62,88,87,-81,-108,
 130,-47,-68,101,86,-82,-106,
 131,-43,-60,95,84,-80,-106,
 132,-48,-62,97,83,-83,-110,
 133,-46,-68,102,87,-80,-112,
 134,-48,-69,95,87,-81,-110,
 135,-48,-63,91,86,-82,-108,
 136,-44,-65,94,87,-77,-109,
 137,-49,-73,96,80,-82,-106,
 138,-43,-71,99,79,-84,-108,
 139,-52,-69,95,76,-83,-107,
 140,-45,-77,98,74,-80,-108,
 141,-49,-73,91,76,-84,-107,
 142,-44,-75,93,83,-84,-107,
 143,-51,-72,97,87,-80,-104,
 144,-46,-68,93,86,-78,-107,
 145,-51,-65,100,85,-82,-105,
 146,-47,-58,99,85,-88,-102,
 147,-50,-60,93,85,-87,-105,
 148,-46,-67,98,85,-84,-100,
 149,-51,-67,98,92,-75,-102,
 150,-45,-68,102,93,-75,-108,
 151,-51,-68,100,87,-82,-108,
 152,-48,-65,92,93,-84,-100,
 153,-53,-66,96,92,-87,-100,
 154,-49,-73,99,98,-87,-105,
 155,-50,-65,99,96,-90,-104,
 156,-52,-73,102,92,-84,-104,
 157,-46,-81,99,88,-82,-103,
 158,-51,-67,98,97,-86,-105,
 159,-52,-70,96,99,-86,-103,
 160,-46,-77,101,96,-82,-102,
 161,-52,-68,96,99,-86,-104,
 162,-47,-71,94,94,-87,-106,
 163,-48,-62,89,93,-84,-103,
 164,-51,-69,92,94,-86,-104,
 165,-47,-72,98,94,-89,-97,
 166,-49,-62,104,95,-83,-105,
 167,-52,-79,100,97,-87,-100,
 168,-50,-77,102,98,-88,-103,
 169,-50,-84,102,104,-80,-106,
 170,-55,-83,98,98,-92,-103,
 171,-54,-80,102,109,-82,-101,
 172,-47,-77,99,100,-81,-106,
 173,-51,-71,105,112,-89,-108,
 174,-54,-62,96,104,-84,-110,
 175,-54,-67,103,95,-93,-102,
 176,-51,-69,104,103,-80,-108,
 177,-51,-74,100,96,-88,-99,
 178,-50,-69,106,106,-88,-99,
 179,-54,-72,104,96,-86,-106,
 180,-52,-73,102,109,-90,-103,
 181,-47,-84,101,108,-77,-100,
 182,-50,-70,106,105,-93,-99,
 183,-53,-79,104,107,-85,-100,
 184,-54,-63,100,105,-87,-99,
 185,-54,-73,96,104,-88,-105,
 186,-52,-60,102,115,-91,-105,
 187,-51,-68,98,113,-87,-103,
 188,-48,-69,104,111,-86,-101,
 189,-49,-75,105,124,-90,-101,
 190,-49,-69,105,118,-89,-103,
 191,-53,-76,107,123,-82,-100,
 192,-53,-67,101,126,-92,-97,
 193,-55,-76,99,115,-85,-102,
 194,-55,-71,105,110,-90,-102,
 195,-53,-71,110,119,-88,-103,
 196,-54,-67,102,117,-91,-103,
 197,-51,-69,103,131,-93,-102,
 198,-51,-73,102,127,-95,-104,
 199,-48,-81,104,127,-99,-97,
 200,-48,-74,105,130,-94,-97,
 201,-49,-80,105,142,-101,-98,
 202,-49,-82,101,144,-96,-94,
 203,-54,-74,114,133,-90,-100,
 204,-52,-78,103,115,-90,-99,
 205,-54,-74,106,126,-98,-101,
 206,-53,-78,109,119,-98,-100,
 207,-55,-76,113,118,-91,-104,
 208,-58,-80,113,126,-93,-97,
 209,-59,-82,109,134,-87,-101,
 210,-57,-80,111,136,-89,-105,
 211,-53,-76,114,145,-97,-107,
 212,-51,-77,103,139,-99,-106,
 213,-52,-75,117,126,-93,-103,
 214,-52,-79,109,123,-89,-103,
 215,-58,-74,108,125,-92,-99,
 216,-56,-77,111,124,-97,-101,
 217,-57,-88,114,121,-100,-104,
 218,-55,-84,108,129,-93,-104,
 219,-55,-83,114,133,-92,-106,
 220,-55,-84,108,137,-103,-105,
 221,-59,-83,110,128,-104,-110,
 222,-62,-75,115,130,-101,-113,
 223,-58,-84,114,125,-104,-114,
 224,-54,-80,109,130,-100,-109,
 225,-54,-84,119,115,-102,-106,
 226,-58,-84,112,121,-94,-106,
 227,-61,-81,110,123,-97,-107,
 228,-54,-85,111,132,-107,-111,
 229,-55,-83,119,134,-95,-115,
 230,-58,-83,112,139,-96,-115,
 231,-60,-88,119,131,-97,-120,
 232,-53,-91,122,127,-109,-115,
 233,-52,-89,119,124,-102,-117,
 234,-61,-87,114,129,-91,-117,
 235,-58,-83,111,128,-102,-115,
 236,-54,-88,105,129,-108,-125,
 237,-60,-84,111,134,-99,-116,
 238,-57,-89,113,127,-98,-117,
 239,-62,-88,115,131,-112,-112,
 240,-54,-90,116,123,-103,-120,
 241,-56,-85,108,130,-95,-114,
 242,-60,-88,113,133,-104,-111,
 243,-56,-87,113,132,-97,-115,
 244,-55,-81,109,136,-97,-114,
 245,-60,-83,110,123,-104,-115,
 246,-50,-96,118,128,-102,-118,
 247,-57,-93,115,129,-88,-114,
 248,-53,-88,114,124,-110,-117,
 249,-56,-84,114,129,-102,-117,
 250,-54,-89,115,138,-94,-119,
 251,-58,-91,105,137,-103,-116,
 252,-61,-87,118,134,-96,-114,
 253,-52,-88,113,138,-95,-116,
 254,-61,-91,109,135,-113,-125,
 255,-59,-93,110,120,-93,-117,
 256,-59,-92,112,131,-106,-113,
 257,-58,-85,118,134,-105,-121,
 258,-54,-90,109,134,-97,-122,
 259,-64,-90,111,144,-114,-118,
 260,-56,-98,118,132,-101,-125,
 261,-63,-93,107,139,-97,-122,
 262,-56,-86,112,123,-107,-116,
 263,-65,-89,117,134,-98,-112,
 264,-58,-87,123,142,-123,-117,
 265,-58,-93,115,147,-97,-114,
 266,-59,-93,117,148,-97,-113,
 267,-56,-90,116,131,-110,-120,
 268,-63,-87,118,140,-104,-114,
 269,-63,-91,117,134,-112,-111,
 270,-67,-93,120,146,-100,-111,
 271,-65,-101,119,156,-108,-115,
 272,-57,-97,118,153,-110,-111,
 273,-61,-93,122,155,-107,-108,
 274,-62,-90,120,146,-102,-114,
 275,-59,-87,113,142,-100,-109,
 276,-62,-89,117,160,-120,-108,
 277,-65,-91,113,166,-108,-115,
 278,-64,-95,118,157,-119,-111,
 279,-58,-93,117,144,-100,-113,
 280,-61,-93,117,147,-116,-117,
 281,-63,-95,112,152,-102,-112,
 282,-58,-96,103,161,-115,-111,
 283,-60,-93,108,171,-97,-112,
 284,-61,-93,108,157,-117,-108,
 285,-63,-99,115,139,-103,-105,
 286,-58,-94,112,146,-112,-112,
 287,-60,-92,113,141,-102,-109,
 288,-60,-97,119,154,-125,-104,
 289,-64,-98,117,151,-101,-111,
 290,-62,-97,116,149,-117,-105,
 291,-60,-102,109,130,-107,-107,
 292,-59,-100,112,138,-111,-113,
 293,-62,-101,103,150,-112,-103,
 294,-68,-106,114,150,-111,-105,
 295,-62,-103,118,154,-110,-103,
 296,-61,-102,114,136,-111,-107,
 297,-64,-100,107,150,-121,-102,
 298,-61,-98,117,156,-97,-100,
 299,-61,-94,119,153,-114,-105,
 300,-67,-95,107,141,-98,-103,
 301,-61,-96,105,145,-115,-102,
 302,-67,-102,116,137,-110,-107,
 303,-68,-92,108,159,-108,-105,
 304,-62,-102,110,153,-114,-106,
 305,-62,-110,118,155,-106,-113,
 306,-59,-109,119,150,-117,-103,
 307,-60,-100,116,152,-111,-101,
 308,-61,-100,122,157,-105,-108,
 309,-63,-100,110,153,-123,-100,
 310,-64,-102,115,155,-112,-101,
 311,-64,-100,113,145,-115,-101,
 312,-64,-99,108,154,-123,-105,
 313,-67,-103,109,158,-117,-101,
 314,-65,-103,119,155,-117,-100,
 315,-60,-102,107,155,-113,-103,
 316,-62,-109,116,149,-107,-106,
 317,-66,-107,108,167,-111,-102,
 318,-64,-103,114,168,-129,-101,
 319,-65,-106,116,161,-112,-102,
 320,-66,-103,108,151,-118,-101,
 321,-58,-106,114,149,-125,-102,
 322,-60,-96,109,166,-114,-102,
 323,-64,-93,113,176,-117,-104,
 324,-62,-104,117,169,-112,-103,
 325,-70,-96,113,145,-122,-101,
 326,-68,-100,114,168,-115,-97,
 327,-65,-108,113,188,-121,-107,
 328,-72,-107,108,186,-123,-103,
 329,-68,-102,109,158,-117,-104,
 330,-65,-96,111,150,-114,-100,
 331,-67,-105,112,184,-120,-102,
 332,-65,-101,111,183,-117,-102,
 333,-61,-106,108,173,-119,-95,
 334,-62,-106,108,157,-117,-98,
 335,-65,-105,113,175,-114,-98,
 336,-62,-106,108,172,-112,-97,
 337,-64,-106,114,157,-122,-103,
 338,-67,-106,115,162,-122,-96,
 339,-71,-104,120,173,-117,-98,
 340,-64,-101,116,176,-116,-97,
 341,-69,-103,112,164,-109,-92,
 342,-63,-98,114,154,-118,-100,
 343,-63,-104,113,159,-122,-97,
 344,-60,-101,103,168,-120,-92,
 345,-65,-104,104,159,-124,-93,
 346,-67,-108,119,154,-115,-91,
 347,-61,-112,114,151,-126,-90,
 348,-68,-117,113,162,-129,-92,
 349,-62,-113,109,165,-127,-97,
 350,-62,-109,114,150,-129,-97,
 351,-62,-110,114,156,-130,-99,
 352,-67,-111,110,172,-127,-93,
 353,-69,-110,111,160,-127,-94,
 354,-67,-107,115,145,-137,-93,
 355,-68,-106,124,171,-132,-94,
 356,-69,-106,117,172,-135,-94,
 357,-70,-111,115,159,-128,-91,
 358,-69,-109,111,164,-121,-90,
 359,-69,-110,122,171,-119,-90,
 360,-71,-112,115,168,-130,-87,
 361,-70,-99,109,164,-133,-88,
 362,-69,-113,110,158,-132,-90,
 363,-64,-109,112,182,-119,-89,
 364,-70,-111,111,180,-120,-90,
 365,-71,-111,110,154,-132,-94,
 366,-64,-111,114,173,-133,-90,
 367,-65,-111,115,194,-127,-93,
 368,-63,-109,110,185,-125,-92,
 369,-65,-116,115,153,-128,-91,
 370,-67,-113,115,171,-131,-92,
 371,-60,-111,123,184,-126,-92,
 372,-61,-107,116,170,-124,-96,
 373,-62,-112,107,166,-130,-100,
 374,-66,-108,118,185,-130,-102,
 375,-63,-108,112,176,-120,-99,
 376,-65,-109,117,153,-126,-92,
 377,-63,-109,111,180,-121,-91,
 378,-64,-108,119,178,-127,-93,
 379,-61,-110,105,164,-126,-91,
 380,-61,-117,109,158,-123,-89,
 381,-63,-114,100,173,-134,-94,
 382,-69,-118,108,163,-123,-96,
 383,-70,-114,114,159,-125,-91,
 384,-68,-115,108,162,-126,-92,
 385,-65,-109,108,176,-126,-93,
 386,-71,-109,113,173,-110,-95,
 387,-64,-114,114,158,-117,-93,
 388,-62,-113,123,177,-130,-93,
 389,-65,-115,115,175,-141,-89,
 390,-73,-116,115,159,-136,-91,
 391,-72,-108,117,180,-115,-87,
 392,-69,-114,113,176,-132,-90,
 393,-65,-113,111,167,-135,-85,
 394,-66,-109,110,176,-127,-87,
 395,-61,-113,113,181,-115,-85,
 396,-59,-114,111,177,-127,-83,
 397,-68,-117,110,159,-130,-85,
 398,-68,-118,101,191,-129,-84,
 399,-62,-112,116,206,-133,-82,
 400,-62,-115,114,173,-127,-82,
 401,-66,-114,114,174,-129,-83,
 402,-69,-115,118,191,-130,-88,
 403,-63,-113,117,175,-135,-87,
 404,-70,-120,116,177,-135,-81,
 405,-65,-116,115,195,-132,-81,
 406,-65,-113,106,179,-124,-82,
 407,-71,-111,106,175,-126,-83,
 408,-70,-110,110,194,-127,-82,
 409,-64,-111,106,174,-138,-82,
 410,-71,-114,107,155,-138,-79,
 411,-71,-111,104,183,-127,-81,
 412,-68,-115,104,184,-123,-84,
 413,-67,-116,109,158,-133,-81,
 414,-71,-120,110,186,-142,-77,
 415,-72,-114,104,175,-131,-77,
 416,-66,-117,105,164,-129,-79,
 417,-66,-109,106,178,-134,-81,
 418,-74,-119,105,178,-129,-80,
 419,-72,-119,96,168,-136,-77,
 420,-69,-119,99,176,-135,-79,
 421,-71,-121,111,178,-129,-79,
 422,-63,-115,109,161,-125,-79,
 423,-70,-121,110,163,-132,-76,
 424,-67,-117,102,193,-134,-75,
 425,-70,-116,100,179,-135,-74,
 426,-67,-128,106,170,-125,-76,
 427,-62,-126,103,180,-134,-80,
 428,-70,-125,109,185,-130,-76,
 429,-64,-114,109,181,-118,-81,
 430,-64,-125,107,205,-128,-74,
 431,-71,-121,103,194,-129,-77,
 432,-67,-124,106,173,-134,-76,
 433,-67,-121,110,185,-122,-83,
 434,-66,-119,110,173,-119,-78,
 435,-67,-120,102,184,-118,-78,
 436,-64,-115,107,176,-124,-81,
 437,-67,-124,103,168,-138,-75,
 438,-72,-128,105,200,-139,-74,
 439,-65,-125,113,177,-126,-78,
 440,-68,-125,109,174,-130,-79,
 441,-70,-121,111,187,-135,-76,
 442,-68,-122,101,186,-131,-74,
 443,-72,-118,103,174,-127,-74,
 444,-67,-126,111,180,-141,-75,
 445,-73,-115,104,173,-143,-75,
 446,-68,-120,103,170,-132,-76,
 447,-64,-125,104,188,-138,-74,
 448,-65,-119,110,177,-145,-68,
 449,-67,-127,103,177,-143,-59,
 450,-66,-123,102,191,-139,-47,
 451,-62,-132,96,171,-126,-28,
 452,-60,-127,100,182,-137,-9,
 453,-68,-124,108,189,-146,20,
 454,-68,-120,110,165,-143,41,
 455,-62,-122,96,188,-135,73,
 456,-66,-118,96,195,-145,65,
 457,-66,-127,107,169,-139,76,
 458,-62,-125,104,199,-132,80,
 459,-63,-125,109,210,-118,73,
 460,-69,-126,108,159,-141,75,
 461,-73,-122,109,196,-141,66,
 462,-67,-123,106,204,-125,70,
 463,-72,-127,103,171,-123,68,
 464,-66,-132,100,199,-133,75,
 465,-70,-126,100,199,-128,71,
 466,-64,-124,104,175,-122,76,
 467,-72,-125,94,192,-113,73,
 468,-72,-125,96,189,-124,76,
 469,-75,-122,102,182,-143,77,
 470,-73,-124,104,199,-126,76,
 471,-69,-126,112,170,-120,79,
 472,-75,-122,101,189,-124,79,
 473,-66,-124,99,192,-136,78,
 474,-63,-128,100,168,-144,74,
 475,-66,-127,110,189,-141,77,
 476,-63,-129,107,180,-127,82,
 477,-68,-135,102,168,-139,83,
 478,-65,-135,102,197,-138,85,
 479,-61,-133,111,180,-146,82,
 480,-63,-133,108,176,-150,84,
 481,-64,-132,107,182,-134,83,
 482,-70,-127,107,175,-132,84,
 483,-70,-129,107,197,-137,85,
 484,-67,-129,104,191,-147,89,
 485,-69,-128,97,175,-141,85,
 486,-64,-129,103,197,-140,88,
 487,-67,-134,104,204,-144,85,
 488,-71,-113,106,163,-133,87,
 489,-66,-125,104,211,-124,90,
 490,-68,-128,105,203,-133,86,
 491,-71,-131,108,179,-134,86,
 492,-69,-121,105,204,-125,86,
 493,-68,-132,107,174,-133,90,
 494,-67,-125,108,180,-131,92,
 495,-65,-123,110,202,-138,88,
 496,-64,-121,110,172,-131,90,
 497,-71,-120,107,194,-121,91,
 498,-73,-118,102,198,-145,99,
 499,-71,-130,104,168,-132,91,
 500,-68,-122,104,202,-125,95,
 501,-65,-119,101,184,-132,94,
 502,-66,-132,105,184,-136,98,
 503,-69,-116,106,194,-121,97,
 504,-69,-129,106,171,-142,91,
 505,-69,-130,98,192,-137,93,
 506,-68,-124,98,186,-121,93,
 507,-64,-131,105,180,-131,93,
 508,-69,-128,106,194,-137,96,
 509,-67,-124,106,188,-136,99,
 510,-64,-135,104,192,-120,97,
 511,-67,-124,102,195,-130,101,
 512,-64,-129,102,165,-146,97,
 513,-71,-126,98,207,-136,98,
 514,-72,-130,100,206,-115,93,
 515,-71,-130,103,166,-138,96,
 516,-71,-132,94,207,-143,93,
 517,-67,-126,103,188,-129,97,
 518,-65,-127,96,196,-146,100,
 519,-66,-127,94,201,-132,101,
 520,-66,-119,100,165,-121,101,
 521,-66,-121,101,207,-138,104,
 522,-68,-129,107,188,-144,100,
 523,-69,-120,100,179,-131,99,
 524,-71,-134,98,196,-125,97,
 525,-68,-130,89,174,-138,95,
 526,-72,-138,90,189,-140,98,
 527,-63,-132,97,187,-125,100,
 528,-64,-130,90,178,-145,103,
 529,-62,-130,90,190,-135,102,
 530,-62,-131,95,163,-122,100,
 531,-65,-127,96,191,-148,98,
 532,-61,-136,91,190,-143,98,
 533,-68,-129,97,181,-115,96,
 534,-67,-133,101,196,-133,96,
 535,-67,-132,94,165,-133,94,
 536,-68,-124,96,196,-125,102,
 537,-69,-128,98,199,-117,94,
 538,-67,-131,92,176,-128,95,
 539,-69,-136,94,206,-145,96,
 540,-65,-136,99,189,-110,98,
 541,-66,-136,90,192,-122,96,
 542,-66,-136,98,203,-143,103,
 543,-70,-120,86,174,-121,100,
 544,-63,-125,91,205,-121,102,
 545,-68,-135,96,197,-146,103,
 546,-64,-123,89,179,-124,95,
 547,-68,-137,92,206,-131,102,
 548,-63,-135,93,172,-140,98,
 549,-66,-125,98,196,-131,103,
 550,-63,-124,95,182,-119,101,
 551,-65,-124,96,173,-136,103,
 552,-70,-134,95,194,-149,107,
 553,-63,-135,92,172,-123,109,
 554,-65,-131,91,186,-133,101,
 555,-65,-139,93,182,-133,108,
 556,-69,-123,98,163,-127,100,
 557,-69,-136,95,193,-136,103,
 558,-67,-134,98,178,-134,100,
 559,-67,-130,95,188,-130,108,
 560,-65,-130,93,194,-135,98,
 561,-66,-131,93,167,-147,101,
 562,-65,-126,93,202,-125,104,
 563,-66,-131,94,184,-118,104,
 564,-66,-126,91,196,-144,105,
 565,-65,-130,100,208,-127,112,
 566,-65,-138,94,174,-113,106,
 567,-60,-133,96,209,-146,109,
 568,-61,-134,93,190,-115,101,
 569,-62,-136,85,195,-136,103,
 570,-61,-127,94,204,-142,108,
 571,-64,-135,87,170,-116,110,
 572,-63,-132,93,208,-128,109,
 573,-65,-137,86,177,-129,105,
 574,-68,-137,94,181,-122,105,
 575,-67,-135,91,195,-116,110,
 576,-71,-130,86,168,-119,103,
 577,-67,-132,89,190,-143,104,
 578,-66,-132,93,179,-110,105,
 579,-62,-128,96,176,-111,110,
 580,-61,-129,86,182,-130,114,
 581,-63,-124,89,173,-127,105,
 582,-68,-134,93,196,-133,109,
 583,-69,-121,91,169,-119,108,
 584,-67,-126,93,187,-119,107,
 585,-69,-133,89,183,-132,110,
 586,-63,-130,89,162,-136,115,
 587,-61,-135,91,205,-138,117,
 588,-61,-142,84,173,-115,120,
 589,-64,-137,91,188,-139,111,
 590,-62,-140,94,206,-142,114,
 591,-65,-138,92,170,-124,110,
 592,-61,-133,95,194,-142,113,
 593,-60,-135,89,187,-116,114,
 594,-59,-135,88,193,-124,115,
 595,-59,-132,88,201,-147,115,
 596,-66,-135,85,165,-119,112,
 597,-65,-136,87,196,-120,112,
 598,-63,-132,89,181,-123,113,
 599,-61,-141,84,181,-135,115,
 600,-65,-142,85,200,-128,117,
 601,-65,-135,88,177,-109,117,
 602,-67,-142,89,189,-135,119,
 603,-63,-146,87,177,-122,120,
 604,-64,-142,79,187,-118,120,
 605,-62,-136,82,195,-146,115,
 606,-68,-136,82,164,-111,113,
 607,-64,-133,83,194,-144,113,
 608,-62,-141,81,178,-140,115,
 609,-63,-142,85,169,-120,117,
 610,-68,-142,85,194,-116,112,
 611,-64,-135,81,169,-135,121,
 612,-62,-138,79,191,-126,118,
 613,-66,-141,90,192,-117,120,
 614,-65,-132,83,191,-118,115,
 615,-68,-142,87,196,-138,118,
 616,-62,-143,86,176,-114,112,
 617,-69,-141,86,189,-116,115,
 618,-67,-146,86,190,-141,116,
 619,-68,-145,76,194,-113,118,
 620,-61,-146,80,209,-131,118,
 621,-65,-140,86,164,-132,116,
 622,-65,-134,86,199,-115,118,
 623,-63,-137,80,182,-126,114,
 624,-59,-149,78,170,-127,122,
 625,-58,-144,78,185,-125,115,
 626,-64,-144,81,174,-115,119,
 627,-63,-143,84,192,-124,125,
 628,-59,-144,83,171,-136,122,
 629,-65,-144,81,180,-117,122,
 630,-59,-146,85,189,-128,119,
 631,-63,-148,81,173,-137,120,
 632,-64,-140,80,181,-110,115,
 633,-65,-146,78,168,-135,116,
 634,-60,-145,78,188,-131,116,
 635,-62,-142,80,175,-111,114,
 636,-58,-147,82,164,-123,114,
 637,-65,-138,81,185,-136,122,
 638,-65,-152,77,192,-125,117,
 639,-58,-146,87,168,-118,119,
 640,-60,-146,87,207,-109,125,
 641,-64,-147,80,175,-144,125,
 642,-62,-149,80,203,-102,116,
 643,-61,-152,86,193,-111,128,
 644,-64,-151,82,166,-134,129,
 645,-61,-151,86,211,-117,119,
 646,-63,-145,81,175,-120,125,
 647,-63,-144,85,199,-123,119,
 648,-63,-148,84,180,-109,116,
 649,-66,-147,82,179,-124,125,
 650,-60,-150,84,193,-130,122,
 651,-63,-146,83,171,-109,124,
 652,-63,-147,79,188,-111,119,
 653,-62,-144,82,189,-117,127,
 654,-65,-157,86,162,-131,119,
 655,-59,-151,85,193,-120,119,
 656,-62,-151,82,168,-112,124,
 657,-58,-146,84,181,-121,129,
 658,-63,-149,81,193,-118,124,
 659,-63,-153,75,167,-108,126,
 660,-63,-148,77,187,-119,125,
 661,-62,-146,81,174,-112,125,
 662,-58,-144,79,183,-98,118,
 663,-59,-138,75,186,-104,117,
 664,-60,-150,78,164,-112,125,
 665,-55,-147,79,197,-121,118,
 666,-59,-149,80,177,-87,122,
 667,-60,-142,85,172,-90,121,
 668,-58,-141,85,212,-130,124,
 669,-62,-146,82,167,-114,125,
 670,-53,-140,75,188,-113,123,
 671,-61,-151,76,182,-109,122,
 672,-57,-142,80,169,-120,120,
 673,-60,-147,79,198,-128,118,
 674,-63,-149,82,158,-113,115,
 675,-64,-152,87,179,-105,118,
 676,-55,-150,82,183,-112,127,
 677,-61,-151,85,159,-129,118,
 678,-55,-150,85,188,-118,118,
 679,-63,-150,82,169,-120,124,
 680,-60,-143,84,179,-105,116,
 681,-63,-136,78,180,-100,119,
 682,-58,-143,81,167,-125,126,
 683,-62,-151,81,184,-112,116,
 684,-59,-155,82,177,-97,126,
 685,-65,-148,84,170,-126,118,
 686,-56,-155,87,179,-106,112,
 687,-63,-154,84,158,-107,115,
 688,-61,-152,85,187,-115,119,
 689,-60,-149,81,196,-109,119,
 690,-60,-141,81,159,-101,116,
 691,-63,-154,79,197,-102,120,
 692,-60,-153,86,189,-117,122,
 693,-64,-157,83,169,-112,117,
 694,-55,-154,85,198,-109,124,
 695,-65,-144,84,162,-88,121,
 696,-56,-155,83,181,-105,115,
 697,-61,-148,89,179,-124,120,
 698,-57,-154,88,163,-117,116,
 699,-64,-151,92,193,-88,121,
 700,-58,-150,95,175,-111,116,
 701,-62,-145,92,178,-120,124,
 702,-62,-154,96,180,-99,123,
 703,-60,-150,89,155,-103,114,
 704,-57,-142,88,176,-113,111,
 705,-62,-149,85,171,-111,111,
 706,-54,-145,81,169,-101,123,
 707,-61,-147,84,186,-104,117,
 708,-55,-153,83,159,-105,121,
 709,-59,-145,89,172,-118,114,
 710,-52,-151,95,170,-108,121,
 711,-58,-143,94,165,-88,112,
 712,-63,-148,95,181,-91,111,
 713,-54,-152,99,176,-119,118,
 714,-62,-139,91,165,-118,117,
 715,-58,-147,92,177,-95,112,
 716,-60,-152,87,167,-96,113,
 717,-62,-161,90,174,-123,120,
 718,-60,-156,90,200,-105,116,
 719,-64,-150,91,150,-93,125,
 720,-58,-149,94,192,-100,116,
 721,-64,-154,89,188,-122,122,
 722,-59,-157,97,152,-114,120,
 723,-63,-151,92,187,-104,116,
 724,-59,-160,96,168,-103,121,
 725,-58,-159,92,166,-107,116,
 726,-63,-154,98,187,-98,119,
 727,-58,-152,100,170,-102,117,
 728,-58,-148,104,162,-100,119,
 729,-61,-148,100,172,-104,118,
 730,-59,-157,100,158,-103,118,
 731,-63,-164,92,172,-110,126,
 732,-60,-155,95,174,-101,119,
 733,-65,-147,98,157,-83,119,
 734,-60,-155,96,183,-105,124,
 735,-58,-148,102,165,-108,113,
 736,-65,-156,98,172,-101,115,
 737,-62,-159,101,181,-95,116,
 738,-59,-162,103,151,-98,119,
 739,-59,-157,104,167,-102,117,
 740,-57,-152,102,172,-112,120,
 741,-59,-149,102,161,-100,122,
 742,-64,-154,100,175,-97,117,
 743,-54,-155,98,180,-93,125,
 744,-58,-163,97,160,-95,124,
 745,-57,-156,102,175,-104,122,
 746,-61,-149,106,191,-96,123,
 747,-59,-154,113,151,-81,120,
 748,-56,-157,111,175,-85,118,
 749,-63,-153,109,183,-90,124,
 750,-56,-154,106,158,-98,119,
 751,-55,-159,104,188,-95,116,
 752,-61,-159,108,168,-96,115,
 753,-55,-163,106,167,-91,125,
 754,-59,-163,105,189,-90,121,
 755,-63,-164,105,161,-90,119,
 756,-58,-163,102,165,-105,111,
 757,-60,-158,106,169,-91,111,
 758,-58,-161,110,136,-98,117,
 759,-63,-163,108,164,-96,117,
 760,-61,-151,107,168,-103,120,
 761,-56,-164,104,148,-95,113,
 762,-59,-166,107,165,-94,108,
 763,-62,-163,107,170,-94,106,
 764,-56,-155,105,159,-100,104,
 765,-61,-151,109,174,-90,106,
 766,-60,-161,109,165,-89,118,
 767,-58,-162,114,146,-95,117,
 768,-63,-160,108,164,-95,112,
 769,-60,-153,113,157,-84,112,
 770,-58,-150,108,143,-92,108,
 771,-63,-148,114,170,-82,110,
 772,-56,-168,111,174,-97,110,
 773,-59,-167,107,146,-81,110,
 774,-63,-152,102,184,-79,108,
 775,-58,-149,109,181,-97,111,
 776,-57,-160,107,142,-102,111,
 777,-64,-152,110,182,-90,104,
 778,-56,-162,107,180,-102,105,
 779,-57,-158,106,152,-91,106,
 780,-64,-153,109,168,-89,108,
 781,-57,-162,113,176,-90,114,
 782,-56,-155,114,153,-85,106,
 783,-62,-156,115,156,-96,109,
 784,-58,-166,116,173,-77,105,
 785,-60,-149,113,154,-67,102,
 786,-63,-158,112,159,-80,105,
 787,-53,-157,115,156,-87,108,
 788,-56,-162,117,139,-85,112,
 789,-61,-160,119,167,-83,110,
 790,-55,-164,119,156,-85,106,
 791,-58,-155,113,142,-93,105,
 792,-57,-176,123,163,-70,106,
 793,-53,-161,122,162,-89,105,
 794,-61,-164,117,134,-84,107,
 795,-55,-161,120,164,-72,107,
 796,-52,-166,120,157,-84,108,
 797,-58,-168,116,146,-83,113,
 798,-57,-166,120,157,-68,112,
 799,-56,-154,118,153,-86,104,
 800,-60,-171,121,148,-81,107,
 801,-58,-172,121,170,-77,116,
 802,-55,-171,116,161,-88,113,
 803,-63,-161,122,149,-77,117,
 804,-63,-160,115,157,-89,106,
 805,-58,-160,117,181,-77,108,
 806,-60,-166,126,151,-84,110,
 807,-59,-165,118,154,-71,107,
 808,-60,-161,117,182,-69,108,
 809,-60,-161,127,160,-70,108,
 810,-57,-174,127,141,-73,102,
 811,-63,-166,119,180,-76,104,
 812,-63,-167,123,166,-79,110,
 813,-58,-156,121,144,-74,106,
 814,-56,-157,124,157,-88,105,
 815,-58,-175,127,154,-76,106,
 816,-57,-170,128,129,-69,105,
 817,-60,-162,121,152,-70,104,
 818,-56,-163,130,162,-67,103,
 819,-55,-162,123,138,-77,101,
 820,-62,-150,121,140,-69,109,
 821,-59,-156,125,163,-68,102,
 822,-57,-155,132,149,-67,102,
 823,-62,-164,131,141,-66,104,
 824,-59,-164,130,162,-69,101,
 825,-57,-160,133,152,-67,102,
 826,-63,-160,129,133,-63,101,
 827,-59,-162,127,150,-61,101,
 828,-54,-165,134,162,-73,100,
 829,-64,-166,130,144,-59,99,
 830,-58,-152,129,146,-53,105,
 831,-53,-158,126,169,-57,98,
 832,-59,-170,122,148,-60,102,
 833,-53,-164,135,134,-55,106,
 834,-56,-169,133,166,-53,98,
 835,-61,-175,131,157,-46,106,
 836,-52,-162,130,127,-52,98,
 837,-57,-158,132,160,-56,106,
 838,-59,-158,140,159,-51,98,
 839,-54,-165,136,146,-43,105,
 840,-57,-167,133,157,-50,97,
 841,-61,-160,139,173,-42,104,
 842,-54,-177,132,152,-48,96,
 843,-56,-160,131,139,-47,98,
 844,-60,-162,130,163,-43,95,
 845,-54,-164,130,163,-50,96,
 846,-60,-165,135,132,-45,90,
 847,-57,-162,137,160,-35,99,
 848,-61,-161,139,166,-41,92,
 849,-62,-170,141,142,-38,90,
 850,-55,-182,141,136,-33,94,
 851,-59,-165,134,158,-16,95,
 852,-60,-163,145,152,21,95,
 853,-60,-169,139,137,34,96,
 854,-57,-170,132,145,47,91,
 855,-62,-157,140,155,52,90,
 856,-58,-165,137,139,59,90,
 857,-63,-172,139,131,53,87,
 858,-56,-167,138,150,44,96,
 859,-57,-168,144,154,49,94,
 860,-63,-168,141,131,66,92,
 861,-55,-175,145,140,59,91,
 862,-56,-166,153,158,70,94,
 863,-60,-166,148,143,68,91,
 864,-56,-179,150,131,70,89,
 865,-59,-162,146,147,72,88,
 866,-61,-158,146,151,65,86,
 867,-60,-168,149,138,62,88,
 868,-61,-162,141,139,66,86,
 869,-57,-169,142,156,69,89,
 870,-62,-172,141,149,77,85,
 871,-54,-179,146,137,81,83,
 872,-56,-160,138,146,76,84,
 873,-62,-166,146,165,74,88,
 874,-54,-180,150,151,77,93,
 875,-59,-172,145,146,83,87,
 876,-59,-164,152,170,82,87,
 877,-54,-164,146,161,75,87,
 878,-60,-170,146,145,67,85,
 879,-56,-160,152,140,74,87,
 880,-53,-162,139,170,83,89,
 881,-58,-172,153,151,84,92,
 882,-56,-164,152,130,86,93,
 883,-59,-172,154,147,85,90,
 884,-58,-178,149,153,83,89,
 885,-52,-180,147,154,85,86,
 886,-61,-162,153,138,93,88,
 887,-58,-171,146,140,90,90,
 888,-56,-172,150,150,93,89,
 889,-62,-161,152,140,90,89,
 890,-53,-171,146,130,89,83,
 891,-61,-175,143,139,86,83,
 892,-60,-173,154,148,90,84,
 893,-57,-172,155,133,90,81,
 894,-56,-183,146,137,89,90,
 895,-56,-163,157,141,84,83,
 896,-62,-159,153,137,84,88,
 897,-54,-184,152,138,80,86,
 898,-58,-174,154,129,92,81,
 899,-60,-169,148,142,103,87,
 900,-60,-181,160,143,93,84,
 901,-58,-168,161,123,90,84,
 902,-57,-166,159,141,82,79,
 903,-63,-183,156,147,88,84,
 904,-56,-169,164,145,96,83,
 905,-60,-168,149,131,93,84,
 906,-58,-179,149,133,94,86,
 907,-56,-173,151,154,90,86,
 908,-62,-169,159,143,100,83,
 909,-57,-171,151,132,94,85,
 910,-60,-181,157,130,89,90,
 911,-58,-177,158,153,101,87,
 912,-57,-175,161,161,99,83,
 913,-62,-178,156,125,97,88,
 914,-55,-172,157,136,96,86,
 915,-60,-158,162,159,98,86,
 916,-62,-178,164,167,96,85,
 917,-58,-166,152,131,100,89,
 918,-52,-173,150,132,98,90,
 919,-54,-180,147,145,100,89,
 920,-60,-169,145,156,98,88,
 921,-54,-169,155,142,101,90,
 922,-59,-177,158,128,92,86,
 923,-56,-172,162,143,107,86,
 924,-60,-169,157,144,110,90,
 925,-55,-176,154,135,102,88,
 926,-53,-158,162,130,100,88,
 927,-59,-165,158,145,92,91,
 928,-52,-181,166,135,96,91,
 929,-61,-170,162,139,100,91,
 930,-55,-166,167,131,109,90,
 931,-54,-178,166,139,95,90,
 932,-54,-163,161,136,110,87,
 933,-58,-174,161,128,108,87,
 934,-58,-184,154,123,101,90,
 935,-53,-171,160,133,94,89,
 936,-59,-157,161,144,97,85,
 937,-60,-173,163,139,98,91,
 938,-58,-177,164,112,105,92,
 939,-55,-173,166,130,97,91,
 940,-62,-177,166,142,97,90,
 941,-59,-166,166,136,102,89,
 942,-57,-167,161,138,106,89,
 943,-58,-172,163,119,105,92,
 944,-61,-165,159,135,104,91,
 945,-61,-169,157,140,93,93,
 946,-54,-173,164,133,93,86,
 947,-59,-173,164,127,110,90,
 948,-57,-177,167,138,112,87,
 949,-63,-172,171,144,111,92,
 950,-58,-167,170,140,108,86,
 951,-61,-179,166,136,101,90,
 952,-56,-173,165,133,105,94,
 953,-57,-170,176,155,95,89,
 954,-57,-178,174,162,107,91,
 955,-58,-176,178,146,116,96,
 956,-58,-169,181,120,110,96,
 957,-62,-170,167,136,103,97,
 958,-54,-164,169,157,96,94,
 959,-57,-166,156,153,102,96,
 960,-59,-178,168,147,102,98,
 961,-53,-174,171,124,105,99,
 962,-55,-172,169,154,108,98,
 963,-53,-186,169,160,109,92,
 964,-58,-178,159,141,112,94,
 965,-59,-175,163,125,99,100,
 966,-58,-172,168,136,99,94,
 967,-55,-168,166,140,103,93,
 968,-56,-180,169,144,107,96,
 969,-54,-178,173,136,109,100,
 970,-60,-173,172,122,107,99,
 971,-55,-180,157,141,90,99,
 972,-59,-178,171,138,103,94,
 973,-54,-164,175,136,117,95,
 974,-61,-178,170,124,100,94,
 975,-58,-183,172,120,93,93,
 976,-60,-170,176,147,104,94,
 977,-53,-184,167,137,104,96,
 978,-58,-187,168,133,98,97,
 979,-55,-164,176,116,102,96,
 980,-61,-176,179,132,113,97,
 981,-55,-173,179,132,105,96,
 982,-59,-171,177,131,107,98,
 983,-56,-184,167,123,118,94,
 984,-63,-174,170,133,106,92,
 985,-54,-166,171,134,102,91,
 986,-60,-182,175,130,117,90,
 987,-56,-175,177,122,102,91,
 988,-62,-173,166,116,105,94,
 989,-53,-189,173,131,110,93,
 990,-59,-177,175,142,105,91,
 991,-57,-172,171,128,94,96,
 992,-60,-183,178,128,111,92,
 993,-55,-176,168,118,112,88,
 994,-62,-185,167,123,105,92,
 995,-56,-175,179,134,101,87,
 996,-61,-175,175,140,102,91,
 997,-54,-179,166,134,110,92,
 998,-59,-174,176,112,108,89,
 999,-60,-171,180,145,113,90,
 1000,-56,-176,179,150,109,95,
 1001,-55,-177,175,136,94,90,
 1002,-55,-179,186,127,112,92,
 1003,-53,-182,174,127,119,89,
 1004,-58,-175,171,156,110,91,
 1005,-55,-178,177,156,103,93,
 1006,-61,-184,169,136,112,89,
 1007,-51,-170,179,124,100,91,
 1008,-59,-182,177,140,109,90,
 1009,-55,-185,176,142,113,93,
 1010,-61,-166,177,151,110,88,
 1011,-52,-180,185,130,109,87,
 1012,-60,-178,173,117,100,91,
 1013,-56,-170,172,133,97,88,
 1014,-63,-182,167,139,107,91,
 1015,-55,-181,185,132,99,89,
 1016,-61,-174,170,129,104,89,
 1017,-57,-181,182,121,114,91,
 1018,-61,-167,177,136,100,88,
 1019,-53,-167,175,138,104,93,
 1020,-60,-189,182,130,107,92,
 1021,-57,-181,187,130,102,94,
 1022,-57,-174,189,121,113,90,
 1023,-58,-184,185,121,113,92,
 1024,-62,-183,170,139,117,91,
 1025,-56,-170,178,123,111,91,
 1026,-62,-185,169,131,110,93,
 1027,-58,-177,178,120,112,88,
 1028,-61,-178,187,122,106,89,
 1029,-55,-187,178,137,121,85,
 1030,-62,-175,182,123,113,85,
 1031,-54,-175,182,133,103,86,
 1032,-58,-187,183,117,105,87,
 1033,-57,-178,178,125,107,90,
 1034,-61,-174,180,138,111,84,
 1035,-60,-185,181,124,112,84,
 1036,-56,-171,171,136,108,87,
 1037,-58,-175,179,112,105,89,
 1038,-56,-191,186,130,105,90,
 1039,-61,-172,189,135,113,94,
 1040,-55,-176,182,132,94,89,
 1041,-60,-187,191,124,100,86,
 1042,-58,-180,192,111,110,87,
 1043,-56,-170,188,131,92,87,
 1044,-54,-183,184,140,102,86,
 1045,-60,-180,184,146,105,87,
 1046,-54,-169,184,124,105,90,
 1047,-57,-182,189,118,103,89,
 1048,-51,-181,183,126,106,85,
 1049,-59,-179,187,134,112,80,
 1050,-59,-181,191,147,104,86,
 1051,-60,-173,176,138,125,86,
 1052,-53,-174,180,130,90,83,
 1053,-55,-176,189,123,104,88,
 1054,-54,-166,184,144,97,86,
 1055,-61,-175,179,151,104,86,
 1056,-54,-174,190,152,118,84,
 1057,-62,-173,184,131,108,86,
 1058,-55,-176,188,118,111,85,
 1059,-59,-170,195,134,110,88,
 1060,-55,-182,190,156,120,86,
 1061,-61,-177,193,148,117,86,
 1062,-57,-173,188,131,123,87,
 1063,-61,-176,190,120,91,90,
 1064,-54,-186,190,128,96,89,
 1065,-62,-176,184,140,115,86,
 1066,-58,-190,182,136,106,85,
 1067,-58,-184,180,134,120,85,
 1068,-63,-177,192,120,103,95,
 1069,-61,-185,188,119,110,88,
 1070,-59,-188,181,137,101,96,
 1071,-62,-174,184,139,110,96,
 1072,-61,-182,189,118,94,96,
 1073,-59,-188,188,123,121,92,
 1074,-58,-172,186,131,100,92,
 1075,-57,-175,181,139,96,91,
 1076,-63,-183,191,124,102,90,
 1077,-59,-179,190,118,87,90,
 1078,-57,-173,188,123,103,96,
 1079,-53,-175,186,131,99,94,
 1080,-60,-185,187,133,100,92,
 1081,-54,-171,194,131,108,94,
 1082,-57,-171,191,121,124,92,
 1083,-54,-195,183,120,100,96,
 1084,-61,-186,183,121,105,96,
 1085,-52,-181,189,134,106,97,
 1086,-56,-191,181,137,126,104,
 1087,-56,-187,189,130,115,98,
 1088,-61,-178,178,130,102,103,
 1089,-54,-174,194,117,100,106,
 1090,-59,-186,187,132,115,102,
 1091,-55,-178,190,135,112,108,
 1092,-61,-170,184,126,117,103,
 1093,-56,-184,197,129,109,107,
 1094,-58,-184,189,112,103,104,
 1095,-54,-165,187,127,104,108,
 1096,-60,-168,193,139,99,108,
 1097,-62,-177,188,137,96,109,
 1098,-52,-172,188,122,95,108,
 1099,-59,-172,193,115,97,112,
 1100,-59,-179,191,128,98,108,
 1101,-62,-177,197,144,101,107,
 1102,-59,-181,189,148,109,106,
 1103,-60,-175,198,146,102,105,
 1104,-55,-183,185,130,112,115,
 1105,-61,-176,194,125,92,107,
 1106,-55,-175,191,139,104,109,
 1107,-61,-188,195,144,111,110,
 1108,-56,-175,195,152,127,112,
 1109,-57,-167,194,135,99,109,
 1110,-57,-180,187,129,103,110,
 1111,-60,-185,191,143,101,105,
 1112,-56,-177,180,161,121,107,
 1113,-60,-173,186,146,100,104,
 1114,-60,-185,198,128,122,105,
 1115,-59,-173,193,116,97,108,
 1116,-55,-178,198,132,108,112,
 1117,-58,-176,194,148,104,120,
 1118,-49,-185,189,143,100,112,
 1119,-57,-181,189,139,108,113,
 1120,-53,-182,189,130,119,107,
 1121,-59,-176,194,124,105,107,
 1122,-50,-186,188,144,95,108,
 1123,-57,-179,195,147,93,109,
 1124,-53,-174,197,128,109,106,
 1125,-60,-165,197,125,93,117,
 1126,-52,-182,185,122,105,110,
 1127,-57,-187,180,142,99,110,
 1128,-57,-166,188,142,99,106,
 1129,-60,-175,190,138,96,115,
 1130,-49,-181,185,129,110,111,
 1131,-58,-182,181,121,108,110,
 1132,-53,-173,178,127,111,115,
 1133,-60,-180,190,133,92,119,
 1134,-50,-182,186,132,111,112,
 1135,-57,-184,190,129,103,114,
 1136,-57,-175,192,124,108,114,
 1137,-54,-174,192,129,99,107,
 1138,-54,-185,189,144,111,111,
 1139,-57,-182,192,139,100,105,
 1140,-63,-176,188,132,100,106,
 1141,-54,-171,190,129,114,106,
 1142,-58,-179,188,143,92,104,
 1143,-60,-175,200,135,98,106,
 1144,-59,-173,196,127,86,106,
 1145,-54,-176,188,122,97,108,
 1146,-57,-173,192,128,87,108,
 1147,-54,-178,179,134,103,109,
 1148,-60,-167,189,138,100,117,
 1149,-54,-174,191,129,119,113,
 1150,-61,-178,196,129,118,116,
 1151,-55,-187,191,119,111,110,
 1152,-58,-180,185,132,87,107,
 1153,-62,-165,190,142,99,109,
 1154,-54,-173,197,153,108,109,
 1155,-59,-184,194,146,115,109,
 1156,-54,-180,191,125,99,108,
 1157,-59,-182,190,133,96,113,
 1158,-51,-163,191,150,98,108,
 1159,-55,-174,198,161,107,108,
 1160,-58,-182,199,158,117,109,
 1161,-56,-176,199,127,110,120,
 1162,-55,-175,191,123,121,116,
 1163,-51,-171,196,133,95,120,
 1164,-58,-179,194,148,99,123,
 1165,-53,-183,196,136,91,121,
 1166,-53,-173,190,127,103,121,
 1167,-56,-174,198,122,108,114,
 1168,-51,-175,186,137,124,112,
 1169,-58,-177,192,145,98,111,
 1170,-55,-180,191,136,106,112,
 1171,-57,-178,193,117,102,115,
 1172,-51,-167,192,120,97,113,
 1173,-57,-167,192,134,91,115,
 1174,-54,-175,190,139,94,121,
 1175,-56,-175,192,136,90,116,
 1176,-52,-178,185,131,99,116,
 1177,-56,-176,194,123,113,117,
 1178,-60,-173,197,134,113,115,
 1179,-56,-176,187,143,102,122,
 1180,-56,-181,188,138,94,119,
 1181,-59,-183,189,140,110,124,
 1182,-55,-173,184,123,98,114,
 1183,-55,-177,198,125,106,123,
 1184,-60,-170,196,129,107,123,
 1185,-53,-179,198,134,97,123,
 1186,-55,-179,196,133,90,122,
 1187,-60,-177,184,128,109,121,
 1188,-55,-175,198,131,103,126,
 1189,-59,-171,195,133,104,120,
 1190,-59,-164,186,138,78,125,
 1191,-54,-168,193,136,92,134,
 1192,-58,-183,180,133,91,128,
 1193,-54,-181,197,122,101,128,
 1194,-55,-176,194,134,78,125,
 1195,-59,-168,199,143,109,124,
 1196,-53,-163,196,136,102,126,
 1197,-58,-173,189,132,115,126,
 1198,-57,-163,181,121,111,127,
 1199,-55,-172,194,131,91,130,
 1200,-59,-165,195,142,86,127,
 1201,-50,-161,200,146,106,130,
 1202,-50,-174,195,144,104,128,
 1203,-59,-175,197,131,100,132,
 1204,-57,-164,185,127,86,139,
 1205,-51,-171,186,141,100,140,
 1206,-59,-167,189,147,102,132,
 1207,-49,-174,198,153,107,127,
 1208,-55,-172,191,140,105,125,
 1209,-59,-173,196,130,95,132,
 1210,-49,-176,194,143,107,126,
 1211,-50,-177,193,150,95,130,
 1212,-58,-176,198,158,100,126,
 1213,-53,-178,196,149,87,138,
 1214,-52,-176,199,129,97,131,
 1215,-57,-177,200,137,101,132,
 1216,-57,-176,185,156,99,127,
 1217,-57,-177,188,152,90,126,
 1218,-59,-182,193,137,95,133,
 1219,-50,-170,193,116,94,135,
 1220,-52,-174,199,125,101,131,
 1221,-60,-170,195,143,73,117,
 1222,-52,-176,187,153,109,125,
 1223,-53,-181,198,145,96,131,
 1224,-59,-176,201,124,111,124,
 1225,-53,-176,199,120,100,123,
 1226,-54,-173,201,140,109,131,
 1227,-59,-167,184,149,87,129,
 1228,-57,-167,185,145,106,126,
 1229,-55,-171,191,133,101,127,
 1230,-58,-168,191,122,104,125,
 1231,-59,-178,196,131,91,122,
 1232,-56,-172,202,142,101,122,
 1233,-51,-172,203,140,85,129,
 1234,-56,-180,194,129,96,128,
 1235,-56,-175,197,113,94,122,
 1236,-54,-170,200,141,101,127,
 1237,-57,-165,191,142,99,129,
 1238,-59,-174,192,135,91,130,
 1239,-53,-173,194,123,87,134,
 1240,-56,-171,192,125,91,132,
 1241,-56,-180,196,131,84,130,
 1242,-55,-172,191,142,91,130,
 1243,-55,-169,187,142,91,136,
 1244,-54,-168,194,131,103,128,
 1245,-58,-178,196,120,114,125,
 1246,-56,-174,193,128,101,137,
 1247,-48,-170,198,142,93,126,
 1248,-51,-170,193,145,88,127,
 1249,-57,-181,184,125,107,131,
 1250,-55,-177,181,120,106,132,
 1251,-50,-176,187,124,107,130,
 1252,-54,-173,191,140,92,129,
 1253,-55,-165,201,142,87,139,
 1254,-58,-168,192,138,94,130,
 1255,-49,-174,197,130,99,140,
 1256,-50,-174,197,124,103,136,
 1257,-54,-174,195,135,98,139,
 1258,-50,-176,201,146,92,134,
 1259,-50,-172,196,149,89,139,
 1260,-50,-177,197,139,90,132,
 1261,-54,-168,205,128,82,135,
 1262,-54,-177,196,137,88,130,
 1263,-49,-171,200,152,98,135,
 1264,-52,-171,204,148,94,125,
 1265,-56,-173,197,140,93,129,
 1266,-55,-171,202,120,99,130,
 1267,-51,-179,205,133,92,131,
 1268,-50,-176,189,143,96,126,
 1269,-53,-176,194,155,83,126,
 1270,-57,-177,194,141,81,129,
 1271,-50,-172,196,127,85,131,
 1272,-52,-173,197,118,94,140,
 1273,-51,-177,207,131,87,122,
 1274,-53,-171,201,138,102,128,
 1275,-57,-165,194,144,105,119,
 1276,-53,-174,189,125,95,121,
 1277,-52,-174,198,123,88,129,
 1278,-53,-170,189,137,104,131,
 1279,-56,-181,202,140,98,125,
 1280,-58,-180,195,127,100,120,
 1281,-51,-179,193,132,85,126,
 1282,-50,-167,191,120,100,134,
 1283,-51,-181,184,129,87,125,
 1284,-56,-173,193,139,108,119,
 1285,-59,-175,199,136,91,128,
 1286,-56,-165,189,134,105,125,
 1287,-52,-170,204,124,81,127,
 1288,-50,-178,204,128,96,123,
 1289,-56,-176,196,136,75,119,
 1290,-59,-176,196,146,91,123,
 1291,-56,-174,200,127,79,125,
 1292,-58,-178,204,119,90,127,
 1293,-52,-180,191,115,91,129,
 1294,-53,-180,202,128,86,130,
 1295,-56,-176,206,133,91,126,
 1296,-54,-173,196,132,104,128,
 1297,-56,-171,191,125,95,124,
 1298,-51,-178,192,120,74,124,
 1299,-50,-177,197,132,81,128,
 1300,-50,-171,197,138,88,129,
 1301,-53,-178,195,131,99,131,
 1302,-56,-174,197,130,81,129,
 1303,-53,-175,188,121,88,130,
 1304,-58,-173,195,128,80,131,
 1305,-51,-176,199,145,91,132,
 1306,-49,-170,200,139,89,124,
 1307,-49,-174,202,138,101,132,
 1308,-48,-177,189,133,99,126,
 1309,-50,-177,188,119,91,131,
 1310,-55,-174,194,141,89,124,
 1311,-56,-176,195,146,90,131,
 1312,-49,-174,198,141,94,127,
 1313,-52,-179,198,140,90,126,
 1314,-50,-172,196,123,97,127,
 1315,-51,-180,190,138,91,124,
 1316,-56,-170,198,164,98,137,
 1317,-54,-176,192,154,86,129,
 1318,-55,-179,197,147,104,136,
 1319,-52,-179,201,127,84,123,
 1320,-55,-177,197,129,88,126,
 1321,-52,-180,205,142,79,127,
 1322,-52,-183,207,146,84,127,
 1323,-53,-173,205,146,82,126,
 1324,-53,-182,192,135,82,126,
 1325,-58,-176,196,126,101,123,
 1326,-55,-172,191,132,76,130,
 1327,-55,-179,193,143,85,136,
 1328,-52,-179,198,144,78,128,
 1329,-54,-168,203,132,90,123,
 1330,-49,-178,204,114,101,125,
 1331,-52,-176,204,125,100,118,
 1332,-51,-174,190,139,92,125,
 1333,-50,-178,198,137,76,128,
 1334,-55,-177,198,132,97,127,
 1335,-55,-184,200,123,74,117,
 1336,-58,-183,202,122,88,124,
 1337,-56,-169,205,129,80,120,
 1338,-59,-180,200,133,91,123,
 1339,-52,-162,197,133,88,116,
 1340,-51,-177,202,116,89,118,
 1341,-50,-172,205,122,94,111,
 1342,-55,-172,205,122,82,119,
 1343,-54,-172,201,136,92,118,
 1344,-50,-173,200,139,76,122,
 1345,-52,-179,203,123,84,119,
 1346,-49,-178,207,131,84,117,
 1347,-51,-181,210,116,83,126,
 1348,-53,-182,195,125,90,118,
 1349,-55,-180,202,140,85,123,
 1350,-53,-171,205,133,106,120,
 1351,-54,-179,207,136,84,121,
 1352,-54,-179,199,116,81,117,
 1353,-54,-179,210,125,83,125,
 1354,-51,-180,210,134,78,118,
 1355,-51,-173,198,129,89,117,
 1356,-52,-173,197,133,83,124,
 1357,-50,-165,201,131,91,120,
 1358,-49,-177,191,111,76,117,
 1359,-50,-177,207,130,80,125,
 1360,-48,-180,201,141,83,123,
 1361,-49,-182,200,131,78,120,
 1362,-52,-174,203,132,94,131,
 1363,-48,-181,199,127,81,134,
 1364,-53,-182,205,117,97,126,
 1365,-55,-179,191,138,93,128,
 1366,-55,-187,206,137,84,127,
 1367,-52,-181,194,150,97,119,
 1368,-55,-184,207,151,75,120,
 1369,-53,-188,202,137,88,122,
 1370,-55,-184,206,125,78,122,
 1371,-51,-179,197,137,83,120,
 1372,-50,-174,206,144,85,118,
 1373,-51,-178,201,146,77,120,
 1374,-48,-183,201,139,84,123,
 1375,-51,-186,207,135,90,123,
 1376,-55,-183,198,120,77,121,
 1377,-50,-181,211,130,86,123,
 1378,-49,-177,207,141,85,119,
 1379,-49,-182,194,131,81,117,
 1380,-51,-182,190,135,79,120,
 1381,-51,-186,204,124,84,117,
 1382,-53,-181,200,132,90,117,
 1383,-51,-189,196,141,74,117,
 1384,-50,-189,192,143,90,112,
 1385,-50,-187,204,133,89,111,
 1386,-51,-186,209,123,76,107,
 1387,-55,-185,199,113,85,120,
 1388,-54,-183,204,122,81,113,
 1389,-56,-176,204,141,97,119,
 1390,-54,-180,197,133,92,112,
 1391,-54,-182,200,123,90,110,
 1392,-53,-182,199,118,84,109,
 1393,-56,-175,201,119,80,104,
 1394,-55,-187,203,120,79,103,
 1395,-56,-177,200,135,86,108,
 1396,-52,-187,205,132,69,109,
 1397,-56,-190,206,125,86,100,
 1398,-53,-190,208,130,90,102,
 1399,-55,-191,204,113,85,107,
 1400,-55,-191,206,118,79,101,
 1401,-55,-183,203,133,75,97,
 1402,-53,-191,205,128,85,100,
 1403,-55,-191,209,129,83,100,
 1404,-52,-196,200,124,78,99,
 1405,-57,-183,211,118,95,99,
 1406,-54,-185,205,122,73,99,
 1407,-53,-182,204,121,76,109,
 1408,-51,-194,206,128,86,102,
 1409,-51,-195,201,118,71,102,
 1410,-49,-196,206,122,90,101,
 1411,-51,-191,205,126,92,96,
 1412,-51,-189,203,124,82,99,
 1413,-50,-197,207,127,87,95,
 1414,-50,-192,209,130,90,98,
 1415,-52,-185,210,130,78,94,
 1416,-50,-200,197,114,79,99,
 1417,-53,-187,213,115,87,93,
 1418,-51,-200,211,125,89,96,
 1419,-51,-193,213,130,90,90,
 1420,-52,-199,201,129,90,89,
 1421,-50,-189,214,131,87,91,
 1422,-51,-193,214,126,78,88,
 1423,-53,-198,215,115,78,95,
 1424,-52,-190,212,116,86,87,
 1425,-54,-196,212,129,85,90,
 1426,-49,-199,211,132,82,94,
 1427,-53,-199,213,140,78,89,
 1428,-50,-199,210,137,82,89,
 1429,-55,-188,213,129,78,89,
 1430,-51,-195,201,115,84,91,
 1431,-51,-187,206,119,87,85,
 1432,-51,-196,209,124,81,86,
 1433,-53,-197,214,133,79,86,
 1434,-52,-196,198,146,74,84,
 1435,-55,-199,210,141,77,92,
 1436,-55,-196,206,133,86,86,
 1437,-55,-189,209,120,92,85,
 1438,-51,-199,213,125,76,82,
 1439,-53,-192,208,142,87,80,
 1440,-53,-187,211,144,73,84,
 1441,-53,-198,211,126,74,83,
 1442,-50,-197,208,125,78,80,
 1443,-50,-200,201,119,87,82,
 1444,-50,-191,199,115,74,81,
 1445,-51,-200,209,129,87,78,
 1446,-48,-194,209,129,88,79,
 1447,-50,-192,204,135,72,81,
 1448,-50,-191,214,124,84,81,
 1449,-52,-195,212,120,76,81,
 1450,-51,-197,212,113,85,77,
 1451,-49,-200,212,117,88,76,
 1452,-50,-192,217,121,81,74,
 1453,-51,-203,210,134,76,75,
 1454,-53,-202,213,122,79,81,
 1455,-51,-201,207,123,90,74,
 1456,-49,-196,206,123,77,77,
 1457,-50,-191,208,113,79,73,
 1458,-49,-197,208,117,83,77,
 1459,-50,-195,197,116,96,77,
 1460,-51,-195,202,116,94,73,
 1461,-48,-203,205,121,91,75,
 1462,-49,-198,216,123,83,76,
 1463,-49,-199,216,109,79,78,
 1464,-51,-201,213,112,82,73,
 1465,-51,-189,209,116,85,71,
 1466,-51,-197,202,116,80,68,
 1467,-50,-200,213,125,83,67,
 1468,-52,-192,210,120,74,72,
 1469,-47,-203,213,117,79,70,
 1470,-54,-195,214,119,84,67,
 1471,-53,-198,207,114,86,67,
 1472,-53,-197,221,128,75,67,
 1473,-49,-197,217,117,74,65,
 1474,-52,-194,214,116,78,69,
 1475,-53,-201,218,127,71,73,
 1476,-52,-195,211,117,78,69,
 1477,-53,-204,218,114,84,68,
 1478,-54,-199,207,116,81,67,
 1479,-52,-207,216,106,75,67,
 1480,-49,-195,213,126,86,67,
 1481,-52,-195,214,138,79,65,
 1482,-53,-200,216,120,78,63,
 1483,-51,-209,213,118,78,68,
 1484,-54,-213,210,122,88,66,
 1485,-49,-209,209,119,83,65,
 1486,-49,-207,214,109,80,69,
 1487,-49,-203,203,117,80,70,
 1488,-52,-203,221,128,81,67,
 1489,-51,-202,220,119,69,63,
 1490,-49,-205,208,126,79,64,
 1491,-52,-200,213,121,73,64,
 1492,-52,-209,212,112,81,62,
 1493,-54,-207,216,117,80,53,
 1494,-56,-202,207,122,84,39,
 1495,-57,-203,220,128,86,17,
 1496,-54,-220,206,135,91,-5,
 1497,-55,-210,217,131,89,-44,
 1498,-54,-209,219,134,76,-59,
 1499,-55,-210,217,125,75,-51,
 1500,-51,-209,209,122,84,-66,
 1501,-51,-206,214,113,78,-80,
 1502,-51,-204,205,120,82,-79,
 1503,-50,-203,218,118,88,-83,
 1504,-59,-199,212,137,93,-78,
 1505,-56,-201,213,134,87,-75,
 1506,-57,-204,207,143,71,-80,
 1507,-54,-197,214,127,82,-77,
 1508,-53,-209,218,119,85,-78,
 1509,-52,-214,219,124,81,-80,
 1510,-52,-214,220,125,83,-79,
 1511,-57,-205,220,135,86,-82,
 1512,-54,-209,221,131,80,-87,
 1513,-58,-210,217,131,79,-87,
 1514,-54,-215,215,127,82,-89,
 1515,-57,-215,222,120,73,-88,
 1516,-56,-214,210,109,87,-83,
 1517,-53,-209,209,109,81,-87,
 1518,-53,-208,216,119,78,-89,
 1519,-55,-217,216,126,81,-89,
 1520,-57,-216,210,129,82,-88,
 1521,-57,-209,224,134,79,-89,
 1522,-56,-212,217,120,80,-86,
 1523,-50,-204,220,113,75,-87,
 1524,-53,-220,222,115,82,-87,
 1525,-50,-220,223,116,77,-87,
 1526,-53,-218,229,116,82,-87,
 1527,-57,-211,214,119,84,-86,
 1528,-54,-202,210,131,75,-89,
 1529,-57,-222,213,126,82,-87,
 1530,-50,-210,213,125,78,-93,
 1531,-54,-216,226,113,74,-89,
 1532,-58,-207,219,115,82,-92,
 1533,-56,-212,216,109,86,-91,
 1534,-58,-219,220,108,73,-98,
 1535,-50,-214,217,119,86,-100,
 1536,-53,-212,220,118,93,-99,
 1537,-57,-213,216,116,85,-95,
 1538,-57,-202,222,118,85,-95,
 1539,-52,-222,219,118,83,-95,
 1540,-51,-203,227,116,86,-94,
 1541,-54,-214,215,115,89,-95,
 1542,-58,-214,214,112,72,-97,
 1543,-55,-217,209,108,83,-96,
 1544,-55,-223,222,119,92,-97,
 1545,-53,-206,218,118,89,-99,
 1546,-58,-214,217,115,87,-96,
 1547,-58,-215,222,113,87,-96,
 1548,-52,-212,221,109,87,-100,
 1549,-59,-210,226,115,92,-100,
 1550,-62,-211,228,115,92,-99,
 1551,-55,-215,216,99,81,-97,
 1552,-54,-219,214,104,83,-104,
 1553,-61,-208,207,115,75,-106,
 1554,-54,-210,218,117,83,-105,
 1555,-54,-220,222,107,85,-98,
 1556,-59,-226,219,110,88,-101,
 1557,-55,-219,221,113,81,-97,
 1558,-53,-215,218,114,87,-100,
 1559,-59,-213,231,98,83,-102,
 1560,-59,-223,233,111,86,-96,
 1561,-57,-221,231,113,79,-100,
 1562,-54,-220,225,107,75,-101,
 1563,-60,-228,224,111,69,-105,
 1564,-57,-213,227,118,85,-102,
 1565,-55,-216,233,116,81,-100,
 1566,-59,-209,225,114,86,-107,
 1567,-57,-219,212,113,81,-103,
 1568,-60,-227,226,115,75,-102,
 1569,-62,-215,220,116,84,-106,
 1570,-54,-216,222,120,90,-104,
 1571,-59,-230,219,121,81,-109,
 1572,-54,-225,214,118,82,-106,
 1573,-54,-212,221,117,86,-109,
 1574,-60,-233,220,118,89,-115,
 1575,-53,-238,218,113,94,-112,
 1576,-58,-225,229,101,84,-118,
 1577,-63,-207,224,102,85,-111,
 1578,-53,-225,230,113,86,-112,
 1579,-60,-230,228,116,90,-113,
 1580,-58,-218,224,121,81,-105,
 1581,-61,-224,225,131,79,-110,
 1582,-58,-224,209,138,88,-112,
 1583,-55,-224,220,126,70,-112,
 1584,-61,-209,225,123,86,-111,
 1585,-53,-224,223,114,92,-116,
 1586,-61,-211,225,106,78,-122,
 1587,-55,-217,220,115,94,-117,
 1588,-60,-220,220,123,90,-119,
 1589,-61,-223,218,122,74,-119,
 1590,-61,-217,215,129,86,-120,
 1591,-56,-223,226,138,87,-126,
 1592,-63,-221,227,137,89,-126,
 1593,-61,-220,219,129,87,-126,
 1594,-63,-220,227,110,87,-131,
 1595,-58,-236,241,111,82,-137,
 1596,-60,-232,229,119,90,-127,
 1597,-60,-222,213,116,93,-128,
 1598,-57,-226,229,121,82,-131,
 1599,-61,-228,231,130,87,-131,
 1600,-56,-225,222,130,82,-123,
 1601,-62,-208,221,133,89,-131,
 1602,-55,-233,230,121,87,-130,
 1603,-57,-226,231,122,77,-131,
 1604,-61,-236,222,111,90,-124,
 1605,-61,-234,227,114,89,-127,
 1606,-63,-231,225,109,88,-125,
 1607,-57,-216,227,114,90,-119,
 1608,-60,-239,220,112,84,-119,
 1609,-63,-217,226,124,87,-126,
 1610,-57,-224,229,121,90,-128,
 1611,-56,-227,231,122,87,-128,
 1612,-57,-224,230,123,90,-123,
 1613,-56,-222,227,117,92,-125,
 1614,-60,-234,232,112,84,-124,
 1615,-59,-222,225,110,86,-121,
 1616,-58,-215,230,121,94,-125,
 1617,-61,-230,220,116,92,-121,
 1618,-60,-230,216,111,84,-130,
 1619,-53,-225,225,115,81,-122,
 1620,-55,-232,227,107,86,-127,
 1621,-62,-220,230,107,87,-124,
 1622,-58,-224,218,113,84,-124,
 1623,-61,-221,227,112,87,-127,
 1624,-63,-221,236,119,93,-123,
 1625,-58,-228,235,115,88,-123,
 1626,-57,-234,224,120,93,-127,
 1627,-61,-218,237,118,92,-123,
 1628,-60,-235,231,111,83,-126,
 1629,-60,-236,216,111,90,-138,
 1630,-59,-228,228,113,95,-125,
 1631,-64,-236,232,107,102,-126,
 1632,-64,-231,229,107,93,-120,
 1633,-60,-226,227,108,91,-119,
 1634,-64,-232,223,110,100,-127,
 1635,-65,-225,229,118,92,-121,
 1636,-61,-213,226,115,94,-117,
 1637,-63,-233,239,112,93,-119,
 1638,-65,-225,239,112,86,-114,
 1639,-65,-235,241,118,91,-113,
 1640,-61,-230,229,99,86,-116,
 1641,-61,-231,230,105,101,-119,
 1642,-60,-232,229,116,101,-117,
 1643,-63,-221,228,115,92,-117,
 1644,-64,-221,216,117,86,-123,
 1645,-64,-238,234,119,90,-120,
 1646,-66,-223,226,115,86,-121,
 1647,-63,-230,229,119,88,-115,
 1648,-65,-231,235,119,89,-120,
 1649,-64,-226,227,109,85,-121,
 1650,-63,-226,228,111,87,-117,
 1651,-57,-219,228,113,84,-117,
 1652,-60,-217,239,122,91,-116,
 1653,-62,-239,238,118,91,-117,
 1654,-60,-216,224,123,80,-116,
 1655,-60,-228,230,114,83,-117,
 1656,-62,-238,231,111,81,-122,
 1657,-61,-222,226,118,86,-117,
 1658,-62,-235,221,120,91,-115,
 1659,-63,-223,231,116,93,-124,
 1660,-61,-240,231,128,83,-127,
 1661,-70,-234,229,129,92,-118,
 1662,-62,-223,239,122,88,-112,
 1663,-68,-232,233,126,90,-122,
 1664,-69,-217,235,125,85,-116,
 1665,-67,-237,229,114,100,-112,
 1666,-61,-216,232,114,100,-124,
 1667,-65,-229,239,122,86,-115,
 1668,-63,-247,227,122,97,-114,
 1669,-62,-230,236,131,97,-119,
 1670,-63,-247,224,140,96,-120,
 1671,-68,-219,215,137,89,-116,
 1672,-67,-229,230,137,97,-115,
 1673,-63,-231,231,125,96,-115,
 1674,-61,-227,225,118,93,-122,
 1675,-68,-236,235,121,90,-123,
 1676,-67,-221,220,117,100,-119,
 1677,-64,-237,221,132,88,-118,
 1678,-62,-228,231,141,88,-115,
 1679,-62,-224,237,144,93,-114,
 1680,-69,-244,235,135,89,-117,
 1681,-64,-214,230,122,91,-120,
 1682,-63,-236,238,120,101,-119,
 1683,-70,-220,225,121,95,-121,
 1684,-66,-243,215,119,93,-130,
 1685,-63,-214,230,127,97,-126,
 1686,-68,-232,235,137,85,-113,
 1687,-67,-237,227,141,94,-120,
 1688,-69,-227,235,134,98,-120,
 1689,-71,-237,232,123,94,-123,
 1690,-66,-222,222,119,88,-122,
 1691,-71,-246,226,116,87,-122,
 1692,-70,-232,237,128,100,-130,
 1693,-63,-237,244,132,98,-116,
 1694,-71,-238,237,130,87,-115,
 1695,-69,-230,232,139,97,-115,
 1696,-67,-243,230,130,91,-114,
 1697,-72,-223,220,131,96,-119,
 1698,-68,-246,226,119,98,-115,
 1699,-72,-228,234,122,89,-112,
 1700,-71,-239,232,130,98,-114,
 1701,-65,-228,225,128,102,-111,
 1702,-66,-229,239,123,83,-119,
 1703,-62,-234,240,135,88,-122,
 1704,-69,-222,231,130,92,-111,
 1705,-70,-236,232,122,84,-119,
 1706,-70,-230,232,123,94,-119,
 1707,-66,-240,234,109,98,-112,
 1708,-62,-228,228,124,82,-123,
 1709,-70,-237,228,134,93,-116,
 1710,-68,-222,234,129,101,-117,
 1711,-70,-232,229,131,102,-120,
 1712,-66,-221,229,122,102,-111,
 1713,-71,-233,225,126,102,-109,
 1714,-69,-239,219,121,80,-103,
 1715,-67,-228,232,122,84,-105,
 1716,-65,-229,232,117,95,-105,
 1717,-67,-222,235,129,95,-107,
 1718,-74,-236,229,130,88,-106,
 1719,-66,-221,234,124,89,-105,
 1720,-72,-244,224,127,93,-101,
 1721,-69,-228,222,120,102,-108,
 1722,-68,-241,227,113,108,-101,
 1723,-70,-235,228,129,102,-104,
 1724,-64,-233,228,130,93,-104,
 1725,-70,-227,228,128,93,-104,
 1726,-68,-222,240,118,96,-104,
 1727,-68,-234,222,121,106,-109,
 1728,-64,-234,228,127,91,-106,
 1729,-67,-237,232,121,96,-110,
 1730,-73,-208,237,127,94,-101,
 1731,-66,-231,225,134,93,-100,
 1732,-77,-218,237,139,90,-101,
 1733,-70,-238,233,133,95,-104,
 1734,-72,-230,237,117,89,-96,
 1735,-72,-237,234,123,103,-97,
 1736,-77,-223,226,116,97,-101,
 1737,-70,-236,228,137,100,-96,
 1738,-77,-228,226,139,101,-94,
 1739,-76,-229,227,143,99,-96,
 1740,-77,-214,229,133,102,-98,
 1741,-73,-226,226,132,101,-96,
 1742,-73,-218,227,128,98,-96,
 1743,-79,-229,226,123,97,-91,
 1744,-73,-235,232,127,104,-91,
 1745,-72,-227,230,146,93,-89,
 1746,-74,-240,227,155,90,-87,
 1747,-70,-227,236,146,97,-92,
 1748,-70,-235,229,145,96,-89,
 1749,-73,-228,225,127,96,-87,
 1750,-72,-237,232,123,89,-89,
 1751,-72,-225,228,139,93,-87,
 1752,-74,-238,211,137,105,-88,
 1753,-71,-229,221,153,96,-91,
 1754,-71,-239,230,145,114,-86,
 1755,-70,-228,222,146,97,-90,
 1756,-75,-247,235,145,93,-92,
 1757,-76,-213,232,133,111,-88,
 1758,-74,-230,237,137,104,-84,
 1759,-75,-219,224,141,100,-83,
 1760,-74,-226,237,144,101,-86,
 1761,-73,-215,234,150,94,-83,
 1762,-74,-229,233,135,112,-81,
 1763,-74,-221,221,131,102,-84,
 1764,-76,-227,237,134,99,-80,
 1765,-72,-230,231,140,101,-84,
 1766,-74,-232,236,147,92,-84,
 1767,-67,-226,236,147,107,-84,
 1768,-73,-227,232,132,102,-83,
 1769,-64,-224,225,125,97,-85,
 1770,-69,-225,227,127,91,-83,
 1771,-65,-230,235,138,92,-79,
 1772,-69,-237,231,143,90,-87,
 1773,-70,-229,227,142,103,-84,
 1774,-69,-234,240,140,95,-83,
 1775,-66,-230,238,139,101,-80,
 1776,-70,-224,217,126,108,-79,
 1777,-76,-230,231,138,114,-82,
 1778,-76,-220,233,149,110,-80,
 1779,-74,-233,224,149,107,-78,
 1780,-76,-217,220,139,93,-75,
 1781,-78,-230,234,129,95,-77,
 1782,-78,-211,232,131,114,-81,
 1783,-79,-225,232,142,100,-82,
 1784,-72,-214,226,140,102,-82,
 1785,-76,-224,226,147,100,-84,
 1786,-79,-227,234,136,95,-82,
 1787,-76,-222,233,134,99,-82,
 1788,-71,-213,235,126,94,-84,
 1789,-73,-226,235,134,95,-82,
 1790,-75,-214,224,135,100,-80,
 1791,-66,-232,231,142,101,-82,
 1792,-70,-202,232,130,99,-82,
 1793,-71,-218,226,141,89,-83,
 1794,-73,-218,228,134,83,-80,
 1795,-69,-231,226,134,87,-85,
 1796,-75,-214,232,139,84,-85,
 1797,-80,-224,234,139,97,-79,
 1798,-70,-222,230,141,87,-82,
 1799,-79,-219,234,133,106,-83,
 1800,-80,-218,240,123,97,-83,
 1801,-71,-228,225,135,98,-78,
 1802,-76,-220,222,147,94,-79,
 1803,-71,-222,226,141,96,-74,
 1804,-72,-212,232,139,114,-81,
 1805,-73,-225,225,137,87,-81,
 1806,-79,-222,231,135,95,-79,
 1807,-71,-227,219,145,93,-85,
 1808,-72,-213,228,149,105,-88,
 1809,-67,-221,221,150,105,-87,
 1810,-72,-212,218,155,95,-85,
 1811,-76,-222,231,148,103,-83,
 1812,-77,-212,227,129,96,-83,
 1813,-77,-223,227,142,104,-86,
 1814,-80,-214,228,154,96,-85,
 1815,-81,-218,219,162,104,-83,
 1816,-81,-205,230,163,92,-75,
 1817,-79,-232,231,147,99,-64,
 1818,-80,-211,233,135,110,-42,
 1819,-79,-230,226,137,91,-23,
 1820,-80,-210,226,147,95,4,
 1821,-77,-217,219,160,89,42,
 1822,-82,-207,231,137,99,69,
 1823,-80,-226,220,136,103,62,
 1824,-76,-204,228,134,105,52,
 1825,-72,-225,223,146,93,70,
 1826,-73,-215,226,152,82,71,
 1827,-76,-221,228,157,104,79,
 1828,-80,-206,223,144,92,76,
 1829,-76,-227,227,142,102,75,
 1830,-76,-207,220,138,93,70,
 1831,-78,-221,222,143,91,71,
 1832,-77,-208,236,150,90,72,
 1833,-79,-212,226,138,85,71,
 1834,-73,-210,230,144,111,73,
 1835,-80,-217,225,139,97,74,
 1836,-77,-214,224,138,115,75,
 1837,-75,-223,223,142,99,79,
 1838,-80,-202,229,148,91,77,
 1839,-85,-210,217,135,98,73,
 1840,-74,-220,213,133,91,75,
 1841,-82,-205,226,132,112,70,
 1842,-77,-217,224,141,99,76,
 1843,-74,-214,227,146,103,80,
 1844,-74,-223,230,146,96,79,
 1845,-70,-204,229,135,99,75,
 1846,-76,-206,233,139,99,72,
 1847,-74,-216,227,133,105,73,
 1848,-78,-224,217,140,93,78,
 1849,-70,-207,226,147,80,79,
 1850,-74,-211,235,130,103,81,
 1851,-75,-203,220,140,88,78,
 1852,-72,-217,218,122,87,80,
 1853,-73,-197,224,146,84,80,
 1854,-78,-211,220,145,93,82,
 1855,-79,-202,216,143,98,82,
 1856,-79,-212,213,133,86,84,
 1857,-80,-196,224,135,99,84,
 1858,-75,-212,225,138,94,81,
 1859,-81,-200,215,142,111,84,
 1860,-79,-202,226,149,101,86,
 1861,-69,-208,218,149,94,84,
 1862,-75,-204,223,141,78,83,
 1863,-77,-197,225,133,86,84,
 1864,-79,-202,211,138,97,84,
 1865,-78,-209,212,156,93,85,
 1866,-75,-195,220,160,98,82,
 1867,-73,-203,228,158,84,87,
 1868,-80,-192,226,141,99,87,
 1869,-81,-208,229,136,83,86,
 1870,-81,-202,217,144,98,90,
 1871,-81,-209,217,158,87,88,
 1872,-70,-206,220,151,95,91,
 1873,-81,-208,221,154,91,90,
 1874,-80,-199,218,135,93,90,
 1875,-73,-201,223,141,93,91,
 1876,-78,-197,219,143,89,86,
 1877,-74,-202,220,163,95,85,
 1878,-71,-212,220,146,92,85,
 1879,-77,-195,225,138,108,84,
 1880,-78,-205,225,130,95,87,
 1881,-70,-192,226,141,94,89,
 1882,-73,-209,231,153,92,87,
 1883,-76,-194,226,148,88,87,
 1884,-73,-204,225,142,95,88,
 1885,-79,-195,230,140,83,88,
 1886,-79,-197,228,143,91,89,
 1887,-79,-204,223,150,77,91,
 1888,-77,-196,216,148,85,89,
 1889,-82,-197,222,137,85,90,
 1890,-80,-195,217,138,96,90,
 1891,-78,-211,223,134,98,92,
 1892,-78,-194,218,143,92,98,
 1893,-74,-193,220,150,91,95,
 1894,-77,-190,222,147,78,93,
 1895,-79,-190,224,141,101,95,
 1896,-71,-195,224,130,89,92,
 1897,-72,-188,216,134,97,99,
 1898,-72,-204,219,132,89,96,
 1899,-69,-187,223,146,89,101,
 1900,-72,-202,220,142,90,98,
 1901,-74,-181,218,135,87,99,
 1902,-68,-203,217,136,97,100,
 1903,-72,-189,219,136,85,106,
 1904,-75,-194,221,136,98,101,
 1905,-79,-197,216,137,80,98,
 1906,-74,-178,219,136,86,96,
 1907,-81,-191,216,138,81,102,
 1908,-76,-181,210,133,89,97,
 1909,-79,-190,210,134,86,97,
 1910,-80,-188,216,143,85,97,
 1911,-77,-180,205,138,95,104,
 1912,-78,-191,217,137,79,99,
 1913,-78,-187,213,127,101,98,
 1914,-77,-191,211,138,93,108,
 1915,-75,-176,222,147,83,102,
 1916,-69,-191,222,152,90,107,
 1917,-72,-188,216,138,81,107,
 1918,-70,-194,208,126,90,102,
 1919,-75,-191,214,129,81,100,
 1920,-76,-180,221,145,91,107,
 1921,-76,-192,210,156,94,105,
 1922,-67,-184,222,158,79,105,
 1923,-69,-185,208,150,85,111,
 1924,-75,-189,224,136,88,108,
 1925,-68,-182,220,122,95,108,
 1926,-80,-185,223,134,89,105,
 1927,-76,-186,211,139,86,103,
 1928,-74,-190,216,151,73,106,
 1929,-75,-180,203,140,73,106,
 1930,-74,-174,208,137,93,111,
 1931,-69,-192,213,129,81,107,
 1932,-73,-176,209,143,84,105,
 1933,-72,-179,215,147,81,104,
 1934,-71,-188,216,152,84,104,
 1935,-65,-176,211,143,93,110,
 1936,-73,-187,220,136,81,101,
 1937,-74,-174,222,134,92,107,
 1938,-71,-180,226,137,94,104,
 1939,-74,-187,209,138,87,110,
 1940,-74,-175,217,146,93,106,
 1941,-70,-186,217,141,75,106,
 1942,-75,-180,212,131,84,106,
 1943,-75,-170,212,118,73,111,
 1944,-66,-181,229,140,77,110,
 1945,-71,-173,216,137,78,107,
 1946,-69,-174,223,144,70,115,
 1947,-77,-189,213,134,79,116,
 1948,-68,-176,220,126,79,108,
 1949,-74,-179,218,128,68,114,
 1950,-73,-184,223,131,87,109,
 1951,-75,-173,223,147,72,110,
 1952,-75,-184,219,131,85,106,
 1953,-67,-164,222,130,73,108,
 1954,-64,-182,215,130,87,115,
 1955,-72,-176,219,117,87,109,
 1956,-68,-172,216,133,76,117,
 1957,-71,-170,215,137,80,108,
 1958,-71,-182,215,132,79,111,
 1959,-67,-173,212,126,78,113,
 1960,-72,-168,215,131,81,104,
 1961,-66,-177,216,130,70,104,
 1962,-71,-171,212,132,89,107,
 1963,-72,-175,218,130,87,108,
 1964,-73,-178,216,126,76,110,
 1965,-71,-178,212,125,73,111,
 1966,-71,-184,208,120,60,109,
 1967,-72,-169,216,117,70,108,
 1968,-73,-166,205,128,76,104,
 1969,-66,-174,221,130,76,108,
 1970,-75,-177,221,135,84,110,
 1971,-72,-156,216,135,75,115,
 1972,-63,-175,214,128,71,104,
 1973,-68,-174,217,122,75,111,
 1974,-62,-159,207,126,73,102,
 1975,-65,-170,210,132,71,110,
 1976,-65,-166,209,142,78,106,
 1977,-67,-165,220,130,84,112,
 1978,-68,-164,215,139,82,102,
 1979,-64,-175,213,126,77,103,
 1980,-62,-166,210,123,67,102,
 1981,-63,-166,212,122,68,105,
 1982,-70,-174,207,130,85,102,
 1983,-68,-158,218,133,79,102,
 1984,-70,-171,219,135,81,107,
 1985,-65,-166,219,141,82,109,
 1986,-69,-163,222,131,67,106,
 1987,-68,-162,207,120,73,106,
 1988,-61,-172,206,120,72,94,
 1989,-69,-164,211,132,74,102,
 1990,-65,-165,214,139,77,100,
 1991,-65,-157,221,146,83,101,
 1992,-63,-164,225,142,77,105,
 1993,-69,-159,217,129,74,102,
 1994,-67,-160,215,133,70,108,
 1995,-67,-171,212,127,72,101,
 1996,-63,-163,212,134,80,104,
 1997,-67,-170,209,141,71,107,
 1998,-63,-167,210,132,71,110,
 1999,-65,-168,208,134,75,103,
 2000,-61,-159,216,118,70,108,
 2001,-61,-166,211,119,66,106,
 2002,-66,-161,217,117,77,104,
 2003,-64,-164,221,123,70,108,
 2004,-64,-154,213,123,66,112,
 2005,-63,-166,213,125,72,106,
 2006,-60,-148,205,128,74,102,
 2007,-63,-146,206,113,69,98,
 2008,-60,-166,218,114,67,101,
 2009,-64,-163,218,119,71,101,
 2010,-65,-160,215,110,68,99,
 2011,-66,-150,217,117,62,102,
 2012,-62,-168,213,130,74,98,
 2013,-62,-153,212,126,66,102,
 2014,-66,-145,201,120,60,103,
 2015,-66,-155,204,116,68,111,
 2016,-68,-159,207,115,71,108,
 2017,-66,-155,206,117,62,102,
 2018,-59,-148,217,109,60,109,
 2019,-60,-144,210,111,69,103,
 2020,-65,-146,212,113,62,106,
 2021,-64,-157,215,123,68,106,
 2022,-65,-143,208,117,76,106,
 2023,-58,-163,207,115,64,106,
 2024,-59,-163,212,118,64,116,
 2025,-60,-158,206,114,73,107,
 2026,-62,-148,211,111,76,108,
 2027,-60,-149,211,112,68,115,
 2028,-62,-155,201,114,70,103,
 2029,-62,-152,213,119,72,101,
 2030,-61,-150,209,108,67,105,
 2031,-62,-143,212,115,63,102,
 2032,-63,-151,212,116,71,103,
 2033,-56,-145,209,109,76,100,
 2034,-63,-153,206,112,74,98,
 2035,-62,-153,204,108,59,99,
 2036,-58,-161,209,107,60,99,
 2037,-61,-157,208,115,65,98,
 2038,-57,-155,206,111,74,100,
 2039,-55,-145,202,114,73,104,
 2040,-57,-155,216,104,69,102,
 2041,-60,-163,207,112,68,101,
 2042,-54,-154,212,102,61,104,
 2043,-61,-143,207,101,58,109,
 2044,-61,-144,208,100,69,101,
 2045,-57,-150,206,103,63,104,
 2046,-57,-155,199,114,52,102,
 2047,-58,-146,202,112,59,106,
 2048,-62,-140,206,104,62,110,
 2049,-61,-138,205,105,56,106,
 2050,-53,-152,210,98,50,101,
 2051,-61,-142,213,105,56,100,
 2052,-57,-145,205,102,66,100,
 2053,-55,-139,206,102,63,100,
 2054,-61,-141,210,100,66,99,
 2055,-51,-143,202,102,60,100,
 2056,-53,-148,196,106,61,103,
 2057,-53,-143,197,103,49,102,
 2058,-53,-137,193,106,54,97,
 2059,-52,-137,190,107,61,94,
 2060,-57,-147,196,103,73,94,
 2061,-52,-149,196,106,70,94,
 2062,-55,-151,202,108,58,93,
 2063,-51,-144,209,103,61,92,
 2064,-56,-144,199,103,63,96,
 2065,-55,-140,199,103,64,95,
 2066,-57,-136,202,107,61,94,
 2067,-52,-146,208,102,63,97,
 2068,-56,-151,204,112,65,96,
 2069,-50,-150,202,106,53,98,
 2070,-54,-143,191,113,59,92,
 2071,-56,-133,200,123,67,90,
 2072,-49,-144,198,117,60,90,
 2073,-56,-132,204,114,61,93,
 2074,-54,-140,200,113,63,92,
 2075,-52,-144,200,111,59,94,
 2076,-55,-142,207,107,62,92,
 2077,-51,-132,203,101,64,91,
 2078,-51,-139,207,102,56,92,
 2079,-57,-137,203,107,55,91,
 2080,-53,-134,202,109,49,85,
 2081,-51,-139,210,110,64,84,
 2082,-55,-132,207,112,67,86,
 2083,-53,-138,202,119,63,88,
 2084,-49,-134,207,122,57,86,
 2085,-52,-137,205,123,53,90,
 2086,-56,-141,193,119,60,85,
 2087,-53,-135,194,119,59,84,
 2088,-52,-135,202,111,63,86,
 2089,-51,-129,197,100,56,83,
 2090,-55,-137,202,104,53,84,
 2091,-55,-129,202,96,63,85,
 2092,-47,-138,202,108,64,86,
 2093,-51,-142,205,95,57,83,
 2094,-49,-141,202,97,57,81,
 2095,-48,-137,199,104,56,88,
 2096,-48,-136,198,103,72,84,
 2097,-53,-135,200,106,60,82,
 2098,-56,-137,197,108,51,82,
