 0,19,16,-83,-28,-41,-13,
 1,18,16,-82,-29,-42,-13,
 2,18,17,-83,-29,-42,-13,
 3,18,17,-82,-29,-42,-13,
 4,18,16,-82,-29,-42,-13,
 5,18,17,-82,-29,-41,-13,
 6,18,17,-82,-29,-42,-13,
 7,20,17,-81,-29,-41,-13,
 8,18,16,-81,-29,-41,-14,
 9,19,17,-81,-29,-41,-14,
 10,18,16,-81,-29,-42,-14,
 11,19,17,-80,-29,-41,-14,
 12,18,16,-80,-29,-42,-14,
 13,19,16,-79,-29,-42,-14,
 14,18,16,-79,-29,-42,-15,
 15,18,16,-77,-29,-42,-15,
 16,19,17,-75,-29,-41,-17,
 17,19,17,-73,-29,-42,-18,
 18,19,15,-70,-29,-39,-21,
 19,19,14,-66,-29,-38,-24,
 20,19,12,-62,-29,-36,-28,
 21,19,11,-57,-30,-33,-32,
 22,19,7,-51,-30,-30,-37,
 23,18,6,-45,-32,-27,-45,
 24,19,4,-37,-34,-24,-52,
 25,18,1,-28,-38,-22,-62,
 26,18,0,-17,-42,-18,-75,
 27,17,-3,-8,-45,-15,-85,
 28,17,-5,1,-50,-11,-99,
 29,15,-7,17,-53,-8,-115,
 30,14,-8,26,-57,-5,-130,
 31,12,-10,37,-62,0,-147,
 32,11,-10,48,-63,0,-159,
 33,8,-11,58,-63,4,-143,
 34,8,-10,65,-64,6,-132,
 35,6,-10,57,-66,9,-126,
 36,4,-11,59,-65,12,-120,
 37,3,-10,54,-65,14,-116,
 38,1,-10,68,-67,16,-115,
 39,1,-10,64,-67,16,-116,
 40,-2,-13,72,-66,16,-119,
 41,-5,-15,70,-65,15,-122,
 42,-5,-14,81,-65,20,-124,
 43,-7,-15,78,-65,18,-124,
 44,-10,-17,90,-65,22,-119,
 45,-10,-18,94,-66,22,-116,
 46,-12,-21,102,-65,26,-119,
 47,-13,-22,106,-66,27,-125,
 48,-15,-19,102,-66,30,-128,
 49,-15,-17,100,-66,32,-122,
 50,-13,-16,96,-66,33,-122,
 51,-14,-17,95,-67,32,-127,
 52,-16,-26,97,-69,31,-128,
 53,-16,-36,96,-68,30,-119,
 54,-16,-41,99,-68,30,-118,
 55,-17,-35,100,-68,31,-122,
 56,-18,-35,99,-68,33,-115,
 57,-20,-37,97,-69,35,-119,
 58,-22,-39,103,-69,36,-123,
 59,-22,-42,100,-70,34,-114,
 60,-23,-50,101,-69,31,-119,
 61,-22,-57,106,-69,28,-118,
 62,-22,-62,98,-69,29,-116,
 63,-22,-60,97,-70,32,-119,
 64,-20,-60,104,-69,35,-110,
 65,-20,-65,95,-69,35,-113,
 66,-20,-66,102,-69,32,-107,
 67,-21,-63,100,-69,30,-115,
 68,-21,-67,102,-69,32,-117,
 69,-23,-68,95,-69,36,-117,
 70,-23,-61,97,-69,35,-119,
 71,-22,-60,89,-68,31,-107,
 72,-21,-62,91,-68,29,-113,
 73,-20,-59,89,-67,30,-113,
 74,-20,-58,91,-66,33,-113,
 75,-22,-63,94,-62,34,-118,
 76,-23,-59,93,-60,29,-111,
 77,-24,-58,104,-54,28,-109,
 78,-26,-63,98,-49,32,-115,
 79,-26,-64,95,-42,36,-120,
 80,-28,-65,96,-32,32,-114,
 81,-29,-67,93,-23,30,-108,
 82,-30,-62,92,-12,32,-114,
 83,-33,-68,96,-4,34,-117,
 84,-36,-65,93,0,31,-116,
 85,-36,-67,89,7,28,-118,
 86,-37,-65,95,11,31,-111,
 87,-38,-64,94,16,36,-112,
 88,-39,-62,93,21,33,-110,
 89,-42,-59,88,23,29,-110,
 90,-43,-61,91,23,32,-106,
 91,-41,-61,85,24,37,-111,
 92,-39,-64,87,29,35,-114,
 93,-41,-66,85,33,32,-113,
 94,-46,-65,93,32,35,-114,
 95,-44,-72,93,34,36,-117,
 96,-39,-71,92,38,31,-112,
 97,-40,-73,83,41,33,-117,
 98,-42,-70,84,45,35,-118,
 99,-41,-63,93,46,32,-113,
 100,-39,-68,91,48,32,-117,
 101,-40,-65,94,47,35,-115,
 102,-45,-63,92,53,35,-117,
 103,-44,-68,93,58,30,-115,
 104,-41,-70,93,56,32,-115,
 105,-44,-68,90,54,35,-117,
 106,-46,-74,93,58,34,-114,
 107,-43,-71,93,61,32,-114,
 108,-45,-67,91,60,36,-112,
 109,-49,-61,92,57,37,-117,
 110,-46,-66,93,61,32,-108,
 111,-46,-68,87,61,34,-114,
 112,-49,-75,98,57,35,-113,
 113,-46,-78,95,62,33,-111,
 114,-44,-70,94,63,32,-112,
 115,-46,-68,95,60,36,-116,
 116,-41,-68,90,64,37,-117,
 117,-43,-66,97,63,33,-119,
 118,-46,-74,92,66,34,-123,
 119,-42,-76,91,62,37,-118,
 120,-48,-71,92,63,35,-113,
 121,-45,-66,96,64,30,-111,
 122,-46,-67,90,62,32,-111,
 123,-50,-73,95,62,36,-105,
 124,-45,-76,96,64,34,-110,
 125,-50,-81,97,64,28,-109,
 126,-46,-78,100,66,29,-120,
 127,-44,-76,97,63,33,-116,
 128,-44,-72,100,69,33,-118,
 129,-44,-74,99,64,32,-114,
 130,-47,-73,88,64,30,-114,
 131,-43,-70,97,69,32,-117,
 132,-46,-72,94,69,34,-118,
 133,-41,-67,88,67,35,-116,
 134,-45,-70,93,73,34,-109,
 135,-43,-77,100,77,31,-112,
 136,-50,-74,94,78,31,-107,
 137,-45,-66,98,75,34,-109,
 138,-49,-70,96,75,36,-104,
 139,-42,-74,94,76,36,-104,
 140,-47,-68,91,75,36,-104,
 141,-44,-69,94,74,35,-100,
 142,-46,-67,97,75,33,-102,
 143,-45,-77,95,75,31,-107,
 144,-47,-78,98,74,31,-103,
 145,-49,-74,97,76,31,-101,
 146,-43,-74,91,79,31,-103,
 147,-49,-77,98,77,31,-100,
 148,-43,-82,93,81,30,-100,
 149,-48,-77,91,81,28,-105,
 150,-50,-71,102,78,23,-99,
 151,-46,-76,97,77,15,-101,
 152,-49,-72,97,85,2,-99,
 153,-46,-59,101,81,-6,-105,
 154,-44,-65,103,80,-12,-98,
 155,-48,-72,99,86,-15,-102,
 156,-46,-64,98,82,-17,-103,
 157,-45,-62,100,85,-17,-100,
 158,-48,-77,95,85,-22,-98,
 159,-45,-74,104,85,-26,-96,
 160,-46,-64,95,87,-24,-105,
 161,-49,-72,98,89,-28,-99,
 162,-48,-74,99,84,-27,-101,
 163,-44,-73,96,87,-24,-110,
 164,-48,-78,99,82,-28,-103,
 165,-50,-86,104,85,-32,-108,
 166,-47,-78,102,86,-29,-105,
 167,-46,-79,99,86,-29,-107,
 168,-53,-76,96,91,-35,-113,
 169,-50,-69,102,91,-32,-115,
 170,-46,-67,97,88,-35,-112,
 171,-47,-73,95,88,-59,-115,
 172,-47,-68,100,93,-66,-112,
 173,-51,-75,100,89,-72,-122,
 174,-51,-73,104,90,-62,-117,
 175,-51,-69,99,87,-65,-121,
 176,-46,-85,101,88,-60,-118,
 177,-46,-81,101,84,-64,-123,
 178,-46,-84,98,81,-67,-124,
 179,-46,-90,93,89,-64,-121,
 180,-49,-83,97,86,-70,-116,
 181,-48,-85,96,84,-64,-122,
 182,-49,-79,105,83,-62,-122,
 183,-50,-65,106,85,-68,-112,
 184,-48,-75,99,84,-71,-104,
 185,-46,-71,97,80,-68,-107,
 186,-44,-71,98,90,-65,-109,
 187,-47,-75,107,85,-69,-108,
 188,-48,-75,97,85,-70,-110,
 189,-45,-84,108,91,-68,-119,
 190,-48,-71,102,92,-67,-112,
 191,-49,-88,100,99,-70,-117,
 192,-50,-87,105,95,-77,-114,
 193,-46,-77,98,93,-70,-114,
 194,-50,-84,102,101,-73,-123,
 195,-50,-75,101,90,-82,-114,
 196,-47,-75,103,102,-82,-122,
 197,-45,-75,102,102,-83,-123,
 198,-47,-85,107,91,-85,-119,
 199,-48,-67,106,93,-77,-117,
 200,-49,-88,114,98,-84,-116,
 201,-51,-86,108,91,-83,-113,
 202,-48,-95,104,99,-75,-113,
 203,-47,-84,117,95,-87,-115,
 204,-49,-89,110,95,-77,-112,
 205,-50,-76,106,94,-78,-119,
 206,-56,-83,112,100,-83,-121,
 207,-53,-77,105,102,-80,-120,
 208,-50,-84,101,104,-86,-115,
 209,-49,-76,104,98,-78,-113,
 210,-48,-89,104,97,-89,-119,
 211,-48,-83,101,104,-81,-112,
 212,-50,-85,103,110,-84,-118,
 213,-52,-85,106,96,-83,-119,
 214,-55,-87,107,99,-93,-118,
 215,-48,-79,100,101,-84,-116,
 216,-53,-79,101,108,-91,-121,
 217,-50,-79,105,111,-88,-115,
 218,-52,-77,100,112,-92,-119,
 219,-51,-79,110,107,-94,-112,
 220,-50,-89,98,107,-89,-113,
 221,-54,-99,104,111,-87,-107,
 222,-59,-83,95,106,-86,-108,
 223,-51,-93,102,112,-95,-111,
 224,-50,-77,103,111,-97,-105,
 225,-56,-86,108,112,-90,-103,
 226,-55,-86,105,116,-89,-106,
 227,-48,-86,104,114,-92,-110,
 228,-50,-92,100,125,-97,-108,
 229,-51,-91,107,121,-88,-105,
 230,-50,-95,110,118,-87,-110,
 231,-54,-88,103,118,-91,-106,
 232,-55,-95,104,119,-90,-109,
 233,-49,-94,105,124,-94,-112,
 234,-54,-94,107,127,-91,-111,
 235,-56,-76,109,118,-85,-110,
 236,-53,-100,100,138,-96,-106,
 237,-55,-98,99,137,-100,-116,
 238,-46,-100,113,133,-95,-110,
 239,-55,-92,103,126,-95,-115,
 240,-55,-95,111,127,-94,-117,
 241,-47,-94,110,122,-107,-110,
 242,-51,-87,115,131,-99,-114,
 243,-50,-97,112,127,-90,-109,
 244,-55,-96,111,135,-97,-106,
 245,-48,-101,109,139,-103,-110,
 246,-52,-99,106,138,-96,-106,
 247,-54,-101,103,126,-101,-114,
 248,-52,-95,109,113,-99,-112,
 249,-56,-89,104,121,-97,-106,
 250,-54,-101,98,115,-91,-108,
 251,-54,-98,101,117,-101,-109,
 252,-57,-100,101,132,-98,-100,
 253,-55,-100,109,138,-91,-103,
 254,-53,-99,108,131,-105,-101,
 255,-59,-86,102,126,-98,-104,
 256,-52,-94,106,116,-98,-104,
 257,-59,-99,103,115,-116,-102,
 258,-58,-101,99,120,-106,-100,
 259,-52,-99,99,121,-108,-98,
 260,-56,-99,106,120,-112,-104,
 261,-57,-103,105,127,-93,-102,
 262,-56,-99,97,128,-91,-104,
 263,-60,-93,102,124,-107,-107,
 264,-55,-96,108,119,-101,-110,
 265,-52,-98,100,127,-112,-102,
 266,-59,-100,103,123,-105,-105,
 267,-53,-100,104,128,-102,-108,
 268,-52,-91,102,125,-108,-98,
 269,-57,-100,96,124,-95,-100,
 270,-55,-98,105,134,-109,-105,
 271,-50,-96,106,135,-106,-106,
 272,-55,-103,107,124,-107,-107,
 273,-56,-100,105,124,-110,-113,
 274,-55,-96,104,122,-94,-113,
 275,-52,-93,107,123,-114,-109,
 276,-55,-93,101,130,-98,-116,
 277,-58,-95,111,135,-113,-112,
 278,-58,-93,105,126,-95,-112,
 279,-55,-94,92,131,-109,-117,
 280,-57,-98,106,134,-98,-112,
 281,-60,-102,106,132,-111,-115,
 282,-57,-101,110,131,-109,-117,
 283,-59,-101,106,124,-115,-106,
 284,-54,-105,107,122,-98,-110,
 285,-53,-107,102,141,-105,-102,
 286,-55,-103,107,143,-107,-99,
 287,-56,-97,100,135,-122,-106,
 288,-61,-102,98,129,-106,-100,
 289,-62,-112,106,124,-123,-104,
 290,-63,-109,103,135,-104,-99,
 291,-62,-110,105,141,-118,-103,
 292,-63,-105,104,135,-111,-99,
 293,-57,-97,106,142,-114,-103,
 294,-53,-103,108,143,-101,-97,
 295,-60,-99,104,158,-103,-98,
 296,-58,-110,110,159,-116,-97,
 297,-51,-106,98,150,-94,-102,
 298,-55,-105,105,142,-117,-100,
 299,-58,-95,96,141,-114,-100,
 300,-51,-109,94,151,-111,-100,
 301,-54,-116,98,151,-122,-100,
 302,-54,-115,100,151,-107,-102,
 303,-59,-114,103,152,-102,-109,
 304,-59,-108,103,141,-106,-102,
 305,-57,-105,106,146,-105,-98,
 306,-61,-116,97,152,-118,-104,
 307,-62,-114,90,131,-128,-99,
 308,-62,-109,105,136,-108,-99,
 309,-61,-103,103,142,-118,-106,
 310,-59,-111,99,155,-125,-103,
 311,-58,-105,104,144,-112,-100,
 312,-55,-105,100,137,-107,-105,
 313,-55,-111,104,140,-120,-100,
 314,-53,-107,105,154,-115,-97,
 315,-55,-105,103,150,-115,-103,
 316,-58,-112,105,141,-114,-108,
 317,-57,-109,112,142,-119,-104,
 318,-62,-114,102,150,-115,-101,
 319,-62,-114,100,151,-103,-97,
 320,-63,-106,110,147,-112,-101,
 321,-65,-110,108,122,-124,-102,
 322,-62,-116,102,157,-111,-105,
 323,-60,-115,108,151,-110,-104,
 324,-60,-113,112,132,-114,-96,
 325,-66,-110,111,148,-114,-101,
 326,-59,-118,104,163,-119,-102,
 327,-62,-112,96,157,-115,-98,
 328,-64,-108,105,139,-101,-100,
 329,-65,-114,110,150,-104,-93,
 330,-65,-108,103,157,-122,-89,
 331,-56,-117,99,151,-126,-94,
 332,-60,-110,106,156,-121,-92,
 333,-60,-107,112,152,-123,-89,
 334,-55,-116,106,167,-115,-89,
 335,-57,-123,102,166,-117,-90,
 336,-54,-120,114,145,-117,-87,
 337,-64,-111,110,163,-120,-89,
 338,-63,-109,107,174,-114,-86,
 339,-59,-114,112,155,-124,-86,
 340,-64,-121,108,160,-109,-86,
 341,-65,-113,104,180,-111,-89,
 342,-59,-112,100,169,-113,-83,
 343,-67,-117,98,154,-124,-84,
 344,-64,-122,100,184,-122,-81,
 345,-63,-115,100,180,-126,-82,
 346,-61,-99,101,160,-114,-82,
 347,-59,-110,105,177,-116,-82,
 348,-60,-121,95,176,-118,-81,
 349,-62,-119,107,170,-117,-83,
 350,-59,-117,98,168,-119,-79,
 351,-62,-118,107,164,-113,-78,
 352,-58,-127,101,163,-127,-84,
 353,-67,-123,103,155,-129,-83,
 354,-66,-122,105,172,-123,-81,
 355,-66,-120,108,163,-118,-78,
 356,-66,-121,117,152,-120,-79,
 357,-57,-122,109,177,-132,-81,
 358,-65,-126,100,174,-127,-81,
 359,-57,-122,107,141,-130,-82,
 360,-62,-123,106,178,-131,-82,
 361,-61,-126,107,166,-137,-83,
 362,-61,-116,94,161,-117,-77,
 363,-56,-117,104,175,-129,-81,
 364,-62,-127,109,156,-131,-88,
 365,-57,-125,108,158,-128,-87,
 366,-61,-112,101,179,-131,-81,
 367,-60,-112,108,174,-122,-80,
 368,-66,-120,108,160,-115,-83,
 369,-58,-123,101,192,-120,-81,
 370,-66,-122,104,175,-119,-83,
 371,-63,-122,108,177,-133,-77,
 372,-66,-118,107,199,-120,-82,
 373,-63,-118,102,167,-124,-77,
 374,-67,-121,99,171,-123,-79,
 375,-62,-126,106,185,-129,-85,
 376,-65,-117,111,168,-126,-83,
 377,-64,-130,108,196,-124,-81,
 378,-65,-116,100,173,-113,-84,
 379,-63,-126,104,183,-133,-88,
 380,-60,-130,106,185,-125,-90,
 381,-61,-127,105,158,-128,-87,
 382,-59,-125,90,177,-119,-85,
 383,-54,-125,100,163,-124,-77,
 384,-62,-132,102,167,-120,-57,
 385,-59,-137,97,177,-112,-35,
 386,-60,-123,97,158,-115,-6,
 387,-64,-130,92,183,-118,32,
 388,-66,-129,109,180,-131,57,
 389,-57,-129,111,174,-140,62,
 390,-66,-127,102,180,-133,56,
 391,-62,-130,93,164,-112,71,
 392,-62,-125,103,175,-123,79,
 393,-61,-123,96,188,-143,83,
 394,-64,-125,100,168,-133,76,
 395,-66,-123,112,207,-131,73,
 396,-66,-123,106,180,-130,71,
 397,-63,-125,106,188,-136,72,
 398,-61,-123,105,194,-129,70,
 399,-68,-126,101,181,-124,73,
 400,-63,-124,102,194,-125,79,
 401,-59,-129,100,180,-119,82,
 402,-67,-133,102,196,-130,83,
 403,-63,-123,101,179,-120,80,
 404,-65,-136,105,188,-115,79,
 405,-61,-135,102,199,-133,80,
 406,-62,-136,110,174,-140,85,
 407,-57,-125,105,179,-122,84,
 408,-63,-130,102,167,-108,82,
 409,-64,-133,109,197,-133,85,
 410,-59,-129,104,175,-140,85,
 411,-66,-135,100,189,-139,86,
 412,-64,-135,102,181,-117,92,
 413,-69,-138,100,178,-114,88,
 414,-68,-128,101,195,-119,92,
 415,-61,-131,104,179,-136,98,
 416,-64,-131,98,210,-122,100,
 417,-64,-133,99,175,-124,97,
 418,-61,-130,104,210,-137,92,
 419,-65,-143,104,179,-112,100,
 420,-65,-142,99,204,-128,97,
 421,-67,-127,101,188,-137,103,
 422,-61,-145,103,228,-135,101,
 423,-70,-138,100,173,-125,102,
 424,-68,-143,109,208,-122,100,
 425,-59,-146,107,200,-139,106,
 426,-68,-149,109,199,-134,107,
 427,-66,-142,103,200,-124,104,
 428,-67,-133,97,195,-124,108,
 429,-59,-129,100,195,-122,106,
 430,-59,-136,101,182,-138,110,
 431,-61,-144,103,197,-121,119,
 432,-59,-140,92,187,-125,129,
 433,-63,-145,96,198,-135,126,
 434,-65,-139,102,173,-125,118,
 435,-61,-141,103,212,-142,112,
 436,-66,-143,111,178,-148,126,
 437,-61,-138,102,205,-126,119,
 438,-69,-134,103,181,-128,117,
 439,-67,-146,112,213,-139,124,
 440,-67,-142,103,186,-139,121,
 441,-72,-128,97,224,-135,117,
 442,-71,-134,102,177,-126,121,
 443,-71,-135,104,206,-146,117,
 444,-64,-140,110,171,-127,114,
 445,-63,-139,112,209,-123,115,
 446,-62,-141,98,193,-140,122,
 447,-65,-143,101,206,-133,115,
 448,-65,-136,103,185,-119,118,
 449,-66,-127,110,209,-144,114,
 450,-64,-138,101,185,-133,116,
 451,-59,-140,102,200,-126,121,
 452,-63,-149,110,193,-139,111,
 453,-65,-142,109,193,-134,111,
 454,-63,-143,100,189,-125,109,
 455,-63,-145,110,180,-106,109,
 456,-65,-143,111,211,-141,105,
 457,-63,-142,107,184,-124,108,
 458,-67,-146,103,212,-105,108,
 459,-72,-136,96,175,-132,114,
 460,-67,-144,103,219,-139,113,
 461,-65,-143,103,182,-145,105,
 462,-66,-138,103,223,-148,108,
 463,-70,-147,106,201,-138,105,
 464,-71,-150,102,205,-139,109,
 465,-66,-137,96,196,-149,109,
 466,-64,-147,95,198,-141,111,
 467,-66,-138,103,198,-130,117,
 468,-65,-141,103,206,-151,124,
 469,-69,-150,106,215,-152,118,
 470,-63,-145,106,176,-130,115,
 471,-63,-140,101,205,-127,116,
 472,-68,-140,102,193,-136,111,
 473,-70,-148,93,204,-131,122,
 474,-68,-148,102,196,-137,119,
 475,-69,-143,96,200,-107,105,
 476,-67,-148,98,210,-129,111,
 477,-62,-139,102,192,-136,109,
 478,-66,-134,101,221,-128,117,
 479,-70,-132,97,192,-114,104,
 480,-65,-140,104,209,-141,109,
 481,-69,-157,106,217,-125,113,
 482,-67,-148,102,194,-114,112,
 483,-63,-148,95,212,-137,107,
 484,-67,-151,95,182,-110,113,
 485,-63,-148,100,205,-149,104,
 486,-72,-151,96,180,-138,107,
 487,-68,-161,97,217,-132,112,
 488,-64,-157,104,204,-145,113,
 489,-66,-140,86,209,-150,117,
 490,-61,-136,93,211,-127,109,
 491,-64,-144,98,179,-120,115,
 492,-61,-148,100,223,-153,110,
 493,-64,-154,104,188,-109,115,
 494,-63,-152,97,231,-131,117,
 495,-63,-145,101,206,-138,114,
 496,-65,-143,98,199,-139,111,
 497,-66,-151,99,218,-135,122,
 498,-71,-154,96,189,-120,123,
 499,-69,-154,103,211,-133,114,
 500,-68,-151,102,195,-139,123,
 501,-61,-154,101,206,-121,124,
 502,-67,-145,106,212,-115,115,
 503,-64,-149,96,191,-149,120,
 504,-70,-156,98,210,-128,123,
 505,-62,-151,94,195,-149,125,
 506,-67,-152,102,222,-128,129,
 507,-67,-149,94,208,-130,121,
 508,-68,-149,99,184,-140,122,
 509,-64,-147,95,224,-118,111,
 510,-58,-157,103,188,-132,118,
 511,-63,-143,100,229,-137,116,
 512,-60,-155,96,204,-134,121,
 513,-63,-145,98,190,-127,120,
 514,-65,-159,99,222,-146,116,
 515,-64,-153,97,202,-107,135,
 516,-66,-151,101,203,-150,129,
 517,-67,-150,107,205,-137,127,
 518,-60,-148,102,188,-136,126,
 519,-65,-151,105,205,-119,130,
 520,-64,-158,101,188,-107,119,
 521,-68,-156,102,184,-138,134,
 522,-64,-153,99,213,-136,123,
 523,-67,-160,105,191,-126,119,
 524,-67,-158,100,207,-128,115,
 525,-69,-154,106,220,-140,120,
 526,-68,-151,107,207,-135,121,
 527,-69,-153,104,232,-144,129,
 528,-62,-152,97,190,-121,125,
 529,-67,-154,92,222,-136,120,
 530,-63,-156,96,220,-128,115,
 531,-65,-151,97,183,-125,122,
 532,-64,-151,92,214,-135,116,
 533,-63,-155,93,203,-125,118,
 534,-59,-135,100,182,-133,124,
 535,-64,-143,95,202,-143,128,
 536,-66,-143,95,181,-113,128,
 537,-66,-143,103,213,-136,129,
 538,-62,-156,100,200,-122,120,
 539,-64,-151,104,194,-153,124,
 540,-66,-154,93,209,-104,131,
 541,-64,-156,92,194,-133,117,
 542,-68,-163,98,196,-142,124,
 543,-66,-168,95,212,-124,115,
 544,-63,-148,95,195,-119,128,
 545,-66,-146,99,216,-137,122,
 546,-69,-158,101,199,-128,128,
 547,-66,-145,98,193,-125,123,
 548,-66,-151,96,222,-124,127,
 549,-57,-158,100,200,-154,124,
 550,-63,-151,101,217,-125,122,
 551,-62,-152,97,189,-111,124,
 552,-59,-161,95,191,-123,117,
 553,-61,-155,98,213,-150,133,
 554,-62,-148,96,179,-125,130,
 555,-64,-157,97,203,-137,134,
 556,-63,-146,93,209,-127,138,
 557,-68,-159,97,178,-142,142,
 558,-62,-155,96,199,-102,133,
 559,-59,-155,98,209,-126,125,
 560,-66,-150,94,198,-135,135,
 561,-68,-152,94,236,-121,109,
 562,-66,-155,90,213,-125,131,
 563,-65,-169,102,193,-139,129,
 564,-63,-148,97,212,-113,131,
 565,-67,-153,89,198,-119,123,
 566,-65,-157,97,188,-117,129,
 567,-59,-167,89,194,-150,124,
 568,-68,-160,97,174,-120,123,
 569,-63,-158,97,201,-132,142,
 570,-62,-156,95,178,-126,123,
 571,-64,-164,99,183,-122,143,
 572,-64,-156,98,197,-143,131,
 573,-57,-149,99,176,-123,128,
 574,-64,-161,101,208,-111,128,
 575,-60,-152,93,201,-142,126,
 576,-59,-158,103,208,-138,132,
 577,-65,-160,101,235,-129,124,
 578,-62,-160,92,192,-129,126,
 579,-62,-156,99,218,-115,124,
 580,-66,-153,99,203,-138,136,
 581,-64,-154,96,193,-122,121,
 582,-59,-154,96,201,-126,124,
 583,-63,-154,95,193,-127,118,
 584,-63,-162,92,180,-112,118,
 585,-58,-145,100,206,-132,120,
 586,-62,-152,97,181,-124,123,
 587,-63,-149,95,174,-137,111,
 588,-60,-154,100,185,-118,124,
 589,-66,-151,97,178,-114,132,
 590,-68,-158,100,205,-135,128,
 591,-64,-158,99,199,-124,125,
 592,-63,-164,92,188,-121,122,
 593,-62,-160,95,233,-126,127,
 594,-65,-157,107,196,-128,129,
 595,-62,-143,104,201,-121,111,
 596,-64,-155,103,200,-125,124,
 597,-61,-159,101,174,-112,125,
 598,-58,-167,98,196,-128,119,
 599,-64,-159,98,182,-118,118,
 600,-61,-153,94,178,-126,119,
 601,-61,-158,89,200,-105,117,
 602,-61,-158,89,178,-137,121,
 603,-65,-152,95,194,-130,119,
 604,-64,-146,100,183,-112,118,
 605,-60,-148,96,175,-122,128,
 606,-61,-158,95,190,-126,123,
 607,-62,-160,88,182,-115,122,
 608,-60,-164,93,208,-117,128,
 609,-62,-148,93,197,-116,123,
 610,-59,-150,97,205,-135,123,
 611,-66,-161,96,202,-109,132,
 612,-64,-159,99,177,-113,115,
 613,-63,-171,102,209,-121,121,
 614,-62,-152,100,182,-138,126,
 615,-65,-163,102,179,-84,124,
 616,-66,-158,97,189,-130,123,
 617,-61,-158,92,169,-125,131,
 618,-62,-174,100,186,-128,133,
 619,-62,-158,101,178,-109,134,
 620,-62,-148,94,193,-144,130,
 621,-61,-155,99,192,-123,121,
 622,-57,-159,104,187,-103,131,
 623,-56,-156,95,201,-115,127,
 624,-57,-149,93,173,-118,129,
 625,-64,-149,101,189,-96,130,
 626,-61,-145,99,184,-125,119,
 627,-59,-163,99,186,-108,123,
 628,-63,-163,101,219,-123,119,
 629,-59,-161,96,171,-122,122,
 630,-57,-158,92,189,-100,114,
 631,-64,-163,97,182,-113,122,
 632,-60,-162,98,180,-110,116,
 633,-59,-161,99,181,-110,109,
 634,-63,-165,102,158,-111,116,
 635,-64,-154,100,193,-120,115,
 636,-58,-157,104,159,-105,128,
 637,-57,-163,101,194,-140,125,
 638,-57,-160,106,157,-102,120,
 639,-63,-152,103,178,-120,120,
 640,-59,-161,103,190,-107,129,
 641,-57,-158,103,178,-106,130,
 642,-63,-155,101,202,-114,132,
 643,-63,-154,102,170,-107,125,
 644,-55,-155,101,209,-120,118,
 645,-55,-160,98,155,-116,129,
 646,-60,-160,97,192,-96,121,
 647,-60,-169,101,173,-88,121,
 648,-53,-154,98,175,-127,115,
 649,-52,-155,105,188,-114,124,
 650,-56,-150,100,150,-127,121,
 651,-59,-155,103,185,-92,123,
 652,-60,-151,102,158,-107,128,
 653,-58,-158,104,186,-120,127,
 654,-54,-143,98,150,-111,129,
 655,-54,-145,103,190,-110,128,
 656,-55,-146,101,164,-114,124,
 657,-56,-153,102,174,-102,114,
 658,-56,-157,101,173,-106,124,
 659,-57,-154,102,184,-124,126,
 660,-60,-156,107,194,-94,131,
 661,-60,-149,105,178,-119,127,
 662,-61,-167,107,174,-108,126,
 663,-60,-157,106,178,-96,125,
 664,-61,-156,102,187,-113,122,
 665,-55,-159,102,160,-101,123,
 666,-55,-157,105,186,-108,113,
 667,-54,-147,103,143,-100,105,
 668,-57,-160,102,171,-98,115,
 669,-55,-153,109,149,-84,119,
 670,-52,-155,103,181,-125,109,
 671,-52,-157,106,149,-129,112,
 672,-55,-152,108,163,-86,118,
 673,-56,-147,101,155,-106,130,
 674,-58,-156,105,169,-108,122,
 675,-53,-165,105,166,-118,116,
 676,-56,-159,104,161,-113,112,
 677,-52,-148,115,159,-91,108,
 678,-57,-141,116,181,-97,110,
 679,-56,-158,109,151,-105,118,
 680,-54,-156,109,196,-109,118,
 681,-55,-169,111,155,-97,111,
 682,-54,-150,104,192,-98,120,
 683,-59,-153,105,158,-107,117,
 684,-58,-157,108,195,-94,114,
 685,-52,-170,103,151,-106,108,
 686,-54,-152,110,170,-94,102,
 687,-55,-168,112,145,-91,106,
 688,-57,-151,106,171,-97,106,
 689,-54,-159,112,144,-100,109,
 690,-58,-159,113,153,-94,104,
 691,-53,-165,112,137,-91,103,
 692,-51,-156,108,168,-105,110,
 693,-58,-150,109,140,-103,107,
 694,-52,-167,112,157,-97,111,
 695,-53,-159,115,155,-121,114,
 696,-55,-160,111,166,-122,118,
 697,-53,-160,117,140,-97,116,
 698,-57,-160,116,150,-103,110,
 699,-53,-165,109,161,-88,110,
 700,-53,-158,116,153,-77,110,
 701,-54,-158,122,179,-110,118,
 702,-55,-149,118,143,-109,109,
 703,-51,-148,115,173,-89,103,
 704,-53,-160,114,141,-99,110,
 705,-50,-157,118,180,-102,106,
 706,-50,-160,114,138,-105,110,
 707,-48,-160,117,163,-93,102,
 708,-53,-156,115,159,-77,108,
 709,-52,-166,112,146,-99,104,
 710,-52,-153,119,157,-97,106,
 711,-55,-151,120,128,-99,106,
 712,-46,-155,117,156,-104,108,
 713,-50,-163,121,138,-92,106,
 714,-55,-153,118,149,-83,113,
 715,-53,-149,117,143,-99,102,
 716,-55,-152,120,142,-102,103,
 717,-50,-148,112,159,-91,102,
 718,-55,-167,120,117,-88,103,
 719,-53,-157,118,159,-91,110,
 720,-52,-158,113,139,-98,110,
 721,-53,-142,119,129,-87,111,
 722,-48,-150,115,148,-88,106,
 723,-53,-158,125,130,-92,106,
 724,-49,-155,119,165,-97,112,
 725,-57,-150,125,143,-89,102,
 726,-50,-155,125,137,-79,112,
 727,-52,-177,124,158,-104,119,
 728,-51,-155,120,128,-98,110,
 729,-53,-151,115,159,-73,115,
 730,-53,-151,123,134,-74,111,
 731,-53,-151,118,138,-92,113,
 732,-48,-165,121,143,-78,103,
 733,-57,-159,120,118,-82,102,
 734,-49,-153,117,139,-90,104,
 735,-53,-162,122,126,-88,104,
 736,-51,-143,120,125,-87,99,
 737,-48,-169,120,142,-75,103,
 738,-52,-162,120,129,-77,98,
 739,-47,-160,124,146,-100,94,
 740,-50,-149,113,138,-94,93,
 741,-48,-172,116,120,-92,92,
 742,-50,-165,117,141,-82,96,
 743,-54,-162,121,132,-88,92,
 744,-48,-147,121,109,-90,100,
 745,-46,-161,127,125,-88,93,
 746,-54,-160,126,142,-89,98,
 747,-50,-154,131,128,-92,99,
 748,-48,-145,126,131,-91,107,
 749,-52,-161,131,123,-92,103,
 750,-46,-156,128,127,-85,101,
 751,-47,-164,129,146,-77,99,
 752,-46,-146,132,129,-83,107,
 753,-48,-151,124,131,-90,100,
 754,-45,-151,127,156,-89,96,
 755,-46,-153,125,133,-87,92,
 756,-52,-158,129,128,-70,96,
 757,-53,-145,131,140,-74,96,
 758,-45,-148,127,128,-82,96,
 759,-46,-159,132,119,-81,93,
 760,-50,-148,128,134,-82,96,
 761,-51,-162,129,130,-84,104,
 762,-50,-156,137,117,-83,95,
 763,-47,-160,130,136,-69,94,
 764,-46,-156,133,132,-88,96,
 765,-49,-166,129,111,-79,89,
 766,-53,-154,123,130,-87,89,
 767,-53,-149,123,125,-78,90,
 768,-50,-159,134,115,-83,94,
 769,-48,-166,130,130,-84,88,
 770,-47,-152,136,133,-85,87,
 771,-49,-148,132,124,-81,90,
 772,-49,-150,135,105,-76,82,
 773,-51,-143,132,120,-67,91,
 774,-53,-163,129,119,-69,93,
 775,-51,-143,134,93,-76,91,
 776,-51,-158,129,121,-72,87,
 777,-48,-146,129,120,-67,84,
 778,-48,-167,139,114,-83,82,
 779,-46,-160,137,102,-69,80,
 780,-45,-158,141,131,-72,82,
 781,-46,-142,139,129,-85,79,
 782,-47,-159,134,111,-62,79,
 783,-47,-158,139,104,-60,80,
 784,-48,-154,131,135,-66,81,
 785,-49,-148,136,141,-79,82,
 786,-48,-158,134,115,-71,84,
 787,-48,-157,138,111,-73,76,
 788,-49,-162,134,129,-68,77,
 789,-51,-156,139,132,-74,79,
 790,-49,-150,140,111,-60,73,
 791,-48,-148,136,106,-66,78,
 792,-48,-152,139,123,-61,78,
 793,-50,-158,140,109,-66,76,
 794,-48,-153,132,97,-73,75,
 795,-47,-159,139,116,-67,77,
 796,-45,-145,142,120,-62,74,
 797,-45,-170,133,118,-60,77,
 798,-43,-151,143,102,-67,79,
 799,-45,-161,143,111,-65,78,
 800,-45,-151,144,121,-63,79,
 801,-48,-162,144,106,-58,85,
 802,-40,-163,147,96,-61,82,
 803,-45,-150,135,90,-62,77,
 804,-47,-152,146,103,-53,81,
 805,-48,-144,146,104,-66,78,
 806,-49,-158,142,102,-51,85,
 807,-49,-150,147,96,-60,85,
 808,-45,-154,148,97,-55,89,
 809,-43,-142,146,103,-56,82,
 810,-44,-169,142,103,-51,85,
 811,-43,-156,147,104,-51,82,
 812,-48,-145,143,98,-56,87,
 813,-50,-148,139,99,-50,86,
 814,-49,-154,145,104,-50,91,
 815,-45,-159,140,103,-58,87,
 816,-45,-153,146,103,-51,84,
 817,-44,-152,145,96,-50,87,
 818,-46,-149,149,89,-53,87,
 819,-50,-154,149,97,-47,85,
 820,-50,-147,151,99,-41,86,
 821,-46,-153,147,93,-44,92,
 822,-45,-156,154,96,-50,89,
 823,-46,-154,156,92,-38,91,
 824,-50,-155,148,96,-41,85,
 825,-47,-150,154,101,-37,91,
 826,-44,-151,151,98,-45,86,
 827,-47,-151,153,106,-43,88,
 828,-52,-153,146,103,-38,90,
 829,-50,-155,154,95,-35,87,
 830,-44,-155,153,106,-39,88,
 831,-42,-156,147,104,-38,92,
 832,-48,-154,150,124,-36,88,
 833,-48,-157,151,110,-37,84,
 834,-46,-153,148,102,-44,88,
 835,-46,-153,155,92,-42,90,
 836,-49,-152,152,98,-42,91,
 837,-47,-157,151,114,-29,90,
 838,-44,-155,154,118,35,89,
 839,-47,-147,154,116,51,86,
 840,-51,-159,157,101,61,85,
 841,-45,-159,158,95,69,84,
 842,-44,-163,152,98,65,79,
 843,-50,-160,153,100,63,71,
 844,-48,-152,156,103,58,57,
 845,-45,-154,152,114,64,40,
 846,-48,-165,148,105,62,20,
 847,-45,-158,153,100,73,-2,
 848,-44,-157,158,92,71,-38,
 849,-50,-158,153,91,75,-40,
 850,-47,-157,156,91,83,-49,
 851,-43,-165,160,90,72,-66,
 852,-47,-159,158,90,62,-83,
 853,-48,-152,158,108,72,-85,
 854,-44,-155,154,99,82,-93,
 855,-49,-162,166,94,75,-92,
 856,-50,-165,152,84,76,-88,
 857,-45,-158,163,90,75,-89,
 858,-48,-159,153,82,90,-83,
 859,-47,-159,154,81,83,-90,
 860,-42,-164,148,93,76,-85,
 861,-49,-161,151,97,88,-93,
 862,-45,-165,152,92,82,-85,
 863,-46,-153,158,92,86,-88,
 864,-50,-166,159,87,96,-85,
 865,-44,-174,155,90,85,-91,
 866,-43,-167,155,86,92,-87,
 867,-47,-149,164,84,76,-93,
 868,-41,-154,168,81,89,-89,
 869,-47,-160,163,88,82,-94,
 870,-46,-150,154,85,93,-90,
 871,-49,-161,153,80,79,-85,
 872,-51,-158,156,76,91,-90,
 873,-44,-159,158,79,84,-92,
 874,-48,-150,158,68,82,-91,
 875,-44,-152,162,67,86,-94,
 876,-45,-149,161,69,90,-92,
 877,-49,-165,159,76,102,-91,
 878,-41,-158,170,75,101,-95,
 879,-46,-167,164,83,89,-96,
 880,-43,-154,159,79,92,-93,
 881,-43,-152,162,85,103,-94,
 882,-47,-154,162,81,85,-93,
 883,-42,-163,161,74,92,-95,
 884,-48,-163,163,76,92,-92,
 885,-44,-154,160,73,85,-96,
 886,-42,-161,158,72,99,-95,
 887,-49,-159,169,71,99,-94,
 888,-44,-155,166,72,108,-88,
 889,-48,-147,171,74,90,-88,
 890,-43,-149,174,67,100,-86,
 891,-47,-154,168,74,105,-89,
 892,-45,-168,172,74,105,-88,
 893,-44,-173,157,83,100,-87,
 894,-47,-148,164,72,109,-87,
 895,-42,-158,171,73,101,-94,
 896,-47,-159,166,73,106,-92,
 897,-44,-167,173,79,107,-89,
 898,-46,-152,174,76,105,-89,
 899,-43,-163,163,73,97,-89,
 900,-42,-159,165,77,99,-85,
 901,-49,-165,166,73,104,-87,
 902,-44,-163,165,79,106,-92,
 903,-48,-159,174,62,100,-88,
 904,-47,-161,176,70,95,-89,
 905,-45,-164,171,75,96,-89,
 906,-47,-176,175,66,102,-88,
 907,-43,-161,172,68,104,-87,
 908,-48,-157,177,65,105,-89,
 909,-41,-158,177,66,115,-88,
 910,-46,-173,165,68,107,-86,
 911,-43,-156,167,58,97,-85,
 912,-45,-160,171,63,107,-86,
 913,-48,-156,178,60,117,-90,
 914,-44,-168,177,67,108,-90,
 915,-50,-167,183,65,105,-91,
 916,-44,-158,175,62,102,-98,
 917,-48,-158,173,61,110,-92,
 918,-43,-162,177,61,116,-95,
 919,-48,-163,177,65,104,-95,
 920,-48,-165,172,61,111,-91,
 921,-43,-152,168,71,102,-87,
 922,-49,-156,166,83,106,-88,
 923,-45,-170,177,79,110,-90,
 924,-48,-168,177,70,112,-90,
 925,-46,-163,175,68,103,-94,
 926,-46,-162,172,74,104,-97,
 927,-49,-160,167,65,115,-97,
 928,-42,-169,174,65,111,-95,
 929,-47,-155,175,63,114,-96,
 930,-44,-154,173,64,94,-93,
 931,-44,-152,171,64,103,-91,
 932,-49,-166,177,69,104,-95,
 933,-46,-174,173,62,121,-87,
 934,-49,-147,173,64,106,-93,
 935,-47,-167,174,72,102,-96,
 936,-46,-169,167,70,108,-99,
 937,-49,-175,167,70,119,-95,
 938,-45,-162,177,66,108,-101,
 939,-48,-155,180,54,97,-99,
 940,-48,-162,173,59,106,-93,
 941,-44,-167,172,70,105,-99,
 942,-46,-146,163,74,102,-97,
 943,-47,-159,171,71,105,-97,
 944,-44,-146,167,79,107,-96,
 945,-48,-164,170,79,115,-100,
 946,-45,-160,170,78,99,-100,
 947,-44,-159,176,83,100,-98,
 948,-51,-169,179,69,102,-99,
 949,-45,-159,181,82,102,-102,
 950,-43,-173,173,78,112,-98,
 951,-51,-160,166,89,117,-102,
 952,-44,-157,172,83,121,-104,
 953,-48,-159,180,85,105,-107,
 954,-45,-163,179,85,107,-105,
 955,-46,-173,180,78,124,-105,
 956,-52,-161,180,80,118,-107,
 957,-47,-172,178,78,110,-105,
 958,-45,-167,169,77,105,-103,
 959,-49,-173,185,83,108,-106,
 960,-45,-166,175,82,107,-106,
 961,-47,-170,179,73,118,-104,
 962,-52,-152,171,77,137,-103,
 963,-48,-166,176,82,100,-103,
 964,-50,-171,175,80,97,-110,
 965,-49,-159,178,85,122,-113,
 966,-47,-162,181,84,113,-103,
 967,-46,-169,179,80,115,-99,
 968,-47,-174,184,81,104,-102,
 969,-48,-165,182,84,117,-106,
 970,-48,-159,179,86,136,-98,
 971,-52,-154,181,84,126,-97,
 972,-53,-170,183,84,110,-98,
 973,-45,-159,190,86,111,-98,
 974,-45,-157,188,83,125,-103,
 975,-50,-164,190,84,126,-110,
 976,-46,-158,179,80,105,-101,
 977,-45,-165,170,83,125,-97,
 978,-50,-167,184,82,114,-103,
 979,-50,-166,177,78,108,-104,
 980,-48,-160,178,86,109,-113,
 981,-46,-166,187,84,119,-104,
 982,-48,-175,189,81,118,-106,
 983,-50,-160,183,91,111,-96,
 984,-46,-163,181,95,116,-103,
 985,-45,-157,186,92,109,-100,
 986,-48,-170,180,92,117,-109,
 987,-51,-158,188,98,111,-108,
 988,-48,-163,180,99,131,-101,
 989,-46,-165,187,111,118,-104,
 990,-47,-173,186,97,112,-95,
 991,-51,-177,188,109,99,-100,
 992,-49,-164,182,101,123,-98,
 993,-45,-170,181,101,127,-96,
 994,-48,-171,182,101,117,-95,
 995,-50,-179,189,105,129,-103,
 996,-52,-168,185,108,130,-104,
 997,-51,-164,187,101,140,-101,
 998,-49,-157,197,106,114,-102,
 999,-46,-167,189,107,115,-104,
 1000,-48,-161,191,105,93,-108,
 1001,-48,-167,176,98,126,-109,
 1002,-53,-168,186,97,119,-111,
 1003,-54,-173,184,94,129,-112,
 1004,-49,-188,184,93,107,-110,
 1005,-47,-169,189,94,110,-108,
 1006,-47,-163,188,96,111,-103,
 1007,-46,-167,188,89,123,-95,
 1008,-51,-174,181,90,98,-83,
 1009,-54,-178,194,94,106,-61,
 1010,-52,-162,185,95,107,-37,
 1011,-52,-175,187,94,118,-11,
 1012,-49,-168,173,91,117,21,
 1013,-48,-189,184,92,115,45,
 1014,-50,-167,190,95,118,65,
 1015,-50,-166,196,99,108,53,
 1016,-49,-165,186,103,120,49,
 1017,-51,-172,180,106,129,69,
 1018,-46,-183,178,103,124,79,
 1019,-51,-162,189,100,113,82,
 1020,-52,-169,195,105,118,84,
 1021,-51,-169,189,102,110,81,
 1022,-56,-182,189,107,125,81,
 1023,-53,-168,191,110,103,77,
 1024,-54,-167,186,117,112,78,
 1025,-51,-168,188,112,124,84,
 1026,-49,-173,192,110,112,82,
 1027,-51,-180,185,104,102,87,
 1028,-51,-169,189,112,105,83,
 1029,-50,-166,183,103,114,78,
 1030,-53,-166,181,103,102,80,
 1031,-52,-171,183,100,120,82,
 1032,-50,-177,190,98,117,80,
 1033,-52,-166,185,98,119,82,
 1034,-56,-165,188,100,114,85,
 1035,-53,-170,186,93,116,92,
 1036,-50,-184,205,101,127,93,
 1037,-49,-169,198,96,106,90,
 1038,-49,-169,193,105,108,92,
 1039,-48,-161,188,104,104,91,
 1040,-54,-170,196,106,118,96,
 1041,-54,-170,201,112,141,96,
 1042,-51,-161,197,109,112,94,
 1043,-55,-174,187,112,135,92,
 1044,-52,-171,183,116,98,89,
 1045,-53,-176,196,111,122,93,
 1046,-50,-172,194,108,114,93,
 1047,-48,-167,198,113,117,89,
 1048,-49,-172,199,114,110,88,
 1049,-50,-181,187,101,104,92,
 1050,-53,-170,196,109,117,91,
 1051,-53,-166,190,108,136,94,
 1052,-51,-173,197,109,106,92,
 1053,-49,-167,196,105,111,89,
 1054,-47,-189,191,109,104,94,
 1055,-47,-161,202,110,112,92,
 1056,-57,-172,191,111,132,93,
 1057,-51,-181,195,105,106,90,
 1058,-50,-185,191,107,105,93,
 1059,-49,-171,194,113,110,90,
 1060,-54,-163,194,107,98,91,
 1061,-55,-174,200,107,126,94,
 1062,-55,-175,196,117,114,99,
 1063,-54,-175,192,103,146,94,
 1064,-50,-176,189,108,145,97,
 1065,-59,-178,186,122,107,99,
 1066,-54,-171,191,117,105,95,
 1067,-49,-173,188,102,134,93,
 1068,-51,-170,193,111,97,96,
 1069,-56,-161,195,111,110,95,
 1070,-56,-169,197,107,102,93,
 1071,-52,-170,198,115,104,96,
 1072,-51,-174,200,106,141,97,
 1073,-58,-168,196,106,142,101,
 1074,-49,-169,203,114,101,96,
 1075,-51,-177,200,111,115,95,
 1076,-57,-175,197,116,111,97,
 1077,-50,-181,201,102,95,93,
 1078,-51,-176,200,106,121,102,
 1079,-57,-168,205,109,116,99,
 1080,-52,-168,208,112,118,99,
 1081,-55,-172,211,114,141,99,
 1082,-54,-174,191,112,127,108,
 1083,-49,-166,205,115,112,109,
 1084,-59,-182,200,116,122,105,
 1085,-49,-190,203,108,123,110,
 1086,-54,-161,186,103,120,105,
 1087,-53,-160,189,102,40,110,
 1088,-49,-169,185,98,65,107,
 1089,-45,-161,181,99,83,116,
 1090,-51,-168,184,104,64,100,
 1091,-51,-164,178,107,82,125,
 1092,-55,-181,181,111,113,114,
 1093,-47,-171,183,116,106,122,
 1094,-46,-176,195,108,96,114,
 1095,-53,-178,190,111,124,119,
 1096,-48,-172,209,115,144,121,
 1097,-51,-168,209,115,125,122,
 1098,-52,-178,201,107,137,117,
 1099,-49,-183,201,111,105,120,
 1100,-57,-167,202,114,116,114,
 1101,-52,-173,193,111,138,124,
 1102,-58,-172,203,116,136,123,
 1103,-51,-186,196,114,112,117,
 1104,-56,-182,189,113,116,118,
 1105,-51,-169,196,113,115,121,
 1106,-55,-168,197,119,102,119,
 1107,-51,-170,197,115,121,120,
 1108,-58,-185,200,112,137,124,
 1109,-52,-181,198,117,124,126,
 1110,-55,-171,191,113,112,123,
 1111,-51,-165,193,109,120,111,
 1112,-58,-177,194,110,85,115,
 1113,-55,-185,201,109,101,107,
 1114,-54,-179,203,116,114,111,
 1115,-58,-170,205,121,113,112,
 1116,-52,-186,203,123,114,118,
 1117,-57,-177,198,127,132,113,
 1118,-57,-187,197,116,131,117,
 1119,-58,-176,189,119,85,119,
 1120,-60,-180,194,124,112,119,
 1121,-55,-172,198,118,131,111,
 1122,-50,-190,194,130,117,116,
 1123,-58,-173,193,133,91,107,
 1124,-53,-175,203,140,114,113,
 1125,-54,-164,178,99,12,108,
 1126,-53,-161,172,99,48,112,
 1127,-49,-154,162,111,-33,108,
 1128,-53,-165,170,134,38,113,
 1129,-47,-170,179,142,66,118,
 1130,-44,-177,192,140,105,112,
 1131,-48,-172,196,123,201,108,
 1132,-47,-176,205,122,128,98,
 1133,-56,-180,210,130,90,101,
 1134,-47,-176,211,132,114,107,
 1135,-57,-186,200,145,135,106,
 1136,-54,-192,209,146,150,116,
 1137,-63,-186,214,135,151,108,
 1138,-55,-174,217,123,141,105,
 1139,-54,-191,199,122,117,104,
 1140,-59,-180,212,139,117,109,
 1141,-56,-188,211,121,138,106,
 1142,-54,-180,202,134,124,107,
 1143,-60,-175,202,120,104,114,
 1144,-55,-177,196,121,117,116,
 1145,-50,-179,198,121,129,111,
 1146,-60,-175,191,144,105,113,
 1147,-56,-177,199,131,108,113,
 1148,-55,-171,209,118,111,113,
 1149,-56,-178,203,109,110,115,
 1150,-54,-175,208,128,112,112,
 1151,-60,-172,202,125,120,114,
 1152,-56,-184,192,130,111,109,
 1153,-59,-168,196,124,102,117,
 1154,-58,-167,198,124,109,119,
 1155,-58,-184,203,118,126,119,
 1156,-56,-171,195,112,116,117,
 1157,-59,-173,198,124,106,114,
 1158,-54,-177,199,128,107,118,
 1159,-53,-174,198,131,107,123,
 1160,-58,-183,196,131,92,115,
 1161,-56,-191,204,122,106,126,
 1162,-56,-173,206,129,130,119,
 1163,-51,-179,215,129,125,114,
 1164,-54,-182,204,134,110,114,
 1165,-54,-181,211,122,110,123,
 1166,-52,-188,209,124,107,123,
 1167,-54,-182,201,131,103,122,
 1168,-53,-161,209,132,106,126,
 1169,-57,-175,204,134,124,129,
 1170,-60,-178,189,132,102,133,
 1171,-61,-174,206,119,89,137,
 1172,-52,-175,195,121,100,133,
 1173,-59,-177,202,141,116,136,
 1174,-56,-181,207,143,114,121,
 1175,-56,-185,204,131,116,131,
 1176,-57,-189,210,124,116,129,
 1177,-60,-188,208,143,103,120,
 1178,-58,-179,203,151,82,123,
 1179,-58,-182,208,153,103,124,
 1180,-57,-181,192,142,119,125,
 1181,-54,-184,208,118,98,129,
 1182,-54,-195,199,150,73,127,
 1183,-55,-176,214,147,93,130,
 1184,-57,-182,200,150,126,117,
 1185,-54,-188,211,143,129,126,
 1186,-57,-181,210,140,88,131,
 1187,-59,-173,201,159,92,127,
 1188,-57,-189,200,144,94,120,
 1189,-61,-181,201,138,101,121,
 1190,-60,-181,201,129,85,132,
 1191,-59,-186,191,152,124,126,
 1192,-57,-192,200,148,117,124,
 1193,-53,-184,192,144,74,125,
 1194,-55,-182,197,121,99,120,
 1195,-54,-186,202,143,113,135,
 1196,-57,-169,209,139,104,132,
 1197,-52,-181,202,137,110,124,
 1198,-54,-191,195,126,107,123,
 1199,-55,-194,205,128,93,126,
 1200,-54,-187,206,142,64,119,
 1201,-52,-188,204,140,99,125,
 1202,-56,-178,211,138,94,119,
 1203,-58,-183,211,127,77,117,
 1204,-56,-189,202,145,84,136,
 1205,-59,-184,195,139,70,135,
 1206,-53,-180,202,123,92,128,
 1207,-55,-172,195,139,119,120,
 1208,-54,-175,195,143,95,129,
 1209,-53,-178,198,140,99,129,
 1210,-53,-191,206,136,104,134,
 1211,-54,-184,208,128,94,130,
 1212,-53,-182,192,147,109,131,
 1213,-58,-179,207,143,91,136,
 1214,-61,-185,212,131,85,126,
 1215,-57,-186,205,118,71,135,
 1216,-54,-190,200,139,55,119,
 1217,-55,-176,207,139,94,134,
 1218,-54,-185,203,142,108,137,
 1219,-57,-182,211,128,130,133,
 1220,-58,-188,199,141,113,132,
 1221,-59,-181,194,167,93,130,
 1222,-60,-178,206,152,90,137,
 1223,-60,-175,204,132,84,136,
 1224,-56,-175,200,142,93,131,
 1225,-56,-190,203,152,111,133,
 1226,-56,-175,205,149,103,134,
 1227,-53,-187,199,129,92,146,
 1228,-52,-179,208,158,73,140,
 1229,-54,-183,206,157,84,132,
 1230,-53,-180,211,139,95,126,
 1231,-58,-178,209,138,74,127,
 1232,-57,-185,206,148,89,129,
 1233,-60,-185,207,150,116,125,
 1234,-56,-189,206,138,92,118,
 1235,-55,-185,207,134,81,131,
 1236,-59,-182,206,144,88,132,
 1237,-53,-172,206,130,94,127,
 1238,-51,-180,202,132,76,123,
 1239,-55,-182,199,151,76,131,
 1240,-56,-180,196,138,97,132,
 1241,-54,-178,211,138,97,130,
 1242,-61,-181,209,135,89,127,
 1243,-57,-186,212,144,101,129,
 1244,-59,-178,196,140,89,132,
 1245,-58,-187,209,132,86,125,
 1246,-59,-194,205,122,87,126,
 1247,-53,-189,213,143,98,119,
 1248,-59,-172,205,135,76,127,
 1249,-51,-183,199,132,79,124,
 1250,-52,-187,206,130,82,119,
 1251,-57,-189,204,148,58,113,
 1252,-55,-196,214,145,89,129,
 1253,-56,-195,212,131,111,125,
 1254,-59,-189,217,136,85,118,
 1255,-59,-184,200,141,86,127,
 1256,-56,-191,199,136,78,127,
 1257,-55,-191,190,143,76,130,
 1258,-51,-187,203,147,83,124,
 1259,-51,-194,207,139,86,122,
 1260,-50,-189,199,144,79,122,
 1261,-53,-189,201,131,85,136,
 1262,-56,-190,211,153,90,129,
 1263,-54,-187,208,164,64,130,
 1264,-58,-185,196,144,75,126,
 1265,-52,-191,210,132,81,131,
 1266,-56,-188,199,154,77,131,
 1267,-56,-188,204,165,86,126,
 1268,-55,-188,213,149,86,126,
 1269,-52,-187,215,143,97,128,
 1270,-53,-182,215,149,106,126,
 1271,-57,-169,209,144,66,123,
 1272,-59,-186,207,138,80,131,
 1273,-48,-190,202,146,81,127,
 1274,-52,-187,210,135,76,127,
 1275,-56,-190,201,137,88,136,
 1276,-54,-185,204,134,74,131,
 1277,-56,-184,188,137,59,122,
 1278,-51,-184,188,122,75,123,
 1279,-58,-184,193,121,81,124,
 1280,-52,-187,191,142,83,123,
 1281,-55,-186,199,148,100,124,
 1282,-52,-193,199,137,74,117,
 1283,-54,-184,212,124,95,125,
 1284,-57,-185,201,143,78,125,
 1285,-52,-189,198,134,66,116,
 1286,-60,-200,203,130,94,118,
 1287,-51,-186,201,128,84,113,
 1288,-50,-182,215,143,93,123,
 1289,-58,-178,214,151,71,125,
 1290,-53,-178,212,135,89,119,
 1291,-50,-177,199,135,87,118,
 1292,-56,-184,195,153,75,115,
 1293,-57,-184,205,135,84,113,
 1294,-48,-186,209,123,72,118,
 1295,-52,-180,202,129,82,124,
 1296,-53,-179,196,150,89,115,
 1297,-51,-171,204,153,71,121,
 1298,-52,-174,205,134,86,129,
 1299,-53,-189,193,132,54,127,
 1300,-48,-177,205,152,63,121,
 1301,-53,-187,216,146,71,122,
 1302,-51,-177,208,139,81,127,
 1303,-57,-187,208,146,93,115,
 1304,-56,-191,199,142,76,121,
 1305,-49,-183,208,140,71,121,
 1306,-53,-187,205,139,61,124,
 1307,-51,-190,206,151,74,119,
 1308,-56,-191,209,146,62,126,
 1309,-47,-184,197,123,75,123,
 1310,-53,-176,202,121,81,120,
 1311,-50,-187,211,142,97,128,
 1312,-52,-189,206,136,85,124,
 1313,-48,-184,204,120,80,126,
 1314,-55,-178,204,125,77,127,
 1315,-52,-184,198,145,62,124,
 1316,-54,-189,203,136,83,133,
 1317,-48,-182,205,131,68,128,
 1318,-53,-189,207,135,76,125,
 1319,-49,-182,194,149,57,123,
 1320,-53,-180,198,134,71,116,
 1321,-51,-181,196,130,65,121,
 1322,-49,-191,197,136,75,120,
 1323,-53,-189,199,145,66,111,
 1324,-49,-174,198,132,61,111,
 1325,-45,-190,201,135,69,113,
 1326,-48,-189,198,127,53,109,
 1327,-56,-186,199,129,62,112,
 1328,-47,-195,198,132,58,118,
 1329,-52,-186,194,126,61,116,
 1330,-51,-185,193,135,67,115,
 1331,-45,-181,190,149,77,113,
 1332,-49,-187,201,131,78,118,
 1333,-47,-186,189,130,68,113,
 1334,-43,-194,198,145,62,114,
 1335,-49,-189,206,147,71,111,
 1336,-51,-189,202,146,62,106,
 1337,-45,-194,203,124,77,104,
 1338,-50,-187,194,137,73,108,
 1339,-51,-187,186,151,67,105,
 1340,-46,-183,201,139,69,105,
 1341,-46,-176,200,132,62,113,
 1342,-51,-180,194,142,74,111,
 1343,-47,-191,197,151,56,107,
 1344,-49,-192,203,133,75,106,
 1345,-42,-175,199,122,72,105,
 1346,-47,-185,204,130,67,98,
 1347,-49,-185,197,138,47,103,
 1348,-47,-185,195,135,64,98,
 1349,-49,-192,194,125,64,101,
 1350,-48,-191,203,128,54,107,
 1351,-46,-182,204,137,66,102,
 1352,-45,-186,202,136,53,102,
 1353,-44,-178,194,126,59,102,
 1354,-48,-183,194,114,65,98,
 1355,-48,-190,195,124,61,104,
 1356,-50,-185,198,118,46,103,
 1357,-48,-182,196,122,51,102,
 1358,-49,-180,200,118,52,103,
 1359,-48,-185,189,123,52,103,
 1360,-46,-195,195,131,69,106,
 1361,-45,-191,200,130,59,101,
 1362,-47,-197,203,120,68,104,
 1363,-48,-188,200,126,66,108,
 1364,-45,-194,201,125,64,102,
 1365,-46,-194,205,135,62,96,
 1366,-42,-196,194,123,65,96,
 1367,-45,-177,193,119,66,97,
 1368,-45,-198,193,117,58,96,
 1369,-47,-183,203,129,50,95,
 1370,-47,-198,205,129,61,97,
 1371,-47,-201,193,115,50,99,
 1372,-47,-192,191,125,62,99,
 1373,-46,-190,181,126,59,96,
 1374,-47,-179,197,128,60,97,
 1375,-46,-189,193,127,47,95,
 1376,-44,-188,193,126,54,93,
 1377,-40,-188,195,120,53,95,
 1378,-43,-194,194,131,60,105,
 1379,-44,-189,205,128,61,100,
 1380,-47,-196,198,132,57,101,
 1381,-48,-196,196,121,55,99,
 1382,-44,-189,202,124,49,101,
 1383,-41,-191,195,131,58,97,
 1384,-40,-184,189,128,58,100,
 1385,-45,-193,198,140,48,95,
 1386,-45,-179,199,128,54,94,
 1387,-43,-180,193,121,47,99,
 1388,-40,-181,190,135,53,93,
 1389,-41,-181,197,135,56,97,
 1390,-46,-178,188,134,58,92,
 1391,-43,-184,196,122,49,95,
 1392,-40,-169,190,114,47,98,
 1393,-45,-183,186,126,58,98,
 1394,-43,-177,197,133,42,88,
 1395,-40,-180,192,125,57,93,
 1396,-41,-179,197,115,55,94,
 1397,-44,-177,189,106,46,94,
 1398,-38,-183,182,116,50,97,
 1399,-42,-193,185,126,61,103,
 1400,-41,-177,196,107,49,96,
 1401,-40,-190,188,111,56,94,
 1402,-44,-193,198,106,68,96,
 1403,-38,-182,201,108,63,93,
 1404,-42,-182,193,117,58,92,
 1405,-37,-179,195,107,57,98,
 1406,-42,-194,199,110,56,96,
 1407,-41,-173,201,106,58,96,
 1408,-41,-182,193,100,53,97,
 1409,-43,-188,198,118,55,91,
 1410,-40,-186,195,115,54,93,
 1411,-43,-191,196,110,59,91,
 1412,-41,-177,204,110,53,87,
 1413,-41,-189,204,103,46,83,
 1414,-38,-188,190,107,48,85,
 1415,-40,-182,189,111,49,83,
 1416,-41,-190,197,116,56,82,
 1417,-39,-184,196,115,62,85,
 1418,-41,-181,197,106,53,85,
 1419,-37,-189,193,108,56,82,
 1420,-42,-177,193,107,62,82,
 1421,-40,-186,186,95,54,77,
 1422,-40,-186,193,106,53,79,
 1423,-43,-179,192,104,44,81,
 1424,-38,-187,184,109,41,80,
 1425,-39,-189,199,111,40,76,
 1426,-39,-182,201,101,54,75,
 1427,-37,-184,195,102,50,79,
 1428,-38,-184,197,96,51,81,
 1429,-40,-177,199,100,38,81,
 1430,-37,-184,188,104,44,77,
 1431,-35,-189,191,99,41,78,
 1432,-39,-177,193,116,42,81,
 1433,-38,-186,197,104,49,84,
 1434,-36,-194,195,98,43,80,
 1435,-39,-178,194,108,55,81,
 1436,-40,-183,197,105,56,83,
 1437,-40,-188,198,107,45,84,
 1438,-37,-188,201,119,47,78,
 1439,-37,-182,204,112,46,80,
 1440,-40,-182,200,127,50,73,
 1441,-41,-182,205,117,55,73,
 1442,-40,-172,203,101,48,77,
 1443,-36,-184,197,101,47,77,
 1444,-35,-189,189,94,47,74,
 1445,-35,-181,192,107,54,72,
 1446,-37,-182,186,116,54,67,
 1447,-37,-191,183,114,54,52,
 1448,-36,-184,187,112,37,32,
 1449,-35,-185,190,112,37,2,
 1450,-34,-183,189,110,44,-24,
 1451,-36,-188,184,104,54,-53,
 1452,-37,-188,197,92,47,-50,
 1453,-38,-187,193,93,50,-70,
 1454,-40,-192,198,96,42,-81,
 1455,-40,-180,189,100,43,-91,
 1456,-40,-184,194,112,39,-84,
 1457,-39,-206,192,111,45,-77,
 1458,-38,-194,189,104,52,-80,
 1459,-36,-186,200,99,52,-80,
 1460,-35,-191,202,98,55,-75,
 1461,-35,-193,205,103,58,-74,
 1462,-34,-190,190,96,48,-81,
 1463,-33,-193,196,99,50,-85,
 1464,-34,-189,194,98,37,-85,
 1465,-32,-193,199,102,49,-86,
 1466,-32,-187,198,96,52,-87,
 1467,-32,-197,200,96,49,-91,
 1468,-30,-200,194,97,47,-88,
 1469,-27,-195,188,94,52,-85,
 1470,-24,-191,191,98,50,-89,
 1471,-17,-205,198,94,38,-95,
 1472,-12,-196,196,98,49,-96,
 1473,-4,-190,187,91,34,-98,
 1474,0,-194,184,90,47,-94,
 1475,5,-201,190,87,40,-96,
 1476,10,-189,190,90,49,-100,
 1477,13,-194,191,91,41,-97,
 1478,15,-196,188,89,47,-98,
 1479,13,-190,195,90,46,-99,
 1480,15,-190,198,96,41,-97,
 1481,17,-206,196,88,45,-99,
 1482,20,-205,195,88,39,-105,
 1483,21,-187,194,91,48,-107,
 1484,23,-200,188,87,44,-108,
 1485,23,-200,192,89,41,-110,
 1486,23,-197,197,87,39,-112,
 1487,23,-202,198,85,39,-111,
 1488,23,-199,192,88,42,-115,
 1489,23,-186,195,91,43,-120,
 1490,25,-207,188,89,40,-119,
 1491,26,-199,199,95,42,-122,
 1492,25,-198,198,94,37,-116,
 1493,23,-198,197,92,34,-111,
 1494,20,-197,196,95,38,-113,
 1495,20,-195,190,83,40,-117,
 1496,23,-203,195,86,39,-115,
 1497,27,-191,196,87,32,-112,
 1498,32,-197,198,84,36,-113,
 1499,36,-205,194,78,33,-123,
 1500,38,-194,189,74,28,-123,
 1501,39,-200,191,77,32,-124,
 1502,40,-196,186,71,36,-128,
 1503,42,-200,181,74,36,-127,
 1504,46,-193,190,72,33,-121,
 1505,47,-197,195,68,41,-124,
 1506,46,-204,195,68,35,-119,
 1507,45,-184,196,75,34,-117,
 1508,46,-200,195,71,29,-111,
 1509,48,-194,189,80,32,-122,
 1510,47,-195,196,78,34,-121,
 1511,44,-203,196,70,38,-120,
 1512,42,-197,200,74,45,-123,
 1513,47,-201,196,80,33,-121,
 1514,48,-193,190,91,31,-117,
 1515,48,-206,183,95,31,-118,
 1516,47,-196,193,93,33,-125,
 1517,45,-206,199,88,34,-110,
 1518,47,-198,193,84,33,-110,
 1519,49,-195,196,87,29,-114,
 1520,49,-196,193,84,32,-112,
 1521,46,-212,198,83,32,-114,
 1522,44,-198,203,74,32,-110,
 1523,46,-205,198,77,33,-118,
 1524,48,-204,194,76,32,-107,
 1525,48,-200,190,79,35,-103,
 1526,46,-210,193,71,39,-108,
 1527,42,-195,198,77,34,-108,
 1528,44,-207,201,71,32,-106,
 1529,47,-198,194,80,32,-112,
 1530,49,-210,194,80,32,-109,
 1531,48,-211,201,79,33,-112,
 1532,47,-203,197,75,35,-110,
 1533,47,-210,202,73,39,-117,
 1534,49,-217,199,70,38,-105,
 1535,49,-210,192,69,35,-109,
 1536,48,-205,184,64,32,-116,
 1537,44,-214,183,63,35,-113,
 1538,44,-202,191,67,35,-109,
 1539,47,-213,201,69,34,-117,
 1540,49,-220,205,69,40,-114,
 1541,48,-216,201,72,37,-111,
 1542,46,-215,196,72,41,-110,
 1543,45,-214,193,75,34,-111,
 1544,44,-220,196,71,38,-113,
 1545,47,-210,201,69,34,-108,
 1546,50,-207,200,66,35,-103,
 1547,50,-220,201,71,38,-104,
 1548,48,-210,199,72,34,-108,
 1549,45,-204,201,69,35,-115,
 1550,44,-199,190,76,38,-114,
 1551,46,-204,197,72,40,-116,
 1552,47,-215,186,73,38,-116,
 1553,49,-209,200,73,36,-115,
 1554,50,-216,202,68,39,-121,
 1555,47,-212,194,68,42,-112,
 1556,46,-212,197,63,44,-120,
 1557,44,-213,195,63,43,-118,
 1558,44,-206,196,64,41,-125,
 1559,45,-215,194,61,38,-132,
 1560,46,-217,193,66,39,-132,
 1561,47,-209,192,66,40,-125,
 1562,48,-205,190,62,43,-131,
 1563,49,-211,194,62,45,-135,
 1564,49,-207,189,65,45,-130,
 1565,49,-205,194,67,45,-133,
 1566,47,-208,191,64,44,-141,
 1567,47,-210,196,60,41,-132,
 1568,47,-211,196,61,40,-135,
 1569,46,-209,204,62,41,-137,
 1570,44,-221,205,63,43,-137,
 1571,44,-216,190,63,46,-132,
 1572,43,-213,187,61,46,-121,
 1573,42,-211,194,60,45,-118,
 1574,41,-201,195,56,42,-127,
 1575,38,-218,185,54,41,-125,
 1576,35,-218,196,53,44,-123,
 1577,29,-221,202,50,48,-125,
 1578,22,-212,191,41,45,-128,
 1579,14,-214,186,33,43,-123,
 1580,7,-215,194,21,46,-125,
 1581,3,-222,200,8,47,-127,
 1582,-1,-215,194,0,43,-127,
 1583,-7,-219,202,-8,49,-130,
 1584,-10,-227,212,-16,49,-135,
 1585,-13,-227,206,-18,50,-127,
 1586,-17,-223,204,-20,53,-124,
 1587,-21,-222,198,-24,50,-124,
 1588,-23,-231,199,-45,56,-125,
 1589,-22,-224,200,-51,56,-123,
 1590,-22,-213,201,-53,49,-132,
 1591,-23,-230,202,-50,53,-118,
 1592,-26,-222,192,-49,54,-120,
 1593,-27,-231,204,-47,49,-119,
 1594,-29,-229,204,-52,53,-123,
 1595,-27,-228,201,-53,57,-118,
 1596,-23,-224,197,-56,56,-113,
 1597,-23,-216,211,-56,54,-114,
 1598,-26,-223,207,-55,53,-121,
 1599,-26,-238,199,-56,56,-120,
 1600,-27,-221,202,-52,54,-116,
 1601,-29,-232,202,-53,57,-116,
 1602,-37,-228,207,-55,50,-119,
 1603,-43,-216,208,-54,53,-123,
 1604,-41,-222,196,-58,56,-113,
 1605,-43,-228,201,-58,50,-110,
 1606,-43,-210,209,-61,52,-116,
 1607,-40,-219,206,-61,52,-121,
 1608,-44,-218,202,-60,54,-125,
 1609,-43,-226,198,-57,62,-118,
 1610,-41,-234,208,-56,58,-119,
 1611,-45,-235,208,-55,53,-117,
 1612,-39,-219,200,-53,52,-117,
 1613,-43,-232,204,-50,56,-123,
 1614,-40,-227,194,-44,56,-118,
 1615,-42,-219,192,-36,52,-116,
 1616,-46,-225,207,-24,61,-117,
 1617,-43,-234,206,-10,55,-115,
 1618,-45,-227,209,7,55,-114,
 1619,-45,-232,208,17,61,-113,
 1620,-48,-212,204,21,57,-113,
 1621,-47,-225,212,27,65,-122,
 1622,-49,-235,200,37,61,-112,
 1623,-50,-220,205,52,68,-123,
 1624,-46,-228,209,57,63,-120,
 1625,-52,-236,209,56,63,-124,
 1626,-46,-224,208,56,67,-122,
 1627,-49,-234,215,68,71,-120,
 1628,-49,-218,211,74,60,-118,
 1629,-46,-222,211,76,69,-128,
 1630,-53,-234,198,85,65,-122,
 1631,-52,-234,208,95,64,-129,
 1632,-48,-231,200,93,57,-124,
 1633,-50,-218,203,101,72,-127,
 1634,-52,-222,206,101,72,-126,
 1635,-47,-231,214,107,74,-123,
 1636,-49,-243,202,103,72,-126,
 1637,-51,-230,203,109,73,-123,
 1638,-53,-236,205,104,67,-130,
 1639,-51,-238,195,110,64,-126,
 1640,-52,-244,211,108,85,-125,
 1641,-49,-230,205,107,80,-122,
 1642,-49,-238,201,107,78,-120,
 1643,-51,-237,206,104,78,-115,
 1644,-51,-230,208,99,79,-122,
 1645,-53,-236,211,97,86,-117,
 1646,-55,-231,207,100,75,-116,
 1647,-54,-240,208,102,78,-118,
 1648,-58,-244,205,102,76,-121,
 1649,-55,-239,206,99,78,-121,
 1650,-56,-224,212,96,80,-120,
 1651,-55,-225,212,93,66,-125,
 1652,-60,-247,202,95,79,-121,
 1653,-58,-231,204,95,79,-115,
 1654,-53,-230,205,94,89,-117,
 1655,-53,-236,204,95,74,-118,
 1656,-52,-237,206,94,77,-115,
 1657,-52,-230,219,96,84,-128,
 1658,-58,-244,215,97,87,-111,
 1659,-54,-232,213,94,70,-113,
 1660,-56,-234,199,95,86,-110,
 1661,-57,-223,209,94,82,-112,
 1662,-52,-238,213,96,86,-118,
 1663,-54,-241,214,96,86,-115,
 1664,-59,-236,220,94,80,-113,
 1665,-50,-245,208,96,81,-111,
 1666,-52,-242,203,96,75,-112,
 1667,-59,-227,217,97,85,-102,
 1668,-50,-226,215,94,89,-107,
 1669,-53,-231,214,95,87,-102,
 1670,-56,-234,212,92,93,-104,
 1671,-53,-235,213,90,93,-100,
 1672,-61,-243,218,92,84,-97,
 1673,-59,-254,206,94,88,-99,
 1674,-59,-232,211,92,86,-100,
 1675,-53,-254,212,97,83,-99,
 1676,-61,-260,216,100,88,-101,
 1677,-55,-250,219,98,93,-103,
 1678,-56,-281,228,99,101,-106,
 1679,-54,-229,227,101,94,-102,
 1680,-60,-241,212,94,88,-108,
 1681,-59,-244,208,102,93,-116,
 1682,-62,-243,201,103,93,-107,
 1683,-64,-240,215,98,90,-114,
 1684,-57,-250,219,104,92,-111,
 1685,-58,-248,208,101,97,-106,
 1686,-63,-240,206,94,89,-108,
 1687,-58,-248,220,104,99,-108,
 1688,-58,-241,215,103,94,-107,
 1689,-54,-240,216,98,96,-110,
 1690,-59,-241,213,103,84,-110,
 1691,-61,-245,207,105,101,-109,
 1692,-62,-251,217,115,91,-118,
 1693,-63,-237,216,106,93,-114,
 1694,-59,-241,215,108,104,-109,
 1695,-59,-246,216,108,98,-101,
 1696,-63,-241,210,114,99,-103,
 1697,-58,-230,212,107,92,-109,
 1698,-57,-253,223,110,105,-112,
 1699,-59,-230,222,116,97,-108,
 1700,-58,-237,208,112,97,-109,
 1701,-57,-239,207,117,94,-106,
 1702,-60,-242,220,126,100,-104,
 1703,-56,-241,222,127,99,-108,
 1704,-56,-258,218,120,107,-103,
 1705,-61,-252,210,117,104,-103,
 1706,-60,-236,218,123,92,-108,
 1707,-58,-238,223,115,95,-107,
 1708,-60,-252,212,118,87,-112,
 1709,-65,-234,219,114,95,-106,
 1710,-61,-239,220,118,105,-104,
 1711,-60,-246,217,124,95,-110,
 1712,-63,-227,220,129,97,-107,
 1713,-59,-251,211,129,85,-110,
 1714,-58,-240,209,130,80,-108,
 1715,-66,-247,222,138,92,-112,
 1716,-66,-261,225,129,98,-111,
 1717,-61,-248,221,138,100,-105,
 1718,-63,-252,222,136,100,-116,
 1719,-63,-246,213,126,102,-106,
 1720,-66,-243,203,121,92,-109,
 1721,-64,-236,219,120,100,-110,
 1722,-61,-271,222,123,101,-105,
 1723,-61,-244,213,122,94,-102,
 1724,-67,-242,223,121,108,-101,
 1725,-66,-259,226,127,101,-109,
 1726,-59,-240,212,128,105,-102,
 1727,-65,-266,218,139,94,-100,
 1728,-64,-243,211,143,114,-103,
 1729,-65,-258,220,128,111,-106,
 1730,-68,-239,219,118,102,-102,
 1731,-64,-250,228,123,103,-103,
 1732,-62,-241,231,126,108,-108,
 1733,-64,-244,222,121,113,-108,
 1734,-64,-236,224,131,98,-107,
 1735,-70,-241,216,122,101,-105,
 1736,-67,-250,216,138,112,-102,
 1737,-64,-236,214,136,107,-97,
 1738,-70,-264,224,132,118,-95,
 1739,-65,-244,222,120,112,-92,
 1740,-67,-259,217,124,110,-86,
 1741,-64,-241,230,127,98,-87,
 1742,-67,-268,231,127,106,-88,
 1743,-68,-251,219,127,116,-91,
 1744,-69,-259,211,129,107,-93,
 1745,-66,-251,218,130,108,-94,
 1746,-64,-251,226,117,104,-92,
 1747,-63,-247,217,122,95,-91,
 1748,-63,-257,216,120,102,-85,
 1749,-65,-240,214,127,106,-87,
 1750,-72,-243,214,127,112,-91,
 1751,-69,-241,223,133,110,-88,
 1752,-73,-246,230,128,117,-87,
 1753,-67,-242,238,133,105,-86,
 1754,-72,-246,229,126,109,-86,
 1755,-71,-237,226,118,104,-89,
 1756,-73,-250,210,117,92,-88,
 1757,-73,-262,223,122,118,-87,
 1758,-68,-263,226,126,112,-86,
 1759,-73,-246,223,130,94,-84,
 1760,-68,-243,223,130,113,-84,
 1761,-75,-244,230,135,101,-83,
 1762,-67,-244,231,121,118,-86,
 1763,-67,-258,236,128,115,-86,
 1764,-67,-242,233,121,105,-83,
 1765,-66,-259,228,132,112,-86,
 1766,-64,-243,237,129,110,-85,
 1767,-65,-260,226,122,115,-80,
 1768,-68,-239,224,133,108,-83,
 1769,-73,-238,225,121,117,-85,
 1770,-76,-267,216,126,114,-82,
 1771,-75,-229,222,122,116,-89,
 1772,-65,-247,226,115,102,-88,
 1773,-72,-229,225,143,104,-84,
 1774,-78,-268,222,132,116,-86,
 1775,-78,-240,219,125,113,-89,
 1776,-78,-259,226,129,113,-89,
 1777,-79,-227,229,132,115,-87,
 1778,-79,-252,236,139,130,-80,
 1779,-69,-247,220,132,105,-68,
 1780,-72,-250,239,135,113,-42,
 1781,-69,-261,237,131,105,-18,
 1782,-70,-240,229,125,119,25,
 1783,-71,-266,236,129,109,53,
 1784,-67,-239,234,144,109,68,
 1785,-66,-240,233,147,100,68,
 1786,-76,-249,226,133,118,83,
 1787,-75,-237,232,137,111,85,
 1788,-73,-255,231,135,126,86,
 1789,-73,-241,228,149,113,80,
 1790,-75,-245,236,151,120,73,
 1791,-71,-255,236,148,102,76,
 1792,-78,-237,240,142,105,82,
 1793,-80,-266,231,128,112,80,
 1794,-80,-231,230,136,121,82,
 1795,-77,-244,231,137,96,83,
 1796,-73,-244,232,146,112,85,
 1797,-75,-226,227,145,100,83,
 1798,-76,-250,219,156,129,85,
 1799,-76,-232,223,134,106,86,
 1800,-75,-249,233,143,121,86,
 1801,-77,-257,233,154,116,93,
 1802,-80,-228,239,152,102,95,
 1803,-81,-252,223,153,109,92,
 1804,-81,-232,222,138,119,92,
 1805,-80,-239,233,150,127,95,
 1806,-73,-259,231,142,105,96,
 1807,-73,-237,215,127,117,97,
 1808,-75,-250,232,125,114,102,
 1809,-77,-261,229,146,120,100,
 1810,-75,-215,227,154,109,102,
 1811,-70,-258,227,141,111,99,
 1812,-82,-244,223,138,111,97,
 1813,-80,-227,225,132,121,105,
 1814,-76,-256,225,147,136,112,
 1815,-76,-219,223,151,110,106,
 1816,-76,-243,223,142,130,112,
 1817,-82,-249,232,129,104,115,
 1818,-77,-222,234,141,100,118,
 1819,-79,-253,224,155,109,119,
 1820,-75,-244,231,149,119,117,
 1821,-86,-229,218,136,119,119,
 1822,-78,-258,235,136,104,116,
 1823,-79,-222,235,148,110,123,
 1824,-78,-251,235,142,101,116,
 1825,-78,-259,216,146,133,122,
 1826,-75,-215,229,141,110,120,
 1827,-79,-236,226,140,104,121,
 1828,-79,-230,226,144,96,130,
 1829,-79,-222,229,138,96,126,
 1830,-82,-253,234,143,114,129,
 1831,-81,-234,228,134,124,124,
 1832,-83,-222,229,152,125,128,
 1833,-84,-255,232,161,137,129,
 1834,-86,-231,225,148,90,129,
 1835,-80,-232,234,142,109,126,
 1836,-81,-254,231,152,122,123,
 1837,-77,-211,240,170,140,123,
 1838,-84,-244,241,163,120,117,
 1839,-77,-248,231,148,97,126,
 1840,-79,-214,234,143,108,116,
 1841,-74,-244,233,159,99,114,
 1842,-79,-256,216,166,109,116,
 1843,-82,-229,225,152,121,110,
 1844,-83,-232,235,151,109,111,
 1845,-79,-238,221,161,109,115,
 1846,-77,-219,234,161,123,118,
 1847,-82,-253,240,144,116,119,
 1848,-83,-233,226,152,116,113,
 1849,-81,-213,235,164,104,115,
 1850,-81,-239,235,152,95,117,
 1851,-78,-230,226,134,102,116,
 1852,-86,-213,224,145,103,116,
 1853,-81,-221,222,148,93,119,
 1854,-76,-201,223,150,100,114,
 1855,-84,-212,220,148,124,110,
 1856,-87,-232,229,137,121,106,
 1857,-79,-214,222,155,117,103,
 1858,-84,-214,231,148,73,113,
 1859,-79,-248,232,139,94,111,
 1860,-77,-217,225,145,103,120,
 1861,-74,-219,229,149,95,119,
 1862,-79,-232,225,149,117,117,
 1863,-78,-225,239,133,111,105,
 1864,-78,-217,234,141,101,108,
 1865,-80,-241,231,151,113,113,
 1866,-79,-220,226,139,95,111,
 1867,-83,-216,222,119,89,110,
 1868,-82,-240,225,143,106,109,
 1869,-85,-204,214,148,92,117,
 1870,-77,-227,227,151,99,121,
 1871,-80,-230,233,138,108,109,
 1872,-79,-194,226,153,95,107,
 1873,-75,-212,225,150,87,111,
 1874,-71,-231,226,150,103,106,
 1875,-83,-209,217,136,96,108,
 1876,-80,-218,222,151,107,102,
 1877,-79,-228,225,169,111,110,
 1878,-81,-217,236,154,88,105,
 1879,-83,-236,232,142,95,105,
 1880,-85,-226,221,156,111,99,
 1881,-82,-189,226,166,84,98,
 1882,-79,-212,228,146,96,100,
 1883,-84,-213,217,142,97,102,
 1884,-81,-213,223,171,104,102,
 1885,-76,-224,226,148,113,102,
 1886,-70,-213,218,137,96,104,
 1887,-77,-186,224,147,86,110,
 1888,-78,-225,227,164,98,113,
 1889,-86,-196,224,145,86,120,
 1890,-87,-207,218,143,70,117,
 1891,-83,-230,234,153,92,111,
 1892,-87,-198,237,147,111,113,
 1893,-78,-190,226,127,85,110,
 1894,-85,-222,219,143,92,110,
 1895,-74,-203,216,157,90,118,
 1896,-76,-180,206,144,71,117,
 1897,-77,-204,209,126,84,115,
 1898,-73,-194,209,136,94,119,
 1899,-70,-219,221,149,84,129,
 1900,-75,-204,224,139,102,132,
 1901,-79,-187,222,130,115,125,
 1902,-81,-204,226,128,87,119,
 1903,-82,-211,226,144,67,126,
 1904,-75,-193,219,138,70,131,
 1905,-82,-211,218,136,74,127,
 1906,-85,-195,224,149,104,118,
 1907,-80,-197,231,152,70,116,
 1908,-78,-186,207,132,114,125,
 1909,-76,-189,215,141,114,126,
 1910,-77,-211,223,149,84,117,
 1911,-74,-174,206,134,72,117,
 1912,-79,-217,217,144,94,124,
 1913,-80,-197,218,161,93,114,
 1914,-70,-190,219,163,105,131,
 1915,-73,-205,225,157,81,131,
 1916,-76,-190,218,134,91,122,
 1917,-76,-191,223,144,93,134,
 1918,-76,-197,225,164,70,126,
 1919,-81,-171,224,158,87,126,
 1920,-74,-211,219,134,78,121,
 1921,-76,-181,217,153,56,118,
 1922,-80,-196,221,161,79,123,
 1923,-72,-196,223,149,87,116,
 1924,-78,-165,211,128,62,121,
 1925,-74,-189,212,147,53,115,
 1926,-77,-173,201,135,59,110,
 1927,-79,-187,214,143,64,110,
 1928,-77,-192,209,146,86,114,
 1929,-82,-169,213,149,62,110,
 1930,-73,-180,213,133,84,118,
 1931,-79,-172,220,131,83,113,
 1932,-81,-189,226,130,86,110,
 1933,-74,-178,221,151,93,105,
 1934,-69,-188,231,140,73,113,
 1935,-72,-180,215,129,83,110,
 1936,-69,-167,222,130,92,111,
 1937,-68,-201,219,144,59,115,
 1938,-72,-173,232,142,88,114,
 1939,-77,-194,222,145,65,113,
 1940,-78,-169,224,131,89,112,
 1941,-71,-182,226,139,87,109,
 1942,-69,-177,212,126,52,114,
 1943,-80,-186,222,126,84,111,
 1944,-75,-182,215,133,59,105,
 1945,-73,-160,208,131,53,112,
 1946,-75,-173,218,124,59,107,
 1947,-70,-169,214,124,56,110,
 1948,-75,-184,205,139,76,107,
 1949,-63,-157,213,153,68,116,
 1950,-65,-176,202,142,89,113,
 1951,-69,-170,215,140,72,115,
 1952,-64,-184,207,130,79,107,
 1953,-73,-157,209,133,62,115,
 1954,-74,-168,219,139,61,110,
 1955,-73,-154,217,152,61,111,
 1956,-71,-174,210,126,63,114,
 1957,-68,-147,209,136,74,105,
 1958,-73,-180,211,147,69,106,
 1959,-72,-155,214,150,75,106,
 1960,-67,-173,217,133,63,103,
 1961,-67,-153,217,131,53,107,
 1962,-62,-159,209,137,54,104,
 1963,-67,-151,212,136,51,109,
 1964,-69,-168,208,125,66,117,
 1965,-68,-158,220,118,58,120,
 1966,-71,-179,211,139,68,116,
 1967,-62,-149,218,148,65,110,
 1968,-62,-169,206,133,80,114,
 1969,-60,-147,213,112,59,112,
 1970,-63,-166,204,132,67,116,
 1971,-66,-155,217,128,44,113,
 1972,-59,-167,216,131,36,117,
 1973,-67,-158,219,115,47,114,
 1974,-66,-152,216,109,49,115,
 1975,-72,-154,219,122,64,113,
 1976,-68,-149,214,123,63,120,
 1977,-64,-160,207,120,70,116,
 1978,-65,-147,210,124,62,112,
 1979,-66,-165,208,113,51,110,
 1980,-58,-153,207,112,47,110,
 1981,-63,-163,214,124,64,113,
 1982,-59,-159,217,125,57,110,
 1983,-60,-146,214,121,72,113,
 1984,-63,-159,208,108,49,111,
 1985,-58,-147,200,109,48,110,
 1986,-57,-164,217,125,40,110,
 1987,-63,-144,209,109,67,98,
 1988,-62,-148,208,115,54,97,
 1989,-56,-151,213,112,59,97,
 1990,-63,-143,209,107,44,98,
 1991,-65,-148,205,118,50,101,
 1992,-66,-154,214,124,52,103,
 1993,-60,-139,202,120,51,109,
 1994,-65,-148,216,101,55,103,
 1995,-61,-137,212,104,45,109,
 1996,-56,-140,198,109,34,103,
 1997,-58,-151,203,124,48,101,
 1998,-60,-143,198,113,44,107,
 1999,-57,-140,200,122,50,105,
 2000,-59,-151,195,118,52,107,
 2001,-59,-127,203,109,48,104,
 2002,-58,-133,206,116,40,99,
 2003,-56,-140,199,115,41,102,
 2004,-57,-133,204,124,58,98,
 2005,-60,-135,205,123,35,98,
 2006,-58,-133,202,125,40,104,
 2007,-59,-125,199,114,48,94,
 2008,-59,-140,205,105,37,97,
 2009,-59,-134,195,111,41,102,
 2010,-60,-124,197,125,49,94,
 2011,-59,-132,197,128,49,93,
 2012,-57,-134,207,117,56,91,
 2013,-60,-127,202,109,46,90,
 2014,-54,-135,205,111,44,89,
 2015,-56,-135,201,107,50,93,
 2016,-57,-124,205,115,41,88,
 2017,-48,-141,201,124,48,91,
 2018,-55,-146,199,117,62,92,
 2019,-48,-124,196,109,42,94,
 2020,-50,-118,205,106,38,90,
 2021,-53,-132,205,102,48,90,
 2022,-52,-146,200,94,47,88,
 2023,-55,-140,202,107,52,82,
 2024,-50,-130,202,103,41,85,
 2025,-54,-127,203,117,41,82,
 2026,-50,-137,200,109,39,80,
 2027,-51,-130,195,93,36,75,
 2028,-49,-122,192,88,35,81,
 2029,-50,-125,197,101,49,81,
 2030,-51,-130,198,92,43,80,
 2031,-49,-132,200,107,38,85,
 2032,-47,-124,201,101,37,83,
 2033,-50,-128,209,105,40,86,
 2034,-51,-133,199,110,38,89,
 2035,-53,-127,195,101,35,81,
 2036,-52,-126,186,98,40,83,
 2037,-51,-132,190,97,35,81,
 2038,-46,-126,189,98,35,82,
 2039,-54,-138,183,96,35,82,
 2040,-50,-126,197,95,36,78,
 2041,-44,-124,193,95,34,81,
 2042,-53,-116,197,96,24,85,
 2043,-49,-121,186,90,27,80,
 2044,-55,-127,193,97,35,81,
 2045,-45,-127,189,91,47,81,
 2046,-49,-120,193,90,40,83,
 2047,-51,-121,193,84,40,80,
 2048,-45,-120,182,87,40,81,
 2049,-44,-124,184,92,41,81,
 2050,-45,-122,191,93,37,80,
 2051,-49,-125,186,89,47,87,
 2052,-46,-124,196,87,48,89,
 2053,-42,-118,189,90,48,79,
 2054,-43,-117,180,84,36,80,
 2055,-47,-112,188,95,36,79,
 2056,-49,-113,191,95,33,85,
 2057,-47,-124,189,88,46,80,
 2058,-45,-122,185,91,42,83,
 2059,-43,-116,184,88,34,84,
 2060,-44,-120,189,89,34,84,
 2061,-45,-120,185,88,38,78,
 2062,-44,-116,188,89,34,74,
 2063,-44,-123,188,86,46,76,
 2064,-44,-113,175,82,32,80,
 2065,-45,-116,176,81,32,76,
 2066,-42,-117,181,75,26,76,
 2067,-40,-106,187,81,32,73,
 2068,-41,-112,179,81,30,74,
 2069,-44,-113,190,80,29,73,
 2070,-44,-112,177,76,28,73,
 2071,-44,-118,180,77,36,70,
 2072,-43,-113,178,81,34,71,
 2073,-39,-116,185,85,38,71,
 2074,-44,-114,174,87,32,72,
 2075,-47,-109,188,77,28,74,
 2076,-45,-112,187,87,29,71,
 2077,-42,-113,184,80,32,72,
 2078,-42,-104,182,77,31,69,
 2079,-43,-115,181,80,40,69,
 2080,-37,-102,184,73,27,68,
 2081,-42,-106,175,82,24,70,
 2082,-40,-115,178,77,25,72,
 2083,-41,-111,185,73,28,71,
 2084,-41,-113,174,83,28,65,
 2085,-41,-103,179,71,31,65,
 2086,-39,-106,178,73,19,70,
 2087,-43,-110,179,79,26,65,
 2088,-39,-103,176,70,30,69,
 2089,-44,-111,182,77,26,67,
 2090,-40,-113,181,78,28,67,
 2091,-43,-110,170,74,27,73,
 2092,-42,-105,178,71,25,71,
 2093,-39,-111,182,76,23,70,
 2094,-43,-101,173,72,26,67,
 2095,-38,-114,177,68,29,69,
 2096,-37,-105,180,69,29,70,
 2097,-39,-106,180,71,26,68,
 2098,-39,-110,183,75,26,72,
