 0,20,12,-86,-23,-41,-34,
 1,20,13,-85,-23,-40,-34,
 2,20,12,-86,-23,-40,-34,
 3,21,11,-86,-23,-41,-34,
 4,19,11,-85,-24,-40,-34,
 5,21,11,-85,-23,-40,-34,
 6,21,11,-85,-23,-40,-34,
 7,20,12,-85,-24,-40,-34,
 8,20,11,-85,-24,-40,-34,
 9,19,12,-84,-24,-40,-34,
 10,21,11,-85,-24,-40,-34,
 11,20,10,-84,-24,-41,-33,
 12,21,12,-84,-24,-40,-34,
 13,20,11,-84,-24,-40,-34,
 14,20,11,-84,-24,-40,-34,
 15,21,12,-84,-23,-40,-34,
 16,20,11,-84,-24,-40,-34,
 17,20,11,-83,-24,-40,-35,
 18,20,10,-83,-24,-40,-35,
 19,20,11,-81,-24,-39,-35,
 20,21,10,-82,-24,-39,-36,
 21,20,11,-81,-24,-38,-35,
 22,20,10,-79,-24,-37,-36,
 23,20,10,-78,-24,-34,-36,
 24,20,10,-76,-24,-33,-37,
 25,20,9,-74,-24,-30,-37,
 26,20,8,-71,-25,-27,-39,
 27,20,6,-68,-24,-25,-41,
 28,20,5,-65,-24,-21,-42,
 29,20,3,-62,-24,-19,-44,
 30,20,1,-57,-24,-14,-48,
 31,19,0,-53,-25,-11,-51,
 32,19,-2,-48,-24,-6,-55,
 33,19,-4,-41,-25,-3,-59,
 34,19,-7,-36,-25,0,-64,
 35,19,-9,-28,-25,5,-71,
 36,19,-11,-20,-25,7,-78,
 37,18,-12,-11,-26,10,-85,
 38,19,-11,-2,-26,13,-93,
 39,18,-12,4,-27,15,-102,
 40,17,-11,17,-27,17,-112,
 41,18,-11,24,-27,17,-123,
 42,18,-11,27,-28,18,-134,
 43,17,-11,34,-28,18,-139,
 44,17,-12,41,-28,22,-150,
 45,15,-11,48,-29,20,-151,
 46,14,-12,57,-29,22,-137,
 47,12,-14,57,-30,22,-128,
 48,11,-14,50,-31,24,-125,
 49,10,-15,49,-32,25,-125,
 50,8,-17,46,-31,28,-125,
 51,6,-19,48,-33,30,-126,
 52,7,-20,64,-34,32,-125,
 53,4,-21,69,-34,34,-126,
 54,3,-21,69,-35,35,-126,
 55,2,-19,71,-36,34,-125,
 56,1,-19,74,-36,31,-123,
 57,0,-18,71,-37,32,-122,
 58,-3,-16,75,-37,32,-121,
 59,-4,-17,78,-37,36,-123,
 60,-6,-22,80,-38,39,-126,
 61,-8,-24,91,-38,38,-124,
 62,-8,-28,91,-38,36,-124,
 63,-9,-38,96,-38,31,-123,
 64,-11,-44,99,-38,31,-120,
 65,-12,-46,99,-38,33,-118,
 66,-12,-36,99,-39,37,-119,
 67,-14,-36,99,-39,36,-124,
 68,-14,-39,92,-39,33,-127,
 69,-15,-50,95,-39,32,-129,
 70,-15,-56,98,-39,36,-125,
 71,-15,-61,96,-39,38,-123,
 72,-16,-61,99,-39,33,-124,
 73,-16,-60,100,-38,31,-128,
 74,-16,-61,98,-38,34,-130,
 75,-16,-66,103,-36,35,-126,
 76,-17,-66,103,-34,34,-118,
 77,-17,-63,98,-32,31,-118,
 78,-19,-65,95,-28,38,-125,
 79,-20,-69,95,-25,36,-123,
 80,-22,-67,100,-21,33,-118,
 81,-21,-63,102,-16,34,-119,
 82,-21,-64,99,-10,36,-126,
 83,-21,-66,100,-6,31,-122,
 84,-22,-60,98,-3,35,-116,
 85,-22,-59,93,0,36,-118,
 86,-23,-63,94,3,33,-122,
 87,-22,-60,96,6,40,-117,
 88,-22,-58,93,9,39,-119,
 89,-22,-63,93,13,39,-122,
 90,-21,-62,99,16,41,-113,
 91,-22,-62,99,15,37,-112,
 92,-21,-67,95,17,41,-115,
 93,-22,-63,96,18,35,-111,
 94,-23,-65,95,18,40,-118,
 95,-23,-64,90,19,37,-117,
 96,-23,-62,95,19,40,-115,
 97,-24,-66,92,20,39,-121,
 98,-23,-63,94,24,40,-116,
 99,-22,-64,90,30,41,-118,
 100,-20,-57,95,35,44,-108,
 101,-21,-58,89,36,40,-111,
 102,-21,-56,95,38,43,-111,
 103,-22,-60,89,39,40,-114,
 104,-24,-59,98,37,44,-116,
 105,-25,-62,96,38,38,-116,
 106,-27,-62,92,37,42,-117,
 107,-27,-66,92,36,38,-114,
 108,-26,-64,93,35,38,-114,
 109,-27,-71,92,35,42,-118,
 110,-28,-61,92,38,41,-117,
 111,-29,-63,91,39,44,-123,
 112,-30,-59,92,42,43,-117,
 113,-33,-57,90,46,37,-119,
 114,-35,-62,90,47,42,-116,
 115,-35,-61,91,46,43,-114,
 116,-36,-62,91,44,39,-122,
 117,-37,-70,93,44,40,-116,
 118,-38,-65,90,45,42,-117,
 119,-39,-67,93,47,42,-120,
 120,-40,-67,87,51,39,-118,
 121,-40,-61,91,52,44,-118,
 122,-39,-54,88,52,44,-123,
 123,-37,-59,83,49,39,-122,
 124,-38,-67,88,50,35,-116,
 125,-40,-69,88,52,38,-115,
 126,-44,-66,85,56,47,-122,
 127,-42,-64,87,57,46,-125,
 128,-39,-63,84,54,43,-121,
 129,-38,-65,89,54,39,-119,
 130,-38,-66,89,58,38,-119,
 131,-40,-71,90,61,37,-122,
 132,-41,-73,83,61,38,-122,
 133,-40,-71,83,57,43,-115,
 134,-39,-67,82,60,46,-116,
 135,-42,-64,88,62,46,-121,
 136,-44,-62,88,62,41,-122,
 137,-42,-65,83,60,42,-115,
 138,-39,-69,86,64,40,-116,
 139,-41,-72,89,63,41,-115,
 140,-42,-71,88,59,41,-116,
 141,-42,-66,95,62,42,-116,
 142,-40,-66,89,63,42,-118,
 143,-41,-69,85,58,41,-118,
 144,-45,-71,89,63,40,-118,
 145,-46,-75,87,62,40,-113,
 146,-43,-67,92,61,40,-114,
 147,-43,-62,93,66,46,-113,
 148,-46,-57,97,61,41,-113,
 149,-46,-61,95,62,42,-111,
 150,-41,-73,89,64,41,-115,
 151,-44,-69,91,62,42,-109,
 152,-44,-57,92,68,48,-114,
 153,-42,-57,86,61,45,-118,
 154,-42,-69,92,65,47,-112,
 155,-45,-69,87,62,45,-114,
 156,-43,-59,89,66,43,-115,
 157,-40,-64,90,60,42,-116,
 158,-45,-68,86,67,43,-115,
 159,-43,-71,92,63,44,-115,
 160,-42,-70,88,65,45,-117,
 161,-47,-61,92,63,48,-113,
 162,-45,-71,98,64,47,-110,
 163,-44,-74,93,66,47,-110,
 164,-49,-71,91,62,44,-110,
 165,-44,-66,94,66,43,-106,
 166,-42,-67,86,64,40,-112,
 167,-46,-68,93,64,45,-110,
 168,-45,-64,88,67,45,-103,
 169,-45,-61,91,63,48,-110,
 170,-49,-61,92,62,44,-102,
 171,-42,-62,90,66,44,-108,
 172,-44,-70,99,66,45,-108,
 173,-43,-60,91,62,45,-106,
 174,-43,-65,92,63,49,-104,
 175,-47,-71,96,69,44,-106,
 176,-43,-62,93,68,42,-114,
 177,-48,-62,91,68,44,-114,
 178,-46,-73,92,65,45,-105,
 179,-46,-75,89,63,49,-111,
 180,-46,-72,92,64,43,-104,
 181,-43,-71,91,65,42,-106,
 182,-47,-76,92,69,48,-109,
 183,-42,-75,91,73,48,-105,
 184,-48,-76,89,70,44,-103,
 185,-41,-78,92,70,42,-101,
 186,-48,-68,101,70,43,-102,
 187,-45,-61,91,70,43,-106,
 188,-48,-68,91,68,45,-109,
 189,-44,-65,93,67,43,-108,
 190,-48,-63,92,65,46,-106,
 191,-45,-71,93,68,44,-106,
 192,-48,-61,95,69,48,-103,
 193,-47,-64,100,75,44,-101,
 194,-48,-76,93,78,43,-103,
 195,-45,-71,97,72,48,-103,
 196,-47,-69,96,72,43,-111,
 197,-46,-75,98,71,46,-108,
 198,-49,-68,97,79,45,-108,
 199,-43,-68,97,73,44,-107,
 200,-46,-68,98,77,50,-108,
 201,-43,-65,95,74,48,-108,
 202,-49,-65,95,71,48,-97,
 203,-45,-69,97,75,48,-99,
 204,-45,-62,93,64,46,-100,
 205,-49,-72,100,74,45,-95,
 206,-45,-69,89,73,47,-99,
 207,-51,-75,97,78,50,-99,
 208,-48,-72,91,82,51,-95,
 209,-49,-71,94,85,53,-99,
 210,-47,-81,95,83,47,-99,
 211,-45,-80,95,85,46,-96,
 212,-50,-74,97,84,45,-104,
 213,-46,-71,101,79,46,-103,
 214,-51,-67,94,86,49,-101,
 215,-52,-70,92,85,48,-105,
 216,-47,-66,101,77,45,-105,
 217,-49,-66,91,75,44,-107,
 218,-49,-74,97,74,48,-104,
 219,-46,-64,97,77,48,-106,
 220,-48,-73,96,77,49,-105,
 221,-50,-69,97,76,48,-108,
 222,-46,-77,95,78,45,-109,
 223,-51,-73,100,81,44,-109,
 224,-52,-70,99,76,45,-109,
 225,-45,-73,101,83,41,-109,
 226,-47,-69,99,75,47,-119,
 227,-50,-70,105,76,41,-119,
 228,-46,-67,102,84,36,-112,
 229,-45,-76,97,82,36,-113,
 230,-52,-64,99,84,42,-112,
 231,-50,-74,98,75,44,-117,
 232,-46,-67,107,79,43,-118,
 233,-50,-78,99,82,38,-115,
 234,-49,-80,101,80,38,-121,
 235,-48,-72,105,85,42,-121,
 236,-46,-74,95,86,42,-122,
 237,-45,-67,93,88,38,-120,
 238,-49,-76,99,87,39,-116,
 239,-50,-67,101,89,44,-124,
 240,-46,-75,96,86,42,-120,
 241,-44,-67,104,81,43,-118,
 242,-48,-80,103,83,44,-119,
 243,-51,-75,101,84,37,-115,
 244,-50,-74,99,85,42,-119,
 245,-49,-69,102,83,37,-115,
 246,-47,-73,96,80,40,-118,
 247,-48,-67,103,89,36,-115,
 248,-51,-73,96,88,40,-120,
 249,-53,-71,104,86,33,-118,
 250,-51,-76,100,85,38,-114,
 251,-52,-76,101,90,37,-125,
 252,-50,-68,96,83,39,-125,
 253,-46,-82,105,92,41,-120,
 254,-48,-74,103,89,40,-120,
 255,-49,-76,106,92,36,-114,
 256,-47,-74,102,94,38,-119,
 257,-49,-76,98,92,40,-119,
 258,-51,-80,106,94,40,-116,
 259,-53,-64,108,98,36,-119,
 260,-55,-76,115,93,34,-120,
 261,-52,-82,103,104,32,-123,
 262,-55,-84,110,87,31,-127,
 263,-51,-77,96,88,28,-128,
 264,-52,-82,103,93,14,-118,
 265,-50,-76,100,98,-1,-117,
 266,-54,-84,103,106,-19,-113,
 267,-53,-72,95,109,-19,-112,
 268,-53,-83,99,105,-24,-116,
 269,-52,-86,106,95,-35,-114,
 270,-55,-83,109,98,-31,-115,
 271,-51,-88,106,94,-26,-115,
 272,-53,-84,109,107,-26,-119,
 273,-54,-87,110,107,-32,-120,
 274,-54,-81,106,110,-28,-119,
 275,-56,-74,99,105,-36,-117,
 276,-56,-83,96,111,-34,-117,
 277,-54,-82,104,112,-45,-120,
 278,-58,-87,108,113,-44,-115,
 279,-57,-85,104,113,-53,-117,
 280,-58,-82,106,119,-60,-122,
 281,-56,-88,106,116,-61,-125,
 282,-58,-78,105,113,-76,-118,
 283,-52,-83,103,109,-82,-122,
 284,-54,-88,104,102,-70,-114,
 285,-52,-85,102,110,-68,-119,
 286,-50,-90,109,113,-75,-119,
 287,-55,-94,106,110,-87,-115,
 288,-55,-90,100,97,-77,-114,
 289,-56,-95,98,125,-75,-112,
 290,-51,-88,108,126,-80,-111,
 291,-50,-75,103,129,-74,-111,
 292,-48,-90,105,131,-73,-109,
 293,-53,-78,103,122,-79,-117,
 294,-57,-84,99,119,-72,-111,
 295,-55,-87,106,111,-77,-111,
 296,-55,-87,104,111,-79,-118,
 297,-52,-89,103,114,-76,-111,
 298,-51,-88,103,115,-84,-110,
 299,-51,-86,94,113,-82,-118,
 300,-55,-89,106,129,-83,-110,
 301,-55,-91,105,134,-78,-107,
 302,-49,-89,108,124,-88,-106,
 303,-53,-95,110,125,-80,-106,
 304,-52,-83,106,99,-78,-109,
 305,-50,-70,106,99,-80,-115,
 306,-50,-87,102,108,-74,-109,
 307,-55,-88,108,109,-76,-109,
 308,-55,-81,103,121,-77,-114,
 309,-50,-83,107,121,-78,-104,
 310,-51,-84,102,121,-88,-105,
 311,-54,-89,107,124,-88,-110,
 312,-52,-86,104,117,-78,-108,
 313,-54,-82,108,114,-82,-108,
 314,-57,-80,102,115,-75,-116,
 315,-57,-91,105,111,-84,-113,
 316,-59,-91,109,115,-89,-109,
 317,-57,-95,98,118,-76,-117,
 318,-61,-98,103,116,-85,-108,
 319,-60,-87,106,115,-83,-111,
 320,-55,-84,102,109,-91,-111,
 321,-60,-91,106,115,-82,-106,
 322,-58,-90,102,109,-90,-104,
 323,-54,-92,100,120,-94,-108,
 324,-58,-90,106,123,-93,-106,
 325,-53,-95,101,114,-89,-105,
 326,-55,-85,103,122,-88,-112,
 327,-59,-91,101,118,-99,-109,
 328,-57,-89,99,121,-90,-105,
 329,-56,-97,107,117,-89,-105,
 330,-52,-97,106,120,-94,-102,
 331,-57,-99,104,119,-97,-101,
 332,-62,-94,107,120,-87,-105,
 333,-53,-94,100,112,-91,-104,
 334,-60,-95,97,116,-106,-99,
 335,-57,-86,98,118,-90,-102,
 336,-55,-97,98,120,-88,-105,
 337,-59,-98,105,121,-105,-102,
 338,-53,-98,102,116,-89,-102,
 339,-60,-102,105,120,-87,-103,
 340,-56,-92,100,124,-97,-103,
 341,-58,-98,108,133,-90,-98,
 342,-56,-103,108,124,-88,-101,
 343,-61,-96,99,127,-115,-101,
 344,-51,-100,97,129,-101,-96,
 345,-56,-103,107,114,-104,-93,
 346,-53,-100,99,127,-93,-94,
 347,-61,-100,107,125,-95,-100,
 348,-55,-90,100,127,-106,-102,
 349,-60,-96,108,130,-103,-95,
 350,-56,-99,105,130,-109,-97,
 351,-64,-100,105,129,-111,-96,
 352,-55,-89,103,127,-102,-102,
 353,-60,-92,103,122,-111,-101,
 354,-54,-99,93,126,-102,-97,
 355,-63,-101,102,127,-116,-97,
 356,-59,-96,100,132,-102,-92,
 357,-58,-100,100,131,-113,-95,
 358,-57,-107,101,129,-100,-97,
 359,-64,-100,109,124,-111,-97,
 360,-58,-100,99,137,-105,-103,
 361,-59,-100,100,152,-105,-102,
 362,-62,-102,102,153,-116,-101,
 363,-61,-97,96,144,-108,-101,
 364,-58,-96,107,134,-105,-103,
 365,-63,-101,95,125,-121,-110,
 366,-57,-105,104,138,-113,-106,
 367,-63,-99,107,144,-115,-110,
 368,-58,-98,111,155,-105,-108,
 369,-58,-104,101,138,-119,-99,
 370,-59,-113,103,140,-114,-107,
 371,-58,-113,102,128,-124,-103,
 372,-58,-110,99,139,-121,-102,
 373,-63,-107,106,152,-117,-100,
 374,-58,-95,97,154,-125,-96,
 375,-59,-106,105,142,-105,-100,
 376,-60,-106,103,130,-115,-100,
 377,-58,-99,98,144,-124,-98,
 378,-55,-99,106,149,-111,-99,
 379,-59,-102,97,153,-120,-100,
 380,-61,-100,102,142,-122,-95,
 381,-56,-100,98,125,-123,-92,
 382,-59,-104,107,143,-119,-95,
 383,-61,-105,104,139,-106,-92,
 384,-60,-113,93,145,-112,-91,
 385,-58,-107,96,143,-124,-92,
 386,-60,-106,109,128,-122,-91,
 387,-64,-100,104,136,-118,-90,
 388,-59,-105,101,153,-123,-93,
 389,-62,-105,99,149,-121,-98,
 390,-62,-105,103,145,-107,-95,
 391,-62,-103,97,135,-112,-92,
 392,-62,-103,106,143,-119,-91,
 393,-62,-108,100,150,-109,-91,
 394,-62,-103,98,148,-116,-89,
 395,-65,-111,104,140,-130,-91,
 396,-62,-105,109,134,-116,-90,
 397,-59,-112,103,147,-129,-91,
 398,-59,-111,103,151,-109,-90,
 399,-62,-114,97,138,-124,-89,
 400,-64,-99,101,140,-123,-86,
 401,-66,-104,106,147,-121,-83,
 402,-63,-109,105,148,-113,-91,
 403,-58,-109,102,147,-108,-89,
 404,-58,-111,110,148,-122,-91,
 405,-69,-105,100,148,-133,-90,
 406,-66,-111,102,160,-122,-86,
 407,-68,-109,105,161,-115,-89,
 408,-65,-111,105,150,-127,-85,
 409,-58,-110,102,142,-128,-89,
 410,-59,-110,99,154,-117,-87,
 411,-57,-112,110,182,-117,-84,
 412,-65,-112,102,152,-121,-87,
 413,-62,-104,100,136,-122,-87,
 414,-64,-110,107,160,-119,-82,
 415,-58,-111,102,179,-121,-84,
 416,-60,-109,102,160,-132,-83,
 417,-57,-115,96,143,-127,-84,
 418,-59,-108,106,154,-126,-82,
 419,-62,-105,99,183,-124,-85,
 420,-56,-115,110,166,-124,-79,
 421,-65,-118,109,139,-133,-85,
 422,-63,-124,103,166,-125,-88,
 423,-65,-116,102,164,-123,-86,
 424,-64,-113,105,160,-127,-84,
 425,-63,-109,105,158,-126,-86,
 426,-66,-108,102,167,-124,-84,
 427,-60,-112,102,153,-125,-81,
 428,-65,-113,100,151,-131,-83,
 429,-64,-108,103,143,-123,-81,
 430,-62,-108,101,157,-137,-83,
 431,-60,-112,101,157,-126,-86,
 432,-62,-117,102,151,-128,-84,
 433,-61,-117,102,152,-124,-82,
 434,-61,-113,96,153,-126,-87,
 435,-60,-113,96,156,-124,-89,
 436,-61,-108,99,141,-118,-85,
 437,-60,-116,96,167,-123,-89,
 438,-60,-113,105,164,-130,-83,
 439,-63,-114,101,151,-135,-86,
 440,-63,-109,102,159,-141,-85,
 441,-59,-111,96,173,-123,-89,
 442,-60,-108,103,159,-127,-84,
 443,-62,-112,101,150,-125,-87,
 444,-61,-109,103,178,-141,-80,
 445,-59,-114,105,172,-146,-83,
 446,-57,-115,106,156,-127,-84,
 447,-57,-116,103,159,-116,-81,
 448,-63,-116,98,180,-140,-85,
 449,-61,-110,105,174,-129,-90,
 450,-59,-110,95,158,-136,-90,
 451,-60,-114,101,188,-137,-88,
 452,-60,-110,101,178,-126,-86,
 453,-62,-114,101,151,-138,-88,
 454,-65,-115,105,173,-136,-90,
 455,-62,-113,102,176,-134,-90,
 456,-67,-114,103,156,-124,-91,
 457,-66,-117,95,186,-119,-88,
 458,-67,-119,98,184,-133,-81,
 459,-63,-116,105,161,-137,-68,
 460,-61,-113,101,162,-124,-50,
 461,-63,-113,99,176,-135,-27,
 462,-62,-113,99,164,-133,-4,
 463,-63,-109,112,158,-141,24,
 464,-62,-110,102,179,-137,46,
 465,-63,-118,98,173,-123,65,
 466,-66,-115,108,155,-117,67,
 467,-65,-118,100,174,-119,83,
 468,-66,-119,108,171,-132,89,
 469,-67,-117,111,156,-139,88,
 470,-58,-119,99,174,-125,89,
 471,-60,-111,107,167,-132,84,
 472,-61,-123,96,174,-133,80,
 473,-62,-121,94,185,-125,83,
 474,-64,-125,96,161,-129,80,
 475,-64,-114,96,166,-144,82,
 476,-64,-115,96,186,-146,78,
 477,-67,-118,99,174,-131,84,
 478,-69,-120,98,168,-120,87,
 479,-63,-121,96,191,-143,86,
 480,-64,-117,99,169,-143,83,
 481,-64,-113,98,171,-132,85,
 482,-67,-121,99,195,-127,86,
 483,-64,-118,100,164,-132,89,
 484,-66,-120,96,176,-132,86,
 485,-71,-126,100,187,-135,86,
 486,-65,-121,97,158,-123,89,
 487,-65,-120,95,189,-142,90,
 488,-68,-123,96,189,-134,85,
 489,-69,-120,93,154,-125,90,
 490,-67,-121,91,186,-119,89,
 491,-64,-120,97,170,-133,93,
 492,-62,-118,94,168,-147,96,
 493,-63,-117,103,175,-123,98,
 494,-68,-132,97,165,-118,96,
 495,-64,-128,96,180,-138,97,
 496,-64,-123,97,181,-141,102,
 497,-67,-130,93,162,-131,100,
 498,-65,-133,99,188,-123,97,
 499,-69,-124,95,161,-145,101,
 500,-63,-126,91,172,-149,101,
 501,-61,-124,101,194,-129,108,
 502,-66,-127,97,177,-128,107,
 503,-61,-124,99,196,-139,108,
 504,-67,-122,104,190,-126,101,
 505,-71,-124,100,178,-143,106,
 506,-66,-124,106,206,-141,105,
 507,-64,-123,101,188,-133,103,
 508,-69,-117,104,198,-126,107,
 509,-68,-131,98,206,-145,110,
 510,-66,-122,96,162,-131,112,
 511,-63,-128,95,202,-123,105,
 512,-66,-123,100,174,-123,106,
 513,-65,-121,97,185,-147,107,
 514,-61,-118,97,200,-139,107,
 515,-64,-121,101,171,-126,107,
 516,-70,-126,95,187,-132,101,
 517,-68,-122,101,180,-133,102,
 518,-67,-117,100,189,-131,103,
 519,-65,-126,97,180,-150,105,
 520,-69,-121,95,167,-139,104,
 521,-70,-130,102,190,-138,106,
 522,-66,-131,101,167,-139,110,
 523,-65,-123,100,186,-153,110,
 524,-70,-120,103,182,-131,111,
 525,-67,-126,100,181,-140,105,
 526,-63,-128,99,188,-156,106,
 527,-65,-124,95,176,-130,105,
 528,-61,-130,96,187,-125,101,
 529,-59,-124,97,176,-150,108,
 530,-63,-128,97,208,-122,107,
 531,-63,-129,91,207,-134,105,
 532,-67,-131,98,173,-144,104,
 533,-63,-134,94,223,-129,111,
 534,-65,-131,103,181,-135,106,
 535,-64,-126,95,198,-143,103,
 536,-70,-126,101,188,-133,103,
 537,-69,-128,98,200,-115,110,
 538,-71,-122,94,199,-133,106,
 539,-68,-123,95,181,-146,112,
 540,-65,-124,93,196,-119,108,
 541,-68,-123,101,165,-135,100,
 542,-69,-135,101,190,-136,106,
 543,-63,-137,93,168,-149,103,
 544,-67,-132,94,195,-144,100,
 545,-72,-136,96,189,-135,102,
 546,-71,-133,94,185,-152,107,
 547,-70,-129,100,192,-147,106,
 548,-73,-127,89,168,-132,112,
 549,-70,-131,97,179,-117,106,
 550,-66,-120,98,183,-155,107,
 551,-70,-129,97,217,-144,101,
 552,-69,-133,100,177,-137,105,
 553,-66,-134,99,207,-149,105,
 554,-66,-133,97,210,-119,108,
 555,-69,-126,96,186,-156,106,
 556,-67,-134,91,208,-135,107,
 557,-68,-126,95,176,-121,107,
 558,-69,-128,95,212,-140,111,
 559,-70,-133,97,173,-137,111,
 560,-65,-132,93,199,-129,112,
 561,-68,-130,97,178,-120,104,
 562,-67,-132,90,208,-154,104,
 563,-66,-130,90,182,-127,104,
 564,-71,-130,90,208,-144,115,
 565,-74,-135,94,199,-128,109,
 566,-73,-126,94,178,-122,110,
 567,-70,-136,94,199,-147,109,
 568,-72,-128,91,185,-126,114,
 569,-69,-131,95,196,-142,110,
 570,-68,-136,93,190,-141,108,
 571,-72,-134,99,191,-133,110,
 572,-74,-126,100,179,-113,116,
 573,-72,-133,99,202,-148,111,
 574,-73,-127,95,181,-127,119,
 575,-69,-129,93,218,-126,123,
 576,-66,-137,94,185,-144,109,
 577,-68,-137,100,222,-126,114,
 578,-71,-139,94,192,-156,117,
 579,-67,-128,102,209,-129,121,
 580,-70,-141,100,188,-136,118,
 581,-65,-140,104,198,-138,119,
 582,-65,-133,101,183,-143,123,
 583,-66,-140,96,202,-120,121,
 584,-71,-137,98,200,-149,116,
 585,-67,-133,104,193,-125,114,
 586,-70,-132,100,199,-147,115,
 587,-69,-134,101,194,-133,116,
 588,-72,-138,103,204,-119,120,
 589,-67,-140,105,178,-150,121,
 590,-72,-131,98,201,-122,127,
 591,-71,-128,103,184,-130,128,
 592,-68,-129,106,194,-136,130,
 593,-70,-138,98,178,-128,124,
 594,-66,-140,99,200,-118,130,
 595,-66,-144,99,200,-148,128,
 596,-72,-138,100,211,-111,123,
 597,-72,-132,94,183,-139,127,
 598,-68,-139,101,213,-125,136,
 599,-75,-140,99,193,-134,137,
 600,-70,-138,96,221,-143,131,
 601,-74,-142,98,187,-133,128,
 602,-64,-137,100,207,-147,124,
 603,-68,-138,97,184,-137,128,
 604,-67,-137,92,211,-116,123,
 605,-67,-139,100,183,-136,121,
 606,-68,-137,92,203,-138,116,
 607,-65,-131,102,184,-115,117,
 608,-70,-139,100,200,-142,122,
 609,-72,-142,96,183,-118,122,
 610,-64,-143,103,203,-131,125,
 611,-72,-139,102,186,-124,126,
 612,-66,-129,104,197,-122,125,
 613,-64,-130,99,184,-134,121,
 614,-69,-136,104,217,-124,129,
 615,-73,-139,96,184,-114,126,
 616,-74,-143,101,222,-145,125,
 617,-69,-145,97,190,-114,134,
 618,-72,-139,97,225,-129,124,
 619,-69,-141,95,181,-123,122,
 620,-67,-139,97,218,-123,130,
 621,-72,-135,96,190,-126,117,
 622,-68,-136,105,211,-114,126,
 623,-68,-133,105,179,-134,125,
 624,-72,-140,101,205,-130,127,
 625,-67,-144,101,189,-125,125,
 626,-66,-130,103,201,-123,120,
 627,-65,-143,107,178,-139,120,
 628,-70,-140,103,211,-114,123,
 629,-69,-139,101,188,-137,119,
 630,-66,-135,103,206,-130,122,
 631,-68,-140,103,195,-143,119,
 632,-67,-138,101,200,-129,121,
 633,-62,-147,101,183,-105,116,
 634,-70,-136,100,210,-134,120,
 635,-67,-141,97,197,-140,124,
 636,-63,-147,97,227,-112,120,
 637,-65,-140,98,184,-127,115,
 638,-69,-145,101,218,-122,119,
 639,-64,-149,104,196,-127,123,
 640,-67,-141,98,215,-133,119,
 641,-71,-150,108,198,-111,120,
 642,-70,-145,99,193,-137,118,
 643,-71,-138,104,198,-118,122,
 644,-71,-142,104,191,-118,120,
 645,-67,-144,100,199,-112,120,
 646,-70,-148,101,192,-133,127,
 647,-70,-151,98,203,-112,123,
 648,-71,-150,103,199,-125,125,
 649,-66,-152,102,212,-110,117,
 650,-72,-151,105,180,-142,125,
 651,-69,-147,103,199,-115,129,
 652,-63,-148,93,176,-120,127,
 653,-69,-147,101,196,-134,136,
 654,-69,-142,93,181,-114,130,
 655,-67,-152,96,210,-123,129,
 656,-65,-147,103,193,-129,131,
 657,-67,-147,94,211,-112,124,
 658,-67,-147,105,181,-108,130,
 659,-62,-151,101,221,-147,132,
 660,-69,-154,101,183,-110,125,
 661,-72,-146,103,216,-116,130,
 662,-71,-150,99,179,-114,120,
 663,-65,-157,97,192,-116,122,
 664,-70,-147,99,181,-123,131,
 665,-67,-146,98,200,-105,119,
 666,-68,-143,97,178,-109,136,
 667,-65,-149,100,201,-123,126,
 668,-71,-146,100,182,-123,127,
 669,-72,-155,100,192,-103,136,
 670,-66,-146,105,188,-134,133,
 671,-74,-150,102,192,-112,123,
 672,-71,-149,98,185,-115,124,
 673,-65,-149,106,202,-116,130,
 674,-67,-138,105,196,-110,119,
 675,-70,-147,106,213,-132,127,
 676,-69,-155,102,196,-111,128,
 677,-70,-154,102,212,-117,125,
 678,-70,-149,98,209,-122,120,
 679,-68,-147,99,214,-121,116,
 680,-62,-144,105,201,-90,121,
 681,-62,-156,99,197,-109,125,
 682,-62,-152,99,200,-122,119,
 683,-64,-154,108,194,-111,119,
 684,-69,-152,101,192,-133,123,
 685,-63,-152,105,184,-120,121,
 686,-59,-142,109,198,-113,119,
 687,-67,-147,108,186,-112,122,
 688,-63,-149,105,197,-96,118,
 689,-63,-158,105,177,-120,125,
 690,-64,-157,103,196,-120,117,
 691,-70,-143,100,183,-103,124,
 692,-66,-148,104,210,-98,129,
 693,-67,-145,100,189,-126,125,
 694,-64,-151,105,215,-109,129,
 695,-73,-155,100,172,-100,130,
 696,-66,-152,103,224,-117,120,
 697,-70,-155,109,193,-93,128,
 698,-67,-152,98,218,-117,131,
 699,-68,-153,106,176,-112,120,
 700,-72,-149,110,202,-102,121,
 701,-67,-153,107,179,-107,120,
 702,-66,-149,111,195,-118,118,
 703,-66,-152,105,173,-126,125,
 704,-70,-152,108,198,-77,120,
 705,-65,-159,104,182,-106,118,
 706,-71,-150,109,188,-131,123,
 707,-68,-160,113,184,-111,115,
 708,-69,-152,104,183,-99,120,
 709,-67,-146,110,175,-102,121,
 710,-65,-156,112,186,-112,118,
 711,-63,-160,109,174,-114,120,
 712,-66,-163,111,204,-93,120,
 713,-65,-152,113,178,-104,117,
 714,-66,-151,107,211,-105,121,
 715,-68,-147,106,163,-105,128,
 716,-64,-157,116,214,-98,128,
 717,-68,-165,106,177,-99,118,
 718,-68,-160,116,200,-119,122,
 719,-69,-151,113,178,-95,119,
 720,-70,-148,115,205,-93,135,
 721,-64,-157,116,170,-113,133,
 722,-67,-148,109,200,-103,122,
 723,-70,-159,118,162,-89,123,
 724,-67,-150,111,189,-111,126,
 725,-71,-151,107,159,-95,118,
 726,-67,-153,118,198,-97,122,
 727,-69,-158,116,183,-104,120,
 728,-69,-157,118,192,-109,121,
 729,-67,-158,112,164,-102,115,
 730,-69,-148,113,186,-96,118,
 731,-73,-161,121,170,-99,119,
 732,-64,-155,118,192,-116,119,
 733,-67,-159,117,170,-97,128,
 734,-66,-150,122,197,-89,124,
 735,-69,-151,115,169,-101,131,
 736,-68,-157,126,201,-115,122,
 737,-64,-161,122,175,-81,125,
 738,-64,-153,122,204,-99,125,
 739,-65,-152,120,169,-99,123,
 740,-66,-150,118,194,-88,127,
 741,-69,-145,121,169,-83,117,
 742,-70,-163,119,189,-95,120,
 743,-69,-155,120,181,-96,127,
 744,-66,-145,115,178,-94,116,
 745,-63,-144,117,179,-75,118,
 746,-62,-154,113,182,-71,113,
 747,-70,-159,116,168,-96,117,
 748,-64,-161,115,177,-109,116,
 749,-69,-162,113,186,-86,118,
 750,-69,-146,119,175,-91,113,
 751,-67,-152,121,188,-110,118,
 752,-62,-154,125,177,-95,107,
 753,-64,-151,128,186,-84,117,
 754,-64,-151,114,166,-100,109,
 755,-71,-160,125,195,-105,119,
 756,-70,-159,123,177,-86,117,
 757,-68,-156,121,197,-98,111,
 758,-64,-147,116,164,-100,113,
 759,-66,-159,124,206,-99,111,
 760,-65,-153,122,169,-98,111,
 761,-65,-159,132,195,-90,123,
 762,-64,-157,123,173,-81,119,
 763,-65,-159,133,179,-98,121,
 764,-67,-165,129,182,-95,122,
 765,-68,-158,126,172,-92,109,
 766,-66,-157,123,170,-83,107,
 767,-66,-154,128,169,-84,114,
 768,-68,-156,121,180,-92,116,
 769,-60,-148,127,161,-87,118,
 770,-62,-150,124,178,-90,117,
 771,-63,-150,119,162,-65,113,
 772,-63,-173,120,180,-71,110,
 773,-62,-160,120,163,-87,108,
 774,-64,-155,124,182,-86,115,
 775,-67,-159,132,169,-79,115,
 776,-70,-165,127,184,-76,112,
 777,-64,-161,130,190,-81,113,
 778,-66,-155,124,161,-84,114,
 779,-66,-161,122,197,-89,121,
 780,-68,-170,117,155,-86,118,
 781,-68,-156,127,188,-72,117,
 782,-69,-154,123,158,-66,116,
 783,-65,-160,124,171,-76,122,
 784,-68,-169,119,173,-76,128,
 785,-64,-156,132,164,-74,117,
 786,-63,-157,123,164,-79,119,
 787,-64,-159,133,154,-78,118,
 788,-66,-154,135,170,-75,118,
 789,-64,-171,130,148,-76,120,
 790,-70,-165,130,164,-60,121,
 791,-62,-154,123,164,-70,116,
 792,-61,-159,122,164,-79,120,
 793,-61,-162,124,177,-88,120,
 794,-62,-154,136,156,-86,118,
 795,-59,-157,128,177,-82,120,
 796,-61,-162,132,142,-76,117,
 797,-60,-154,137,174,-71,115,
 798,-58,-166,132,170,-67,118,
 799,-65,-156,130,168,-75,109,
 800,-61,-170,131,192,-81,111,
 801,-61,-154,136,153,-77,104,
 802,-62,-164,129,179,-70,107,
 803,-62,-173,129,168,-69,112,
 804,-62,-163,140,158,-76,103,
 805,-63,-150,129,182,-72,102,
 806,-61,-168,137,160,-70,110,
 807,-58,-160,143,182,-75,101,
 808,-63,-164,135,149,-66,103,
 809,-62,-168,136,165,-67,109,
 810,-63,-160,128,166,-70,107,
 811,-64,-160,124,155,-70,113,
 812,-66,-149,130,175,-63,115,
 813,-61,-163,141,152,-66,113,
 814,-63,-163,137,156,-66,105,
 815,-60,-155,142,151,-55,101,
 816,-61,-159,138,153,-63,106,
 817,-63,-167,134,167,-53,102,
 818,-66,-169,136,137,-67,109,
 819,-65,-163,135,169,-59,102,
 820,-65,-167,138,154,-59,101,
 821,-66,-174,137,152,-72,102,
 822,-60,-171,137,167,-59,107,
 823,-62,-161,140,150,-64,99,
 824,-64,-172,134,171,-59,94,
 825,-57,-169,141,181,-56,99,
 826,-56,-163,143,148,-63,102,
 827,-58,-172,145,177,-66,100,
 828,-60,-163,146,165,-52,102,
 829,-57,-170,136,159,-62,107,
 830,-60,-179,139,180,-50,100,
 831,-65,-169,141,150,-51,101,
 832,-67,-171,136,168,-42,95,
 833,-63,-164,145,151,-51,96,
 834,-63,-169,142,138,-49,94,
 835,-62,-164,144,159,-42,92,
 836,-66,-169,144,140,-37,93,
 837,-69,-178,137,151,-43,99,
 838,-64,-169,146,160,-47,93,
 839,-60,-163,147,139,-48,103,
 840,-59,-175,144,161,-43,92,
 841,-58,-169,152,145,-34,95,
 842,-64,-169,154,147,-36,94,
 843,-64,-167,153,164,-42,95,
 844,-64,-162,154,140,-44,96,
 845,-67,-157,152,143,-41,96,
 846,-66,-174,144,151,-14,101,
 847,-66,-166,137,144,30,101,
 848,-66,-166,146,151,48,103,
 849,-60,-166,156,158,62,98,
 850,-59,-175,153,144,73,96,
 851,-59,-161,146,167,69,98,
 852,-60,-164,145,166,62,98,
 853,-56,-172,149,138,54,100,
 854,-61,-163,150,169,69,93,
 855,-63,-167,154,156,74,103,
 856,-58,-179,160,137,74,99,
 857,-54,-167,157,174,75,99,
 858,-59,-176,149,144,79,100,
 859,-55,-159,150,139,80,95,
 860,-58,-169,139,169,76,95,
 861,-58,-175,153,160,79,93,
 862,-64,-162,147,141,69,93,
 863,-62,-172,157,147,86,96,
 864,-62,-170,148,146,89,92,
 865,-60,-164,154,134,82,93,
 866,-58,-161,154,155,85,98,
 867,-63,-172,151,138,83,97,
 868,-64,-171,147,137,90,97,
 869,-66,-170,162,156,86,95,
 870,-57,-172,163,143,88,91,
 871,-58,-166,166,139,83,102,
 872,-60,-164,164,155,88,97,
 873,-63,-168,151,139,83,97,
 874,-66,-173,148,133,87,95,
 875,-64,-173,150,151,83,100,
 876,-61,-177,159,160,94,98,
 877,-57,-177,154,135,92,93,
 878,-65,-169,155,148,99,100,
 879,-65,-179,161,140,84,96,
 880,-61,-182,156,144,98,98,
 881,-56,-172,150,152,92,100,
 882,-61,-180,160,162,94,104,
 883,-55,-174,166,130,96,99,
 884,-57,-159,166,151,102,99,
 885,-64,-176,155,173,91,97,
 886,-56,-183,155,144,97,96,
 887,-56,-168,158,138,96,97,
 888,-56,-177,162,161,92,101,
 889,-59,-177,160,142,98,106,
 890,-60,-167,157,126,97,101,
 891,-57,-180,161,154,93,102,
 892,-52,-179,158,149,99,101,
 893,-53,-184,165,130,102,102,
 894,-57,-173,165,152,91,105,
 895,-57,-173,153,141,87,97,
 896,-61,-175,162,121,89,98,
 897,-57,-176,154,140,90,106,
 898,-59,-159,163,146,104,104,
 899,-57,-180,162,127,103,103,
 900,-61,-177,168,127,104,101,
 901,-61,-157,165,147,101,100,
 902,-56,-184,172,131,102,98,
 903,-57,-185,164,122,101,100,
 904,-63,-167,164,141,108,101,
 905,-61,-180,157,139,110,99,
 906,-58,-181,169,117,98,103,
 907,-60,-171,168,122,95,105,
 908,-63,-188,159,143,106,104,
 909,-60,-165,161,135,104,105,
 910,-54,-171,165,130,114,103,
 911,-57,-168,173,145,109,104,
 912,-61,-172,176,154,106,112,
 913,-59,-173,162,135,103,111,
 914,-58,-180,171,121,109,113,
 915,-63,-174,173,137,114,109,
 916,-58,-166,166,145,102,107,
 917,-59,-179,173,134,98,104,
 918,-59,-170,176,135,112,103,
 919,-60,-181,172,151,110,105,
 920,-54,-171,180,155,112,105,
 921,-55,-174,163,138,109,104,
 922,-59,-176,172,129,112,104,
 923,-56,-170,167,163,109,107,
 924,-51,-183,171,138,101,106,
 925,-58,-186,172,113,96,104,
 926,-59,-176,169,126,108,108,
 927,-56,-174,163,144,112,102,
 928,-54,-182,175,134,104,102,
 929,-60,-165,163,120,100,107,
 930,-56,-181,175,126,97,107,
 931,-52,-172,178,137,103,97,
 932,-61,-176,167,133,108,96,
 933,-57,-182,163,114,104,95,
 934,-56,-179,174,134,102,97,
 935,-61,-191,177,133,102,104,
 936,-62,-171,177,116,105,103,
 937,-56,-165,168,119,108,99,
 938,-58,-178,168,133,94,96,
 939,-60,-184,173,139,104,90,
 940,-56,-171,171,126,116,92,
 941,-56,-186,177,128,114,101,
 942,-61,-177,166,136,116,95,
 943,-63,-171,174,123,110,94,
 944,-55,-182,169,113,107,97,
 945,-55,-178,170,120,113,95,
 946,-59,-185,174,125,117,99,
 947,-56,-186,168,129,104,94,
 948,-61,-171,169,128,112,94,
 949,-62,-179,174,109,109,95,
 950,-55,-164,175,125,109,95,
 951,-62,-176,179,140,111,98,
 952,-57,-175,176,141,119,98,
 953,-61,-176,171,128,113,96,
 954,-63,-188,172,125,110,93,
 955,-57,-180,168,141,110,96,
 956,-60,-162,185,147,102,95,
 957,-59,-183,177,140,120,98,
 958,-58,-183,172,125,113,97,
 959,-52,-170,175,132,107,98,
 960,-57,-189,170,143,110,97,
 961,-60,-171,173,133,99,98,
 962,-53,-179,178,113,91,95,
 963,-54,-178,176,134,116,103,
 964,-55,-180,166,147,108,101,
 965,-56,-184,181,134,113,104,
 966,-61,-175,177,118,113,98,
 967,-54,-172,182,125,110,100,
 968,-60,-172,184,134,115,99,
 969,-56,-189,180,135,115,102,
 970,-59,-170,173,115,114,92,
 971,-60,-188,172,113,115,94,
 972,-55,-185,179,119,110,89,
 973,-61,-167,180,136,122,89,
 974,-58,-182,171,122,118,93,
 975,-61,-190,183,120,104,97,
 976,-62,-178,176,107,111,95,
 977,-55,-177,170,126,103,90,
 978,-59,-164,174,122,112,95,
 979,-56,-172,174,119,112,94,
 980,-60,-181,177,124,107,93,
 981,-61,-166,186,107,109,90,
 982,-56,-176,180,126,111,96,
 983,-61,-185,171,127,126,95,
 984,-58,-173,177,121,108,92,
 985,-62,-172,181,110,112,92,
 986,-59,-184,174,111,113,92,
 987,-59,-173,182,127,102,97,
 988,-56,-175,176,127,120,91,
 989,-62,-182,180,123,114,94,
 990,-56,-176,185,107,124,91,
 991,-56,-194,182,118,110,89,
 992,-59,-180,177,113,114,87,
 993,-55,-177,182,119,126,93,
 994,-56,-186,184,119,105,93,
 995,-56,-169,175,107,110,92,
 996,-55,-166,183,117,113,89,
 997,-58,-185,175,126,121,94,
 998,-55,-176,187,123,99,99,
 999,-61,-186,185,125,100,94,
 1000,-52,-191,194,114,115,92,
 1001,-60,-181,187,119,102,95,
 1002,-55,-173,181,137,117,95,
 1003,-55,-192,192,142,107,94,
 1004,-60,-181,178,135,101,94,
 1005,-54,-183,185,118,101,95,
 1006,-56,-190,185,114,118,98,
 1007,-54,-172,183,128,118,96,
 1008,-58,-175,185,143,130,99,
 1009,-49,-174,188,141,103,93,
 1010,-58,-165,190,118,100,91,
 1011,-56,-175,190,112,114,94,
 1012,-59,-177,187,128,117,93,
 1013,-58,-174,186,144,124,88,
 1014,-61,-167,192,143,105,94,
 1015,-61,-180,194,111,106,93,
 1016,-55,-176,194,109,108,93,
 1017,-61,-187,183,115,116,94,
 1018,-57,-182,181,126,118,102,
 1019,-61,-184,196,128,129,100,
 1020,-55,-191,176,112,94,102,
 1021,-54,-186,178,112,114,96,
 1022,-61,-170,178,117,109,99,
 1023,-55,-170,185,125,109,102,
 1024,-55,-187,186,119,102,101,
 1025,-53,-169,190,114,122,98,
 1026,-63,-181,187,107,115,95,
 1027,-55,-176,178,118,106,100,
 1028,-60,-175,191,127,98,99,
 1029,-56,-166,190,124,124,102,
 1030,-61,-186,192,109,105,103,
 1031,-54,-176,189,103,113,98,
 1032,-58,-172,190,106,98,101,
 1033,-57,-189,190,124,109,105,
 1034,-53,-180,186,123,102,104,
 1035,-61,-187,187,112,113,108,
 1036,-49,-186,193,110,117,104,
 1037,-55,-183,192,109,110,103,
 1038,-58,-177,187,106,102,106,
 1039,-60,-191,180,123,104,114,
 1040,-51,-186,190,118,114,114,
 1041,-57,-177,190,123,112,110,
 1042,-56,-182,181,119,109,107,
 1043,-61,-176,186,99,98,114,
 1044,-50,-158,184,118,105,108,
 1045,-58,-175,185,113,112,108,
 1046,-61,-178,186,121,121,113,
 1047,-58,-178,183,111,106,118,
 1048,-58,-171,185,118,118,118,
 1049,-56,-192,189,108,88,113,
 1050,-59,-177,201,125,101,109,
 1051,-61,-177,195,118,92,116,
 1052,-54,-174,192,126,97,119,
 1053,-56,-178,192,115,102,112,
 1054,-61,-174,193,113,121,113,
 1055,-58,-183,196,124,101,110,
 1056,-57,-187,196,133,119,119,
 1057,-54,-179,191,137,114,116,
 1058,-61,-181,203,120,97,114,
 1059,-55,-191,192,117,100,110,
 1060,-58,-174,194,118,101,119,
 1061,-58,-171,193,131,127,111,
 1062,-59,-176,199,142,105,111,
 1063,-52,-180,185,143,104,114,
 1064,-52,-180,180,118,95,108,
 1065,-56,-182,190,117,114,115,
 1066,-61,-180,196,120,100,120,
 1067,-57,-184,195,133,105,108,
 1068,-55,-172,186,137,91,114,
 1069,-53,-191,193,125,94,109,
 1070,-58,-190,195,117,102,108,
 1071,-53,-185,197,123,108,115,
 1072,-57,-192,197,131,128,114,
 1073,-51,-172,192,125,100,113,
 1074,-56,-180,185,122,98,113,
 1075,-52,-172,184,125,94,111,
 1076,-54,-192,202,109,117,116,
 1077,-58,-183,193,114,90,104,
 1078,-57,-165,192,128,100,114,
 1079,-57,-178,183,128,99,110,
 1080,-51,-187,189,127,101,119,
 1081,-57,-184,190,121,118,112,
 1082,-50,-172,194,117,113,112,
 1083,-55,-180,186,125,115,109,
 1084,-57,-185,189,123,98,112,
 1085,-54,-171,194,127,119,109,
 1086,-52,-173,189,126,112,117,
 1087,-57,-185,189,109,100,114,
 1088,-54,-187,180,112,98,109,
 1089,-50,-184,192,127,87,112,
 1090,-57,-174,190,133,104,110,
 1091,-56,-182,193,127,106,109,
 1092,-59,-166,190,113,112,108,
 1093,-51,-177,193,119,94,104,
 1094,-57,-180,190,113,109,106,
 1095,-61,-182,196,118,91,103,
 1096,-60,-170,187,126,92,101,
 1097,-54,-173,197,125,95,108,
 1098,-56,-175,189,104,96,102,
 1099,-60,-178,179,129,104,103,
 1100,-52,-183,192,129,104,110,
 1101,-57,-177,191,129,117,103,
 1102,-51,-177,197,116,95,101,
 1103,-52,-181,189,110,92,109,
 1104,-57,-174,186,121,96,105,
 1105,-56,-172,197,110,106,104,
 1106,-58,-181,185,128,119,101,
 1107,-51,-180,190,131,95,102,
 1108,-61,-177,195,124,106,111,
 1109,-59,-171,192,121,98,104,
 1110,-58,-181,193,123,107,103,
 1111,-56,-176,196,122,115,109,
 1112,-53,-175,200,140,98,104,
 1113,-58,-173,195,144,97,110,
 1114,-49,-178,201,146,80,117,
 1115,-54,-186,197,131,114,110,
 1116,-52,-178,200,114,97,112,
 1117,-54,-173,197,125,109,107,
 1118,-50,-172,199,146,101,109,
 1119,-54,-168,192,145,93,106,
 1120,-57,-190,189,125,108,109,
 1121,-50,-183,187,128,88,107,
 1122,-55,-175,200,113,91,110,
 1123,-52,-172,197,136,85,109,
 1124,-54,-174,195,143,96,111,
 1125,-56,-167,185,133,114,114,
 1126,-53,-176,188,127,107,111,
 1127,-58,-174,184,114,120,111,
 1128,-55,-182,194,135,101,115,
 1129,-53,-180,198,135,98,114,
 1130,-57,-174,195,133,99,111,
 1131,-50,-171,192,118,118,114,
 1132,-55,-177,196,117,93,115,
 1133,-60,-178,198,114,90,118,
 1134,-52,-188,203,133,98,114,
 1135,-57,-176,194,128,104,113,
 1136,-54,-166,194,123,115,111,
 1137,-59,-170,200,117,86,108,
 1138,-56,-186,197,119,101,109,
 1139,-56,-180,195,117,86,115,
 1140,-56,-173,196,130,86,116,
 1141,-54,-164,198,128,92,114,
 1142,-59,-166,193,117,86,113,
 1143,-60,-169,187,124,106,120,
 1144,-54,-177,193,117,108,127,
 1145,-58,-167,202,128,97,124,
 1146,-58,-172,187,122,75,123,
 1147,-53,-174,191,126,96,129,
 1148,-51,-187,197,122,103,127,
 1149,-56,-185,203,112,97,129,
 1150,-51,-183,189,124,94,123,
 1151,-60,-181,199,129,95,120,
 1152,-54,-172,189,136,112,118,
 1153,-56,-173,204,124,95,128,
 1154,-57,-169,204,111,100,131,
 1155,-54,-181,187,119,95,119,
 1156,-57,-173,205,127,100,113,
 1157,-49,-165,189,137,92,119,
 1158,-54,-173,195,119,84,120,
 1159,-60,-174,199,120,100,119,
 1160,-52,-179,192,118,89,122,
 1161,-51,-174,191,122,98,129,
 1162,-56,-174,184,124,99,116,
 1163,-48,-175,194,133,91,126,
 1164,-53,-186,194,132,89,121,
 1165,-55,-186,196,124,89,124,
 1166,-48,-173,194,124,102,127,
 1167,-54,-166,202,133,77,123,
 1168,-59,-167,197,147,97,123,
 1169,-52,-170,205,151,84,121,
 1170,-53,-171,196,139,111,127,
 1171,-55,-182,196,131,93,119,
 1172,-50,-178,202,131,95,134,
 1173,-55,-175,198,134,92,131,
 1174,-56,-164,201,132,91,120,
 1175,-51,-175,192,134,87,122,
 1176,-54,-176,193,124,85,125,
 1177,-60,-175,200,126,93,123,
 1178,-54,-185,199,136,94,120,
 1179,-56,-174,198,148,113,132,
 1180,-58,-171,208,137,91,124,
 1181,-53,-178,200,119,94,118,
 1182,-58,-181,205,115,88,119,
 1183,-55,-176,201,121,86,117,
 1184,-56,-188,198,147,98,115,
 1185,-56,-187,186,142,86,123,
 1186,-57,-181,199,120,95,115,
 1187,-51,-182,190,118,90,115,
 1188,-57,-178,201,121,107,117,
 1189,-53,-182,199,126,90,122,
 1190,-49,-179,191,132,95,122,
 1191,-53,-181,193,128,77,124,
 1192,-59,-184,203,112,100,128,
 1193,-51,-179,202,122,96,125,
 1194,-54,-182,199,133,96,124,
 1195,-60,-183,199,131,82,119,
 1196,-56,-183,196,130,88,132,
 1197,-55,-182,200,130,87,135,
 1198,-59,-179,203,113,83,124,
 1199,-50,-188,197,128,84,123,
 1200,-56,-180,211,134,86,130,
 1201,-52,-177,195,130,97,121,
 1202,-47,-179,200,115,74,126,
 1203,-54,-173,207,119,86,138,
 1204,-57,-179,215,124,78,128,
 1205,-51,-186,201,135,90,136,
 1206,-49,-183,206,132,88,128,
 1207,-56,-171,201,112,100,131,
 1208,-49,-181,191,116,97,133,
 1209,-50,-180,187,123,82,131,
 1210,-55,-182,196,135,94,126,
 1211,-47,-176,198,127,73,127,
 1212,-47,-188,201,128,86,129,
 1213,-54,-176,200,118,77,131,
 1214,-57,-174,191,123,95,135,
 1215,-55,-181,199,137,97,139,
 1216,-50,-181,204,138,104,128,
 1217,-55,-174,199,125,91,128,
 1218,-57,-177,197,121,95,140,
 1219,-49,-172,202,117,87,131,
 1220,-50,-176,187,131,101,143,
 1221,-52,-174,198,142,86,130,
 1222,-55,-181,189,153,82,128,
 1223,-51,-185,203,134,81,132,
 1224,-56,-175,195,127,82,129,
 1225,-54,-180,206,140,86,126,
 1226,-51,-181,205,143,88,134,
 1227,-50,-172,190,145,84,125,
 1228,-57,-168,194,124,87,121,
 1229,-56,-169,193,126,80,124,
 1230,-52,-172,200,140,79,120,
 1231,-52,-172,195,149,85,135,
 1232,-54,-175,189,143,84,122,
 1233,-54,-181,196,125,92,127,
 1234,-54,-172,192,119,90,123,
 1235,-56,-176,204,122,99,123,
 1236,-57,-175,200,135,100,124,
 1237,-56,-183,196,132,82,124,
 1238,-52,-175,201,129,86,127,
 1239,-56,-181,186,132,92,118,
 1240,-60,-182,201,126,94,118,
 1241,-52,-180,200,136,86,119,
 1242,-59,-182,193,124,77,124,
 1243,-57,-179,204,127,84,124,
 1244,-55,-174,189,114,81,120,
 1245,-51,-172,200,134,90,116,
 1246,-54,-179,197,131,88,115,
 1247,-56,-168,193,126,84,118,
 1248,-56,-177,203,131,89,125,
 1249,-49,-180,203,109,84,116,
 1250,-49,-176,192,130,87,115,
 1251,-56,-174,204,132,85,121,
 1252,-57,-186,190,135,91,112,
 1253,-55,-184,199,124,79,120,
 1254,-51,-178,190,123,86,126,
 1255,-53,-178,201,124,78,115,
 1256,-55,-165,197,135,96,127,
 1257,-54,-175,196,140,77,121,
 1258,-48,-176,195,127,95,118,
 1259,-52,-178,196,119,71,125,
 1260,-53,-176,202,126,80,122,
 1261,-58,-176,205,129,69,121,
 1262,-52,-177,202,137,88,121,
 1263,-53,-183,202,123,79,130,
 1264,-50,-186,207,125,83,129,
 1265,-56,-188,194,132,86,129,
 1266,-58,-182,202,137,84,126,
 1267,-54,-180,198,135,92,132,
 1268,-52,-180,200,130,93,130,
 1269,-55,-174,202,133,90,123,
 1270,-55,-182,197,131,81,128,
 1271,-55,-177,190,143,86,135,
 1272,-51,-190,199,138,71,123,
 1273,-53,-185,205,147,78,126,
 1274,-53,-186,206,130,74,121,
 1275,-53,-184,205,122,85,119,
 1276,-51,-183,206,149,75,122,
 1277,-53,-194,204,147,83,127,
 1278,-54,-184,197,149,72,122,
 1279,-57,-178,204,139,92,128,
 1280,-53,-171,207,114,75,122,
 1281,-53,-188,206,141,84,130,
 1282,-51,-184,194,150,78,126,
 1283,-53,-179,189,142,77,132,
 1284,-57,-182,201,123,86,128,
 1285,-52,-183,204,124,80,121,
 1286,-52,-180,193,130,98,122,
 1287,-56,-188,198,144,81,132,
 1288,-53,-176,202,144,87,132,
 1289,-55,-182,204,135,69,123,
 1290,-56,-182,205,116,87,117,
 1291,-59,-188,205,139,92,126,
 1292,-54,-183,198,128,80,119,
 1293,-51,-181,195,133,89,120,
 1294,-52,-183,192,128,64,118,
 1295,-55,-179,204,122,87,117,
 1296,-58,-190,208,128,77,119,
 1297,-53,-189,205,126,74,122,
 1298,-50,-188,200,123,81,110,
 1299,-48,-191,195,120,81,123,
 1300,-52,-189,206,115,92,119,
 1301,-54,-194,208,123,76,117,
 1302,-49,-189,199,132,82,116,
 1303,-52,-194,197,124,70,112,
 1304,-50,-191,190,123,79,118,
 1305,-50,-194,198,123,85,112,
 1306,-49,-197,198,124,74,118,
 1307,-54,-187,193,127,90,115,
 1308,-55,-190,197,134,78,111,
 1309,-52,-195,195,131,86,119,
 1310,-52,-193,200,117,87,111,
 1311,-49,-190,199,116,81,115,
 1312,-52,-195,205,132,87,125,
 1313,-55,-189,197,133,76,118,
 1314,-51,-192,194,130,84,116,
 1315,-57,-192,200,121,64,123,
 1316,-51,-193,200,119,70,115,
 1317,-52,-187,188,139,85,112,
 1318,-49,-196,205,137,73,121,
 1319,-49,-191,196,119,85,116,
 1320,-52,-189,195,125,79,112,
 1321,-53,-178,199,116,63,108,
 1322,-58,-184,207,133,81,116,
 1323,-55,-189,208,143,72,113,
 1324,-52,-183,201,155,79,108,
 1325,-50,-184,206,137,80,114,
 1326,-51,-178,208,123,78,117,
 1327,-57,-182,206,121,77,123,
 1328,-56,-187,208,134,76,117,
 1329,-58,-194,199,139,77,116,
 1330,-51,-192,208,139,65,120,
 1331,-52,-190,205,130,71,125,
 1332,-51,-193,195,125,83,128,
 1333,-54,-181,213,138,73,117,
 1334,-52,-186,206,144,78,122,
 1335,-55,-187,204,131,71,116,
 1336,-55,-185,207,119,71,116,
 1337,-53,-187,195,119,78,115,
 1338,-56,-191,204,129,72,114,
 1339,-51,-190,205,134,75,109,
 1340,-51,-184,207,137,75,113,
 1341,-49,-194,204,127,71,114,
 1342,-49,-187,204,120,82,117,
 1343,-54,-183,205,119,71,116,
 1344,-57,-180,209,130,68,117,
 1345,-58,-188,205,138,86,114,
 1346,-53,-184,203,130,74,122,
 1347,-52,-193,196,124,75,112,
 1348,-52,-199,210,108,88,118,
 1349,-52,-195,199,126,76,114,
 1350,-50,-179,197,136,77,110,
 1351,-49,-183,203,126,78,100,
 1352,-48,-189,199,119,67,103,
 1353,-52,-193,211,113,90,101,
 1354,-52,-195,208,124,80,106,
 1355,-53,-182,203,128,73,108,
 1356,-53,-192,212,128,65,112,
 1357,-50,-199,206,126,68,99,
 1358,-54,-197,212,125,82,101,
 1359,-48,-187,213,122,82,104,
 1360,-49,-201,214,130,79,110,
 1361,-47,-198,208,122,75,101,
 1362,-48,-197,196,130,75,106,
 1363,-52,-187,203,120,59,108,
 1364,-48,-186,211,123,77,106,
 1365,-55,-201,210,128,84,107,
 1366,-53,-202,211,127,83,106,
 1367,-54,-195,212,135,83,105,
 1368,-50,-194,212,123,66,101,
 1369,-52,-202,209,123,77,107,
 1370,-51,-206,195,121,83,97,
 1371,-50,-198,201,127,80,97,
 1372,-50,-187,194,130,68,96,
 1373,-48,-189,203,138,71,99,
 1374,-52,-195,206,133,71,99,
 1375,-52,-192,197,118,66,93,
 1376,-56,-191,207,120,82,97,
 1377,-55,-185,203,134,77,95,
 1378,-55,-195,202,140,77,92,
 1379,-51,-186,208,143,77,94,
 1380,-55,-196,198,136,69,95,
 1381,-54,-192,206,130,77,90,
 1382,-52,-197,206,119,78,92,
 1383,-50,-196,212,132,76,91,
 1384,-48,-185,205,145,73,96,
 1385,-50,-196,208,148,77,92,
 1386,-50,-191,198,135,77,88,
 1387,-49,-197,206,132,75,88,
 1388,-55,-198,207,122,88,84,
 1389,-54,-197,203,137,90,85,
 1390,-53,-193,201,144,72,81,
 1391,-54,-195,207,138,77,87,
 1392,-53,-193,207,120,80,86,
 1393,-57,-207,210,115,84,83,
 1394,-55,-192,198,124,80,87,
 1395,-54,-193,208,125,80,84,
 1396,-49,-203,208,138,64,86,
 1397,-50,-202,209,129,75,82,
 1398,-49,-197,210,115,76,84,
 1399,-50,-204,204,110,73,80,
 1400,-51,-201,212,120,68,79,
 1401,-52,-198,213,115,73,80,
 1402,-53,-189,214,129,76,82,
 1403,-53,-194,205,109,68,81,
 1404,-57,-194,215,128,74,78,
 1405,-54,-193,210,117,74,82,
 1406,-54,-207,205,119,65,79,
 1407,-51,-194,207,116,65,75,
 1408,-54,-200,212,126,70,77,
 1409,-49,-196,203,123,71,75,
 1410,-50,-202,206,121,62,84,
 1411,-49,-198,207,117,81,83,
 1412,-47,-204,205,121,66,79,
 1413,-51,-193,198,116,74,77,
 1414,-49,-204,206,122,64,75,
 1415,-48,-202,216,122,64,74,
 1416,-51,-201,209,124,61,78,
 1417,-54,-199,213,120,72,77,
 1418,-52,-198,210,113,78,73,
 1419,-53,-196,213,123,67,76,
 1420,-51,-208,201,130,82,79,
 1421,-52,-207,210,132,79,72,
 1422,-50,-206,215,120,66,71,
 1423,-52,-207,214,109,71,77,
 1424,-48,-209,209,110,80,75,
 1425,-47,-211,214,114,71,71,
 1426,-50,-201,216,125,75,74,
 1427,-54,-203,218,115,80,81,
 1428,-52,-196,210,117,74,77,
 1429,-52,-207,198,114,69,72,
 1430,-52,-207,198,112,78,74,
 1431,-52,-210,206,118,71,69,
 1432,-53,-205,198,131,64,70,
 1433,-50,-206,195,119,68,74,
 1434,-48,-210,207,120,78,74,
 1435,-50,-212,211,112,83,74,
 1436,-51,-209,211,125,77,70,
 1437,-53,-210,216,115,72,68,
 1438,-53,-216,200,130,75,71,
 1439,-53,-212,208,128,77,67,
 1440,-56,-206,213,130,73,67,
 1441,-54,-211,217,133,61,69,
 1442,-58,-213,203,120,68,65,
 1443,-56,-206,202,115,80,69,
 1444,-57,-212,210,113,76,67,
 1445,-52,-207,213,125,79,68,
 1446,-51,-214,220,127,80,65,
 1447,-53,-208,212,136,82,62,
 1448,-50,-213,209,141,73,66,
 1449,-51,-210,218,116,81,64,
 1450,-52,-211,208,118,76,62,
 1451,-49,-210,203,117,74,64,
 1452,-50,-214,205,124,76,66,
 1453,-54,-212,212,128,75,66,
 1454,-55,-214,213,130,83,65,
 1455,-54,-217,218,135,79,63,
 1456,-54,-202,217,116,77,62,
 1457,-55,-207,209,113,72,55,
 1458,-52,-215,216,110,74,43,
 1459,-53,-214,211,119,78,26,
 1460,-49,-214,211,125,75,6,
 1461,-49,-212,214,134,79,-17,
 1462,-48,-202,215,131,68,-42,
 1463,-52,-198,220,116,67,-51,
 1464,-56,-211,215,115,71,-51,
 1465,-55,-205,215,111,73,-69,
 1466,-55,-216,222,107,71,-75,
 1467,-52,-207,222,110,74,-81,
 1468,-50,-216,209,119,72,-75,
 1469,-48,-197,212,115,71,-75,
 1470,-49,-210,210,112,63,-71,
 1471,-52,-214,211,109,60,-74,
 1472,-53,-209,202,102,79,-79,
 1473,-54,-209,206,120,87,-76,
 1474,-53,-210,207,117,77,-81,
 1475,-54,-211,207,116,78,-80,
 1476,-51,-216,213,106,80,-75,
 1477,-52,-215,215,113,83,-77,
 1478,-50,-213,215,102,81,-81,
 1479,-50,-212,217,108,73,-77,
 1480,-54,-205,221,111,85,-80,
 1481,-56,-210,224,103,84,-81,
 1482,-58,-211,220,108,75,-82,
 1483,-53,-215,213,116,71,-81,
 1484,-54,-211,217,110,74,-82,
 1485,-50,-213,214,100,78,-81,
 1486,-51,-215,217,109,84,-85,
 1487,-52,-206,216,111,82,-86,
 1488,-53,-214,221,109,74,-88,
 1489,-57,-221,222,108,73,-89,
 1490,-55,-215,209,109,73,-88,
 1491,-57,-213,210,108,74,-87,
 1492,-51,-209,217,117,71,-93,
 1493,-50,-218,207,107,70,-95,
 1494,-52,-209,206,111,81,-91,
 1495,-54,-221,221,105,70,-89,
 1496,-58,-210,219,105,82,-89,
 1497,-53,-219,207,102,70,-94,
 1498,-53,-225,209,109,82,-94,
 1499,-53,-221,220,108,68,-89,
 1500,-55,-215,223,107,75,-93,
 1501,-60,-213,217,110,74,-95,
 1502,-56,-208,223,115,69,-91,
 1503,-59,-220,222,108,70,-92,
 1504,-51,-225,218,104,79,-92,
 1505,-51,-221,218,107,76,-90,
 1506,-58,-212,214,113,74,-93,
 1507,-57,-208,220,108,74,-97,
 1508,-53,-228,220,115,66,-97,
 1509,-52,-221,225,110,78,-94,
 1510,-53,-218,212,108,77,-91,
 1511,-61,-209,213,113,81,-91,
 1512,-54,-227,208,109,78,-93,
 1513,-49,-221,219,105,66,-93,
 1514,-50,-213,208,97,82,-95,
 1515,-56,-216,210,120,79,-94,
 1516,-57,-226,215,122,78,-94,
 1517,-53,-235,225,126,69,-99,
 1518,-51,-217,230,128,83,-98,
 1519,-53,-216,221,126,82,-96,
 1520,-53,-230,223,121,80,-101,
 1521,-59,-226,224,110,88,-101,
 1522,-49,-231,231,99,71,-100,
 1523,-50,-220,232,102,76,-100,
 1524,-56,-224,217,105,79,-100,
 1525,-53,-230,221,116,80,-101,
 1526,-52,-218,224,117,75,-100,
 1527,-54,-235,216,116,66,-100,
 1528,-57,-218,225,120,80,-108,
 1529,-55,-218,220,118,77,-109,
 1530,-51,-226,209,105,87,-106,
 1531,-58,-223,227,114,73,-106,
 1532,-51,-218,225,99,69,-113,
 1533,-49,-225,211,105,76,-110,
 1534,-56,-226,226,114,75,-106,
 1535,-56,-217,229,118,79,-111,
 1536,-53,-225,223,122,84,-106,
 1537,-56,-223,221,128,84,-108,
 1538,-55,-231,217,113,84,-115,
 1539,-53,-219,227,101,68,-114,
 1540,-58,-229,223,113,82,-116,
 1541,-61,-231,222,100,73,-114,
 1542,-53,-231,222,106,85,-124,
 1543,-58,-222,227,103,79,-118,
 1544,-59,-209,225,109,64,-120,
 1545,-52,-228,223,115,82,-118,
 1546,-56,-237,220,110,74,-120,
 1547,-57,-225,226,112,68,-124,
 1548,-52,-212,230,105,71,-116,
 1549,-54,-225,218,102,81,-121,
 1550,-57,-229,224,110,81,-122,
 1551,-53,-221,228,107,82,-126,
 1552,-59,-230,220,107,80,-133,
 1553,-56,-223,226,102,77,-131,
 1554,-57,-241,220,111,75,-130,
 1555,-59,-228,225,111,80,-128,
 1556,-53,-237,224,103,80,-122,
 1557,-58,-227,234,98,85,-127,
 1558,-52,-222,227,99,81,-125,
 1559,-56,-220,224,106,76,-128,
 1560,-52,-233,217,103,78,-124,
 1561,-53,-226,228,93,73,-131,
 1562,-54,-218,208,103,78,-123,
 1563,-55,-222,215,102,83,-122,
 1564,-56,-231,227,118,90,-124,
 1565,-53,-227,223,112,71,-113,
 1566,-57,-227,221,101,73,-116,
 1567,-51,-225,217,99,82,-114,
 1568,-57,-235,224,100,81,-125,
 1569,-54,-228,220,95,81,-118,
 1570,-59,-220,222,99,72,-122,
 1571,-54,-230,227,96,81,-122,
 1572,-60,-218,228,100,80,-125,
 1573,-52,-220,234,104,86,-117,
 1574,-59,-225,237,112,82,-119,
 1575,-52,-218,225,109,81,-128,
 1576,-55,-226,228,99,82,-122,
 1577,-53,-240,226,101,90,-126,
 1578,-61,-229,227,108,87,-123,
 1579,-55,-226,225,100,89,-119,
 1580,-58,-238,217,90,76,-121,
 1581,-60,-234,215,93,77,-120,
 1582,-57,-221,225,110,78,-120,
 1583,-57,-225,225,115,83,-117,
 1584,-60,-220,226,111,82,-124,
 1585,-63,-228,230,101,90,-120,
 1586,-56,-239,220,108,84,-119,
 1587,-53,-221,220,104,83,-117,
 1588,-55,-216,235,110,75,-124,
 1589,-64,-222,227,109,80,-116,
 1590,-61,-226,233,96,85,-116,
 1591,-57,-233,220,111,87,-116,
 1592,-61,-223,231,113,89,-119,
 1593,-57,-226,228,107,86,-109,
 1594,-65,-221,215,102,82,-114,
 1595,-55,-229,232,105,83,-119,
 1596,-56,-244,223,112,84,-117,
 1597,-60,-223,227,106,86,-122,
 1598,-57,-222,228,96,86,-112,
 1599,-58,-230,220,103,80,-110,
 1600,-63,-223,224,110,85,-109,
 1601,-55,-231,232,110,84,-107,
 1602,-57,-230,230,107,90,-105,
 1603,-61,-227,218,110,83,-110,
 1604,-59,-219,234,114,85,-109,
 1605,-56,-228,235,110,88,-110,
 1606,-63,-226,234,117,74,-115,
 1607,-64,-232,225,115,75,-118,
 1608,-62,-241,225,111,65,-108,
 1609,-53,-216,224,111,82,-109,
 1610,-63,-218,219,102,77,-111,
 1611,-59,-223,222,110,88,-114,
 1612,-58,-221,217,112,81,-120,
 1613,-56,-221,225,111,79,-111,
 1614,-58,-231,223,116,80,-117,
 1615,-61,-221,218,115,78,-119,
 1616,-55,-226,217,127,73,-119,
 1617,-60,-228,225,136,88,-115,
 1618,-63,-228,214,131,82,-115,
 1619,-62,-233,228,119,96,-115,
 1620,-62,-225,223,106,86,-113,
 1621,-59,-214,239,109,96,-120,
 1622,-64,-232,233,103,82,-111,
 1623,-58,-228,231,111,72,-116,
 1624,-66,-214,236,115,90,-115,
 1625,-66,-238,217,117,91,-113,
 1626,-64,-224,223,120,90,-113,
 1627,-61,-235,230,133,85,-118,
 1628,-62,-230,232,124,91,-123,
 1629,-56,-221,230,114,91,-114,
 1630,-62,-225,214,105,87,-120,
 1631,-58,-234,231,111,85,-115,
 1632,-58,-226,225,104,84,-113,
 1633,-57,-228,225,105,97,-114,
 1634,-63,-235,227,120,91,-118,
 1635,-62,-241,224,123,91,-112,
 1636,-59,-219,230,119,86,-111,
 1637,-63,-218,234,119,82,-116,
 1638,-57,-225,216,117,93,-120,
 1639,-61,-236,232,110,86,-116,
 1640,-64,-229,235,106,91,-116,
 1641,-59,-238,213,110,91,-118,
 1642,-60,-214,228,97,88,-120,
 1643,-64,-236,231,119,89,-121,
 1644,-60,-227,212,120,83,-114,
 1645,-60,-219,222,119,89,-118,
 1646,-60,-232,221,121,81,-124,
 1647,-64,-228,218,116,87,-126,
 1648,-60,-231,225,107,87,-124,
 1649,-59,-237,217,108,84,-120,
 1650,-65,-236,228,112,87,-117,
 1651,-59,-236,232,112,91,-115,
 1652,-68,-227,227,115,95,-120,
 1653,-66,-218,230,116,86,-120,
 1654,-66,-236,223,119,93,-129,
 1655,-64,-227,230,116,92,-120,
 1656,-65,-230,222,116,92,-123,
 1657,-65,-240,230,111,76,-117,
 1658,-66,-212,220,108,97,-116,
 1659,-61,-228,229,110,92,-115,
 1660,-64,-226,227,112,83,-113,
 1661,-61,-243,231,104,96,-116,
 1662,-60,-236,223,106,89,-122,
 1663,-65,-239,230,105,81,-117,
 1664,-66,-239,226,117,83,-113,
 1665,-59,-219,229,111,78,-111,
 1666,-59,-237,227,98,83,-118,
 1667,-59,-228,232,116,81,-112,
 1668,-64,-231,222,115,91,-110,
 1669,-61,-224,223,114,81,-110,
 1670,-64,-232,215,102,77,-108,
 1671,-63,-241,225,103,91,-115,
 1672,-67,-226,229,109,97,-110,
 1673,-66,-235,228,105,80,-111,
 1674,-64,-227,224,113,91,-114,
 1675,-60,-226,222,113,97,-112,
 1676,-60,-240,231,116,88,-114,
 1677,-67,-219,221,106,92,-110,
 1678,-66,-237,228,110,97,-111,
 1679,-65,-224,223,103,90,-105,
 1680,-69,-227,232,113,88,-108,
 1681,-66,-225,226,105,90,-106,
 1682,-63,-224,226,111,85,-112,
 1683,-62,-226,222,115,87,-108,
 1684,-65,-219,229,107,99,-106,
 1685,-64,-243,213,112,108,-103,
 1686,-62,-232,228,115,82,-109,
 1687,-62,-242,227,115,83,-101,
 1688,-59,-229,227,114,91,-110,
 1689,-65,-231,227,111,90,-106,
 1690,-63,-243,226,112,95,-103,
 1691,-62,-232,233,113,102,-105,
 1692,-66,-226,219,128,81,-100,
 1693,-59,-229,231,118,87,-110,
 1694,-58,-224,226,113,94,-104,
 1695,-70,-240,227,112,81,-102,
 1696,-64,-230,235,107,83,-106,
 1697,-71,-235,230,107,93,-101,
 1698,-62,-226,227,121,83,-102,
 1699,-70,-231,226,126,81,-100,
 1700,-65,-223,219,125,81,-99,
 1701,-68,-234,229,123,91,-95,
 1702,-72,-219,218,126,83,-101,
 1703,-70,-229,225,118,97,-97,
 1704,-70,-234,231,115,101,-97,
 1705,-62,-223,227,109,87,-93,
 1706,-65,-237,236,122,95,-93,
 1707,-67,-232,221,125,78,-94,
 1708,-71,-230,227,139,90,-94,
 1709,-65,-221,234,130,96,-97,
 1710,-66,-230,223,125,95,-92,
 1711,-72,-215,235,128,92,-89,
 1712,-69,-220,218,123,95,-89,
 1713,-61,-222,227,115,101,-86,
 1714,-70,-222,228,121,94,-89,
 1715,-62,-238,225,124,97,-89,
 1716,-63,-222,228,134,88,-92,
 1717,-64,-232,215,138,85,-92,
 1718,-65,-218,223,127,90,-90,
 1719,-68,-229,216,132,91,-90,
 1720,-68,-218,221,122,92,-90,
 1721,-65,-233,217,123,90,-88,
 1722,-69,-221,226,123,82,-88,
 1723,-64,-226,217,126,81,-87,
 1724,-72,-238,224,133,99,-86,
 1725,-73,-222,219,138,89,-86,
 1726,-72,-226,238,130,92,-84,
 1727,-73,-210,222,123,92,-82,
 1728,-68,-228,227,120,84,-87,
 1729,-65,-219,228,122,103,-87,
 1730,-73,-225,237,132,96,-90,
 1731,-68,-231,227,134,96,-90,
 1732,-67,-231,231,137,102,-94,
 1733,-73,-236,229,142,88,-89,
 1734,-71,-218,221,117,81,-89,
 1735,-63,-226,228,115,103,-91,
 1736,-70,-215,228,120,98,-89,
 1737,-69,-220,233,115,94,-87,
 1738,-66,-204,230,127,98,-90,
 1739,-67,-233,219,130,91,-87,
 1740,-63,-227,237,124,83,-91,
 1741,-72,-223,232,119,95,-86,
 1742,-69,-224,228,119,88,-89,
 1743,-65,-226,230,121,91,-88,
 1744,-69,-216,228,111,94,-86,
 1745,-72,-221,221,118,89,-91,
 1746,-65,-233,228,130,102,-87,
 1747,-70,-227,223,136,98,-88,
 1748,-67,-235,224,129,95,-91,
 1749,-71,-219,228,115,98,-90,
 1750,-73,-233,228,115,88,-90,
 1751,-70,-219,225,125,94,-96,
 1752,-69,-226,231,127,106,-93,
 1753,-70,-224,217,127,92,-90,
 1754,-72,-223,229,131,92,-91,
 1755,-73,-222,225,122,96,-83,
 1756,-67,-217,233,117,98,-84,
 1757,-66,-230,231,121,101,-88,
 1758,-67,-213,222,114,97,-88,
 1759,-65,-223,215,122,98,-84,
 1760,-66,-215,224,131,98,-85,
 1761,-66,-227,225,117,92,-90,
 1762,-70,-216,225,119,100,-88,
 1763,-72,-217,220,120,91,-89,
 1764,-70,-216,225,132,83,-90,
 1765,-64,-225,229,121,90,-88,
 1766,-71,-219,226,125,83,-85,
 1767,-75,-218,217,124,90,-89,
 1768,-71,-225,230,132,99,-87,
 1769,-73,-218,230,127,82,-83,
 1770,-74,-231,234,121,97,-88,
 1771,-73,-211,230,126,89,-85,
 1772,-76,-233,231,110,85,-83,
 1773,-74,-217,237,128,94,-85,
 1774,-70,-226,233,131,92,-79,
 1775,-74,-218,229,130,104,-83,
 1776,-67,-217,228,126,100,-84,
 1777,-70,-219,227,130,83,-87,
 1778,-68,-211,227,125,87,-89,
 1779,-71,-209,220,121,93,-82,
 1780,-65,-212,219,137,104,-86,
 1781,-66,-220,217,136,99,-86,
 1782,-66,-210,221,138,79,-81,
 1783,-72,-229,229,135,92,-84,
 1784,-72,-221,229,146,95,-87,
 1785,-68,-223,225,132,86,-90,
 1786,-71,-218,230,121,99,-88,
 1787,-72,-225,230,141,90,-85,
 1788,-69,-205,227,143,103,-83,
 1789,-71,-216,225,150,86,-83,
 1790,-73,-216,227,146,85,-81,
 1791,-73,-212,227,132,93,-77,
 1792,-68,-221,230,127,84,-72,
 1793,-73,-213,230,126,92,-53,
 1794,-75,-218,233,141,91,-36,
 1795,-76,-208,219,142,92,-15,
 1796,-75,-215,216,143,93,11,
 1797,-72,-202,224,121,92,42,
 1798,-72,-227,228,127,99,61,
 1799,-72,-208,224,127,86,57,
 1800,-70,-230,221,122,95,54,
 1801,-64,-214,218,128,94,66,
 1802,-69,-215,230,141,85,73,
 1803,-74,-218,224,125,92,82,
 1804,-74,-204,232,132,83,76,
 1805,-74,-221,229,124,84,76,
 1806,-74,-211,238,132,89,70,
 1807,-74,-213,232,126,93,76,
 1808,-76,-208,219,126,105,72,
 1809,-76,-216,230,126,100,78,
 1810,-78,-195,226,126,108,78,
 1811,-77,-222,224,127,92,79,
 1812,-77,-201,226,115,91,82,
 1813,-73,-206,226,130,95,78,
 1814,-69,-200,226,128,85,78,
 1815,-70,-205,223,130,97,81,
 1816,-68,-221,231,124,101,82,
 1817,-73,-205,227,121,102,79,
 1818,-74,-219,231,126,97,82,
 1819,-69,-201,215,122,72,89,
 1820,-72,-215,223,136,97,88,
 1821,-65,-199,220,134,94,88,
 1822,-76,-220,234,119,96,83,
 1823,-74,-216,232,127,108,83,
 1824,-72,-205,234,121,91,85,
 1825,-70,-208,239,124,85,87,
 1826,-71,-201,226,134,77,86,
 1827,-72,-214,212,126,83,93,
 1828,-72,-200,217,126,80,87,
 1829,-75,-209,223,116,79,86,
 1830,-75,-194,226,115,86,85,
 1831,-74,-208,219,129,79,90,
 1832,-75,-197,223,138,98,91,
 1833,-77,-212,228,132,86,88,
 1834,-74,-198,227,131,96,84,
 1835,-70,-207,227,119,91,94,
 1836,-67,-202,218,128,96,93,
 1837,-70,-195,215,122,86,84,
 1838,-71,-201,229,139,95,86,
 1839,-70,-210,224,130,94,87,
 1840,-73,-206,211,132,86,88,
 1841,-74,-195,224,122,90,93,
 1842,-73,-209,228,132,98,90,
 1843,-67,-192,233,131,91,90,
 1844,-71,-209,232,142,95,89,
 1845,-71,-198,215,152,92,93,
 1846,-74,-203,223,138,98,91,
 1847,-77,-205,217,138,89,90,
 1848,-70,-200,228,121,84,92,
 1849,-75,-213,212,122,92,93,
 1850,-76,-204,223,141,80,94,
 1851,-70,-208,223,153,98,91,
 1852,-69,-195,230,153,82,89,
 1853,-71,-193,230,137,86,88,
 1854,-78,-205,219,122,88,83,
 1855,-75,-198,230,127,83,87,
 1856,-78,-199,226,145,94,90,
 1857,-72,-192,218,146,83,93,
 1858,-71,-189,224,148,83,92,
 1859,-64,-200,225,133,86,97,
 1860,-69,-184,232,120,89,91,
 1861,-66,-203,218,126,92,89,
 1862,-72,-190,226,141,83,91,
 1863,-69,-202,225,141,90,94,
 1864,-76,-194,226,140,75,86,
 1865,-67,-192,219,132,80,85,
 1866,-75,-192,221,113,84,84,
 1867,-76,-201,218,124,79,80,
 1868,-71,-202,225,142,102,86,
 1869,-77,-189,215,131,86,84,
 1870,-76,-199,218,127,92,83,
 1871,-73,-196,213,123,91,90,
 1872,-71,-182,227,115,79,92,
 1873,-74,-207,224,118,95,94,
 1874,-66,-193,219,132,88,97,
 1875,-69,-206,217,138,87,95,
 1876,-71,-197,216,120,91,92,
 1877,-70,-193,210,122,85,93,
 1878,-67,-194,225,123,84,92,
 1879,-66,-179,220,118,81,91,
 1880,-69,-193,221,125,92,95,
 1881,-66,-182,222,125,88,102,
 1882,-73,-193,220,122,97,104,
 1883,-67,-200,231,128,90,90,
 1884,-73,-182,228,122,83,98,
 1885,-72,-197,210,112,86,99,
 1886,-70,-194,220,120,83,96,
 1887,-73,-192,218,128,88,106,
 1888,-69,-193,220,119,86,104,
 1889,-68,-184,222,120,86,101,
 1890,-70,-194,212,125,89,105,
 1891,-70,-182,209,115,87,104,
 1892,-73,-180,221,124,86,104,
 1893,-67,-189,213,130,85,99,
 1894,-69,-167,224,121,76,102,
 1895,-73,-184,226,121,89,109,
 1896,-70,-180,221,117,77,104,
 1897,-65,-182,217,130,81,105,
 1898,-63,-193,215,123,86,104,
 1899,-69,-173,211,140,79,112,
 1900,-67,-188,221,128,89,106,
 1901,-65,-187,217,120,83,109,
 1902,-64,-195,219,121,80,104,
 1903,-73,-197,224,122,83,103,
 1904,-67,-184,216,139,67,106,
 1905,-64,-191,218,143,89,105,
 1906,-72,-185,220,142,85,108,
 1907,-65,-173,210,140,80,105,
 1908,-69,-184,217,125,86,117,
 1909,-72,-177,207,113,73,111,
 1910,-71,-171,213,132,87,111,
 1911,-72,-185,209,137,85,121,
 1912,-72,-181,220,136,73,114,
 1913,-76,-182,215,141,91,110,
 1914,-68,-177,221,134,78,107,
 1915,-69,-177,212,125,89,106,
 1916,-70,-180,216,126,78,109,
 1917,-70,-176,213,134,76,109,
 1918,-62,-180,224,140,81,107,
 1919,-70,-191,222,138,84,108,
 1920,-65,-171,210,133,78,107,
 1921,-71,-182,210,112,84,110,
 1922,-71,-178,222,117,69,112,
 1923,-66,-171,216,134,81,118,
 1924,-64,-179,223,137,72,106,
 1925,-68,-177,212,137,68,116,
 1926,-71,-166,213,122,70,113,
 1927,-68,-181,223,113,78,115,
 1928,-70,-180,222,121,76,119,
 1929,-64,-171,220,128,76,109,
 1930,-70,-177,225,134,69,110,
 1931,-69,-172,219,131,80,117,
 1932,-70,-177,216,123,78,124,
 1933,-69,-177,215,123,80,123,
 1934,-67,-169,215,118,75,126,
 1935,-64,-173,224,116,80,116,
 1936,-67,-184,222,131,79,121,
 1937,-61,-168,217,129,90,114,
 1938,-64,-178,215,122,75,119,
 1939,-60,-179,224,124,95,114,
 1940,-68,-170,215,113,77,114,
 1941,-65,-162,215,115,73,114,
 1942,-68,-176,203,118,84,118,
 1943,-66,-168,216,124,72,109,
 1944,-67,-177,217,119,82,109,
 1945,-67,-161,219,118,92,107,
 1946,-70,-163,208,117,81,104,
 1947,-71,-166,213,121,82,105,
 1948,-68,-168,213,127,59,109,
 1949,-69,-164,215,121,62,115,
 1950,-70,-170,219,114,78,109,
 1951,-62,-178,220,121,68,113,
 1952,-71,-169,219,114,75,107,
 1953,-63,-170,212,111,71,114,
 1954,-68,-171,214,114,79,110,
 1955,-62,-166,213,114,66,112,
 1956,-68,-169,215,125,65,112,
 1957,-65,-174,212,112,63,115,
 1958,-58,-170,211,117,66,109,
 1959,-65,-164,215,120,75,109,
 1960,-61,-169,214,117,76,104,
 1961,-64,-164,209,118,82,108,
 1962,-63,-173,212,123,78,102,
 1963,-60,-161,203,124,69,106,
 1964,-64,-177,209,126,68,105,
 1965,-66,-162,214,132,85,109,
 1966,-64,-167,219,121,73,104,
 1967,-67,-168,218,115,85,106,
 1968,-65,-163,216,114,87,103,
 1969,-67,-155,218,121,65,102,
 1970,-59,-168,215,128,70,104,
 1971,-67,-166,213,133,76,106,
 1972,-60,-157,209,138,74,107,
 1973,-66,-167,211,132,76,112,
 1974,-66,-170,211,118,77,112,
 1975,-60,-162,216,113,74,102,
 1976,-66,-163,211,122,77,102,
 1977,-59,-165,221,124,68,99,
 1978,-61,-164,213,131,66,108,
 1979,-68,-170,213,135,68,100,
 1980,-60,-167,214,131,78,105,
 1981,-65,-170,216,122,72,103,
 1982,-63,-159,216,113,55,112,
 1983,-61,-150,207,118,71,108,
 1984,-62,-164,212,129,76,114,
 1985,-60,-163,218,124,73,105,
 1986,-64,-155,221,131,60,104,
 1987,-55,-152,216,119,63,103,
 1988,-61,-165,207,105,69,109,
 1989,-65,-168,208,104,76,102,
 1990,-65,-158,215,108,73,104,
 1991,-62,-150,214,110,67,105,
 1992,-59,-164,223,122,70,104,
 1993,-61,-153,217,125,69,108,
 1994,-64,-157,210,121,59,102,
 1995,-62,-150,216,109,54,101,
 1996,-61,-157,216,104,71,102,
 1997,-59,-157,208,106,79,96,
 1998,-58,-153,208,104,57,97,
 1999,-62,-156,209,117,59,97,
 2000,-60,-157,207,113,71,96,
 2001,-63,-149,203,114,72,101,
 2002,-63,-149,221,126,67,99,
 2003,-57,-152,219,105,63,108,
 2004,-61,-151,225,110,60,108,
 2005,-58,-149,224,108,67,108,
 2006,-59,-150,219,99,56,114,
 2007,-55,-158,211,104,79,105,
 2008,-55,-156,204,108,76,106,
 2009,-55,-149,211,109,62,113,
 2010,-54,-149,199,109,75,107,
 2011,-54,-153,207,104,80,104,
 2012,-54,-150,217,104,69,111,
 2013,-54,-151,214,105,69,110,
 2014,-53,-139,218,102,63,110,
 2015,-52,-145,210,102,67,114,
 2016,-54,-152,216,98,60,109,
 2017,-59,-139,216,99,59,108,
 2018,-58,-149,215,111,70,113,
 2019,-59,-156,207,104,75,106,
 2020,-59,-148,210,104,67,108,
 2021,-54,-160,207,94,60,106,
 2022,-55,-152,208,103,57,112,
 2023,-52,-144,207,98,72,109,
 2024,-60,-142,202,100,64,111,
 2025,-60,-151,214,97,70,109,
 2026,-52,-149,217,100,63,115,
 2027,-59,-153,224,115,62,110,
 2028,-53,-143,206,107,60,108,
 2029,-58,-147,204,101,58,109,
 2030,-56,-144,209,99,63,112,
 2031,-54,-137,195,94,70,114,
 2032,-53,-147,206,98,63,109,
 2033,-58,-148,200,100,60,111,
 2034,-57,-138,200,96,62,110,
 2035,-55,-143,209,93,64,109,
 2036,-59,-150,215,98,62,117,
 2037,-58,-145,214,108,56,106,
 2038,-56,-145,209,98,55,109,
 2039,-60,-144,212,96,62,106,
 2040,-52,-141,208,104,69,104,
 2041,-53,-144,212,97,58,110,
 2042,-57,-144,206,92,54,108,
 2043,-49,-142,208,99,53,100,
 2044,-53,-148,199,100,53,102,
 2045,-55,-136,201,96,65,98,
 2046,-50,-147,203,104,66,95,
 2047,-54,-148,202,103,73,99,
 2048,-49,-137,206,96,62,97,
 2049,-55,-140,202,97,64,104,
 2050,-47,-143,210,104,55,100,
 2051,-52,-143,211,104,58,102,
 2052,-49,-146,209,104,56,107,
 2053,-56,-145,218,97,63,106,
 2054,-51,-140,212,86,59,105,
 2055,-53,-139,213,110,64,99,
 2056,-54,-140,205,103,54,99,
 2057,-48,-142,204,104,57,103,
 2058,-52,-135,203,103,57,97,
 2059,-50,-140,197,101,60,99,
 2060,-54,-130,205,107,60,99,
 2061,-50,-134,202,107,61,102,
 2062,-52,-137,196,115,60,95,
 2063,-55,-136,204,106,69,99,
 2064,-48,-141,206,107,53,103,
 2065,-52,-145,216,107,57,102,
 2066,-57,-142,207,103,50,106,
 2067,-53,-140,207,102,52,107,
 2068,-48,-137,212,102,63,107,
 2069,-55,-128,207,100,61,105,
 2070,-51,-139,206,97,59,102,
 2071,-54,-130,203,102,62,96,
 2072,-49,-138,205,99,59,93,
 2073,-53,-137,195,104,55,96,
 2074,-53,-140,196,110,64,96,
 2075,-50,-136,202,112,55,92,
 2076,-49,-136,202,111,57,92,
 2077,-51,-135,200,106,57,96,
 2078,-50,-134,200,110,60,94,
 2079,-53,-138,200,101,59,90,
 2080,-49,-141,197,98,64,92,
 2081,-50,-134,198,95,59,88,
 2082,-50,-126,201,96,53,89,
 2083,-47,-128,205,92,66,92,
 2084,-50,-131,206,90,51,93,
 2085,-52,-131,208,94,59,88,
 2086,-54,-131,207,93,55,87,
 2087,-49,-137,212,87,61,89,
 2088,-51,-137,201,101,49,87,
 2089,-46,-127,196,121,57,90,
 2090,-47,-128,209,116,62,84,
 2091,-48,-135,199,99,58,86,
 2092,-50,-130,197,97,65,88,
 2093,-47,-138,203,97,62,87,
 2094,-44,-139,201,98,54,82,
 2095,-47,-148,201,99,55,82,
 2096,-45,-134,199,100,56,86,
 2097,-46,-129,202,97,57,81,
 2098,-47,-135,190,96,62,81,
