 0,20,11,-72,-22,-39,-16,
 1,20,11,-71,-23,-40,-16,
 2,20,11,-72,-23,-40,-16,
 3,20,11,-71,-22,-39,-16,
 4,21,11,-72,-22,-39,-16,
 5,20,12,-71,-23,-39,-16,
 6,20,10,-71,-22,-39,-16,
 7,20,11,-70,-22,-38,-16,
 8,20,12,-70,-22,-39,-16,
 9,20,11,-70,-23,-40,-16,
 10,20,12,-70,-23,-39,-16,
 11,20,12,-70,-23,-39,-16,
 12,20,10,-70,-23,-39,-16,
 13,20,11,-70,-22,-39,-17,
 14,19,11,-69,-23,-39,-17,
 15,20,10,-69,-23,-39,-17,
 16,20,11,-69,-22,-38,-17,
 17,21,11,-68,-23,-38,-18,
 18,20,10,-68,-23,-39,-18,
 19,20,11,-67,-23,-38,-18,
 20,20,11,-66,-22,-37,-19,
 21,20,10,-66,-23,-37,-18,
 22,19,10,-65,-22,-36,-19,
 23,20,9,-63,-22,-33,-20,
 24,20,8,-62,-23,-31,-20,
 25,20,8,-59,-23,-28,-22,
 26,20,7,-57,-23,-26,-22,
 27,20,5,-54,-24,-23,-24,
 28,20,4,-52,-22,-21,-26,
 29,19,2,-47,-23,-17,-29,
 30,20,0,-43,-24,-13,-31,
 31,20,0,-39,-23,-8,-35,
 32,19,-2,-34,-23,-6,-39,
 33,19,-5,-29,-23,-3,-44,
 34,20,-7,-23,-24,0,-48,
 35,20,-9,-16,-24,5,-55,
 36,20,-10,-8,-24,8,-62,
 37,18,-12,-1,-25,10,-70,
 38,18,-12,4,-25,13,-77,
 39,19,-12,13,-26,14,-86,
 40,18,-11,21,-26,17,-96,
 41,17,-11,23,-26,17,-104,
 42,17,-11,31,-27,18,-117,
 43,16,-11,38,-27,18,-129,
 44,16,-10,48,-27,20,-143,
 45,15,-10,55,-28,21,-151,
 46,14,-11,59,-27,20,-157,
 47,13,-12,56,-29,22,-145,
 48,12,-14,52,-30,22,-134,
 49,10,-15,51,-30,25,-130,
 50,8,-17,42,-30,28,-129,
 51,8,-19,51,-32,30,-129,
 52,7,-21,64,-32,32,-128,
 53,5,-22,65,-33,35,-128,
 54,3,-21,65,-34,35,-128,
 55,3,-20,69,-34,34,-128,
 56,1,-19,74,-35,31,-127,
 57,0,-17,69,-34,31,-126,
 58,-2,-16,75,-35,33,-125,
 59,-3,-17,78,-36,36,-127,
 60,-5,-18,77,-36,38,-129,
 61,-7,-23,88,-36,38,-129,
 62,-8,-28,88,-37,35,-130,
 63,-10,-36,89,-37,32,-128,
 64,-10,-43,95,-37,31,-124,
 65,-11,-47,95,-37,35,-123,
 66,-13,-45,96,-37,38,-124,
 67,-13,-37,93,-37,37,-128,
 68,-13,-40,88,-37,34,-133,
 69,-15,-49,93,-37,32,-134,
 70,-14,-55,93,-38,37,-130,
 71,-15,-57,94,-37,39,-128,
 72,-15,-62,98,-38,34,-128,
 73,-16,-61,97,-37,31,-134,
 74,-16,-62,95,-36,33,-136,
 75,-15,-66,99,-35,35,-131,
 76,-16,-66,99,-32,32,-122,
 77,-16,-64,94,-30,31,-124,
 78,-19,-66,92,-27,36,-130,
 79,-20,-71,92,-23,35,-127,
 80,-21,-67,99,-18,33,-121,
 81,-20,-63,100,-13,37,-124,
 82,-21,-64,102,-9,37,-129,
 83,-21,-66,99,-3,31,-125,
 84,-22,-62,100,0,36,-119,
 85,-23,-62,95,1,38,-122,
 86,-23,-65,94,5,36,-126,
 87,-20,-60,95,13,37,-124,
 88,-20,-64,93,15,41,-123,
 89,-19,-60,90,16,38,-115,
 90,-21,-65,91,17,39,-120,
 91,-21,-67,93,17,41,-116,
 92,-22,-62,95,17,36,-115,
 93,-22,-67,87,18,41,-123,
 94,-23,-64,94,18,36,-121,
 95,-23,-63,95,21,41,-120,
 96,-23,-68,93,21,39,-125,
 97,-23,-62,93,22,41,-120,
 98,-21,-63,93,29,42,-120,
 99,-20,-56,93,34,41,-115,
 100,-20,-58,92,36,41,-112,
 101,-20,-57,95,37,42,-117,
 102,-22,-58,89,39,41,-116,
 103,-23,-62,96,39,42,-125,
 104,-25,-63,101,39,37,-117,
 105,-26,-64,92,39,40,-124,
 106,-27,-66,92,36,37,-116,
 107,-26,-66,88,35,40,-118,
 108,-27,-68,92,36,40,-114,
 109,-28,-63,88,37,40,-119,
 110,-29,-66,89,39,47,-121,
 111,-29,-59,92,41,40,-121,
 112,-32,-61,90,45,40,-119,
 113,-34,-61,93,46,42,-112,
 114,-34,-58,90,46,36,-120,
 115,-36,-65,95,45,38,-117,
 116,-36,-65,93,43,43,-117,
 117,-37,-65,91,43,39,-121,
 118,-38,-71,94,46,37,-116,
 119,-40,-65,92,48,44,-117,
 120,-40,-61,85,50,43,-124,
 121,-40,-60,85,51,39,-118,
 122,-37,-61,85,51,39,-119,
 123,-36,-63,88,48,37,-122,
 124,-38,-63,84,50,39,-118,
 125,-42,-72,86,53,39,-113,
 126,-42,-72,93,56,40,-121,
 127,-40,-69,86,56,40,-125,
 128,-37,-60,90,53,45,-123,
 129,-37,-59,87,56,44,-117,
 130,-40,-63,87,59,44,-114,
 131,-41,-71,89,61,37,-116,
 132,-39,-74,86,59,37,-115,
 133,-38,-77,81,59,39,-116,
 134,-39,-72,86,61,43,-122,
 135,-41,-68,88,64,44,-124,
 136,-43,-68,88,62,41,-124,
 137,-41,-75,83,61,41,-117,
 138,-38,-76,90,63,42,-119,
 139,-40,-78,92,62,46,-115,
 140,-42,-74,88,59,46,-117,
 141,-42,-71,92,63,45,-115,
 142,-39,-68,94,62,46,-116,
 143,-43,-70,90,59,44,-116,
 144,-46,-72,90,64,42,-115,
 145,-45,-69,96,62,45,-112,
 146,-42,-62,92,61,46,-118,
 147,-43,-61,93,65,48,-115,
 148,-46,-66,98,61,45,-118,
 149,-42,-70,92,64,46,-117,
 150,-41,-70,92,65,45,-118,
 151,-44,-60,92,65,45,-108,
 152,-43,-57,91,68,49,-112,
 153,-40,-68,87,61,48,-114,
 154,-42,-66,91,67,43,-113,
 155,-44,-64,85,63,43,-118,
 156,-41,-67,82,66,41,-116,
 157,-42,-60,88,62,45,-111,
 158,-46,-68,88,68,47,-117,
 159,-43,-76,93,63,45,-116,
 160,-42,-68,95,67,48,-116,
 161,-47,-65,93,65,46,-112,
 162,-45,-75,99,68,48,-109,
 163,-45,-72,98,69,43,-110,
 164,-48,-74,91,66,42,-109,
 165,-45,-62,96,68,45,-105,
 166,-44,-70,85,64,42,-112,
 167,-47,-65,94,67,47,-110,
 168,-42,-67,88,69,46,-105,
 169,-47,-56,91,64,46,-110,
 170,-47,-63,92,62,42,-103,
 171,-43,-70,84,66,46,-108,
 172,-46,-63,94,66,46,-106,
 173,-42,-64,91,62,45,-108,
 174,-44,-70,93,62,42,-108,
 175,-46,-68,89,68,41,-111,
 176,-42,-68,88,71,43,-110,
 177,-49,-72,91,69,46,-110,
 178,-46,-72,93,67,44,-109,
 179,-48,-73,91,63,42,-108,
 180,-45,-73,92,63,46,-106,
 181,-45,-82,91,62,45,-105,
 182,-48,-76,91,66,49,-108,
 183,-43,-68,85,67,45,-110,
 184,-47,-76,93,67,43,-103,
 185,-41,-77,93,70,44,-100,
 186,-49,-70,97,66,44,-101,
 187,-42,-67,84,68,43,-103,
 188,-49,-72,98,69,42,-107,
 189,-43,-65,90,67,43,-109,
 190,-46,-62,94,67,46,-106,
 191,-44,-74,88,67,44,-105,
 192,-48,-65,89,68,43,-103,
 193,-47,-62,92,70,43,-101,
 194,-48,-70,94,78,44,-102,
 195,-46,-69,94,73,47,-102,
 196,-48,-74,98,69,45,-106,
 197,-46,-77,95,69,46,-108,
 198,-49,-72,92,75,46,-106,
 199,-44,-68,94,76,44,-102,
 200,-48,-65,100,68,51,-103,
 201,-42,-60,93,73,48,-103,
 202,-49,-69,91,67,47,-100,
 203,-45,-72,95,69,47,-97,
 204,-47,-66,99,69,46,-95,
 205,-46,-70,92,65,44,-93,
 206,-46,-72,96,77,45,-95,
 207,-51,-76,99,78,52,-98,
 208,-46,-73,93,83,52,-97,
 209,-49,-75,97,86,53,-101,
 210,-46,-82,100,85,47,-100,
 211,-45,-74,97,88,44,-98,
 212,-50,-79,99,82,46,-103,
 213,-45,-71,101,79,48,-102,
 214,-50,-71,89,85,50,-103,
 215,-51,-70,94,85,51,-108,
 216,-47,-66,97,86,51,-106,
 217,-49,-69,90,80,48,-104,
 218,-52,-73,97,75,50,-104,
 219,-46,-66,101,77,49,-106,
 220,-49,-76,95,83,50,-108,
 221,-49,-66,94,80,47,-107,
 222,-46,-79,95,80,46,-108,
 223,-52,-71,96,79,43,-107,
 224,-52,-77,102,76,44,-112,
 225,-46,-70,99,75,47,-117,
 226,-47,-69,97,77,46,-118,
 227,-50,-74,98,75,43,-118,
 228,-46,-68,94,78,38,-113,
 229,-47,-76,93,80,41,-117,
 230,-50,-73,97,79,40,-116,
 231,-49,-77,99,75,40,-118,
 232,-45,-67,104,79,44,-119,
 233,-47,-84,98,84,41,-122,
 234,-50,-81,94,82,38,-126,
 235,-51,-81,106,89,37,-121,
 236,-47,-77,102,83,38,-122,
 237,-44,-76,103,85,40,-122,
 238,-46,-69,98,87,38,-125,
 239,-50,-76,102,88,40,-120,
 240,-50,-74,100,85,45,-116,
 241,-43,-68,103,84,38,-119,
 242,-44,-77,103,91,42,-118,
 243,-46,-82,102,87,42,-118,
 244,-48,-76,103,84,38,-120,
 245,-50,-80,101,87,39,-116,
 246,-48,-76,99,81,37,-115,
 247,-47,-77,103,87,41,-117,
 248,-48,-72,101,78,38,-114,
 249,-49,-74,105,84,37,-116,
 250,-51,-77,102,87,41,-116,
 251,-51,-79,95,89,38,-128,
 252,-50,-68,100,80,42,-123,
 253,-52,-82,109,88,42,-118,
 254,-51,-75,103,92,39,-119,
 255,-48,-76,103,83,41,-120,
 256,-46,-74,100,90,43,-115,
 257,-48,-86,103,97,42,-115,
 258,-49,-80,104,97,39,-114,
 259,-50,-64,107,97,35,-115,
 260,-55,-72,115,101,33,-115,
 261,-52,-71,104,104,33,-122,
 262,-55,-85,109,76,32,-125,
 263,-52,-73,105,81,30,-122,
 264,-53,-85,104,95,15,-115,
 265,-53,-78,101,100,-5,-120,
 266,-54,-81,99,104,-18,-113,
 267,-53,-79,102,108,-23,-111,
 268,-53,-73,105,104,-25,-114,
 269,-52,-86,105,97,-33,-111,
 270,-56,-82,106,98,-31,-115,
 271,-51,-84,99,93,-27,-117,
 272,-54,-84,105,104,-23,-116,
 273,-54,-86,100,107,-31,-114,
 274,-56,-80,103,109,-29,-124,
 275,-54,-77,106,105,-32,-116,
 276,-55,-83,96,110,-35,-115,
 277,-54,-82,100,111,-42,-119,
 278,-56,-84,110,106,-44,-112,
 279,-54,-82,111,117,-55,-111,
 280,-56,-85,102,118,-57,-119,
 281,-52,-84,102,113,-64,-118,
 282,-55,-81,102,110,-75,-114,
 283,-50,-83,96,109,-83,-114,
 284,-53,-86,108,103,-69,-112,
 285,-53,-80,105,98,-64,-111,
 286,-52,-89,108,114,-73,-110,
 287,-55,-94,99,112,-83,-112,
 288,-55,-91,94,100,-79,-116,
 289,-57,-91,103,118,-76,-109,
 290,-50,-91,106,128,-85,-110,
 291,-50,-88,103,130,-76,-106,
 292,-47,-81,105,131,-71,-108,
 293,-53,-76,103,121,-82,-115,
 294,-57,-81,105,119,-75,-107,
 295,-54,-86,107,112,-76,-104,
 296,-52,-78,101,116,-81,-113,
 297,-51,-72,111,120,-83,-108,
 298,-53,-79,106,116,-83,-112,
 299,-58,-82,100,109,-83,-105,
 300,-54,-91,103,134,-79,-105,
 301,-54,-91,108,140,-81,-105,
 302,-50,-90,107,125,-87,-106,
 303,-50,-94,110,125,-84,-103,
 304,-58,-91,107,104,-84,-107,
 305,-56,-91,105,107,-83,-108,
 306,-51,-86,102,114,-89,-109,
 307,-52,-87,107,113,-80,-108,
 308,-56,-89,112,113,-80,-107,
 309,-58,-88,112,125,-83,-104,
 310,-52,-82,106,115,-78,-103,
 311,-54,-81,107,118,-89,-103,
 312,-57,-81,107,124,-85,-113,
 313,-53,-82,103,116,-79,-105,
 314,-54,-81,107,111,-77,-105,
 315,-61,-90,107,113,-87,-112,
 316,-55,-95,104,117,-86,-109,
 317,-54,-89,104,116,-86,-106,
 318,-55,-92,100,116,-80,-114,
 319,-57,-93,98,121,-83,-107,
 320,-52,-93,94,112,-95,-108,
 321,-57,-91,95,115,-87,-110,
 322,-58,-89,104,109,-74,-105,
 323,-54,-92,105,114,-87,-105,
 324,-54,-93,101,124,-94,-113,
 325,-54,-92,101,109,-80,-107,
 326,-56,-91,100,111,-84,-109,
 327,-61,-89,109,118,-93,-107,
 328,-55,-93,112,120,-99,-105,
 329,-58,-96,106,112,-86,-105,
 330,-56,-92,103,110,-85,-107,
 331,-54,-95,99,122,-103,-106,
 332,-61,-99,95,120,-89,-102,
 333,-54,-100,102,116,-87,-109,
 334,-55,-101,104,111,-93,-101,
 335,-54,-90,102,127,-91,-95,
 336,-58,-84,102,113,-86,-109,
 337,-60,-97,105,119,-97,-105,
 338,-49,-91,104,123,-103,-99,
 339,-57,-99,103,126,-93,-101,
 340,-54,-102,97,123,-89,-104,
 341,-60,-98,97,131,-96,-100,
 342,-50,-98,103,128,-89,-97,
 343,-58,-99,105,122,-110,-101,
 344,-55,-104,92,123,-105,-101,
 345,-58,-102,107,126,-106,-92,
 346,-51,-103,104,122,-96,-92,
 347,-58,-103,101,121,-89,-99,
 348,-54,-100,109,126,-111,-101,
 349,-61,-92,103,128,-104,-98,
 350,-54,-94,103,133,-110,-97,
 351,-60,-97,98,122,-108,-97,
 352,-56,-98,100,130,-105,-99,
 353,-61,-97,99,125,-109,-104,
 354,-52,-92,105,118,-109,-102,
 355,-55,-98,101,130,-109,-98,
 356,-59,-101,106,138,-106,-95,
 357,-60,-102,104,127,-106,-95,
 358,-63,-107,104,134,-101,-97,
 359,-56,-106,106,124,-104,-95,
 360,-62,-104,105,129,-109,-96,
 361,-59,-103,99,141,-110,-99,
 362,-55,-98,108,146,-113,-99,
 363,-64,-96,102,147,-116,-104,
 364,-61,-96,97,138,-111,-107,
 365,-61,-98,100,123,-119,-109,
 366,-63,-104,102,132,-105,-105,
 367,-58,-92,108,147,-121,-107,
 368,-63,-98,102,146,-102,-108,
 369,-62,-107,100,144,-120,-102,
 370,-53,-111,104,133,-111,-102,
 371,-61,-112,100,133,-124,-107,
 372,-61,-109,102,144,-119,-112,
 373,-57,-106,103,148,-117,-107,
 374,-66,-105,96,154,-112,-104,
 375,-63,-101,94,137,-112,-107,
 376,-53,-102,98,128,-117,-105,
 377,-58,-103,99,131,-116,-106,
 378,-58,-105,102,140,-124,-105,
 379,-56,-107,103,150,-118,-107,
 380,-57,-101,107,142,-118,-106,
 381,-60,-106,96,137,-125,-107,
 382,-57,-105,108,130,-124,-104,
 383,-59,-107,94,146,-113,-104,
 384,-62,-110,107,147,-117,-101,
 385,-60,-107,100,143,-114,-95,
 386,-58,-103,96,136,-114,-95,
 387,-59,-105,100,137,-124,-93,
 388,-62,-100,100,150,-126,-94,
 389,-61,-97,96,148,-112,-95,
 390,-60,-107,100,139,-112,-96,
 391,-57,-104,103,135,-125,-91,
 392,-62,-107,101,132,-124,-91,
 393,-62,-103,106,146,-119,-96,
 394,-66,-108,107,147,-123,-97,
 395,-60,-104,101,130,-127,-94,
 396,-65,-111,103,141,-111,-96,
 397,-63,-108,104,148,-135,-91,
 398,-66,-106,105,148,-110,-88,
 399,-65,-103,99,135,-119,-91,
 400,-58,-97,93,140,-129,-92,
 401,-60,-105,100,145,-127,-89,
 402,-62,-110,104,154,-122,-88,
 403,-65,-108,105,145,-112,-88,
 404,-66,-107,105,133,-119,-93,
 405,-63,-103,105,144,-129,-92,
 406,-61,-110,113,165,-129,-89,
 407,-61,-105,106,154,-123,-88,
 408,-61,-109,108,150,-116,-92,
 409,-58,-104,103,146,-128,-88,
 410,-59,-114,102,159,-124,-85,
 411,-63,-113,100,174,-121,-87,
 412,-63,-111,109,162,-122,-90,
 413,-62,-107,105,133,-109,-87,
 414,-62,-103,102,152,-108,-87,
 415,-58,-112,101,176,-122,-84,
 416,-55,-108,104,157,-124,-89,
 417,-62,-110,98,142,-137,-87,
 418,-58,-107,106,154,-133,-84,
 419,-61,-111,97,167,-124,-83,
 420,-64,-109,107,165,-126,-80,
 421,-65,-116,112,144,-128,-79,
 422,-63,-118,105,154,-133,-82,
 423,-60,-109,101,157,-127,-86,
 424,-61,-111,97,156,-114,-83,
 425,-64,-109,107,146,-130,-82,
 426,-62,-110,103,161,-121,-80,
 427,-62,-104,100,160,-127,-84,
 428,-59,-107,106,149,-127,-85,
 429,-61,-104,97,140,-124,-85,
 430,-61,-102,101,160,-125,-83,
 431,-60,-106,101,155,-131,-82,
 432,-63,-113,101,143,-125,-88,
 433,-67,-111,101,141,-131,-85,
 434,-59,-113,98,162,-131,-83,
 435,-60,-109,103,145,-120,-86,
 436,-62,-115,105,142,-116,-88,
 437,-67,-112,100,158,-124,-85,
 438,-60,-114,96,160,-124,-88,
 439,-62,-113,91,152,-130,-83,
 440,-62,-107,95,160,-128,-87,
 441,-64,-110,104,166,-120,-84,
 442,-65,-112,99,163,-131,-89,
 443,-65,-103,100,147,-140,-83,
 444,-63,-114,100,173,-137,-87,
 445,-66,-118,100,162,-132,-82,
 446,-60,-119,99,155,-127,-80,
 447,-60,-115,104,160,-124,-84,
 448,-62,-109,108,178,-128,-83,
 449,-58,-113,110,171,-135,-80,
 450,-59,-111,95,153,-122,-84,
 451,-60,-115,97,174,-139,-89,
 452,-59,-116,106,173,-127,-91,
 453,-59,-114,92,151,-126,-90,
 454,-61,-111,101,169,-129,-89,
 455,-60,-114,102,188,-126,-86,
 456,-61,-117,98,163,-134,-85,
 457,-66,-118,99,168,-130,-81,
 458,-60,-112,105,185,-126,-75,
 459,-67,-116,106,146,-136,-60,
 460,-68,-110,101,160,-122,-43,
 461,-66,-117,95,173,-124,-21,
 462,-67,-117,95,155,-124,3,
 463,-65,-103,104,151,-133,35,
 464,-63,-114,99,162,-137,56,
 465,-61,-111,107,163,-130,56,
 466,-68,-111,109,153,-125,69,
 467,-61,-121,104,173,-127,85,
 468,-67,-114,106,170,-128,87,
 469,-67,-118,106,153,-128,93,
 470,-58,-114,106,170,-123,87,
 471,-59,-113,100,169,-128,84,
 472,-59,-113,100,162,-134,82,
 473,-60,-116,99,185,-119,83,
 474,-61,-111,98,171,-117,84,
 475,-60,-116,99,163,-128,79,
 476,-66,-112,99,186,-143,85,
 477,-68,-119,100,164,-123,86,
 478,-69,-115,98,170,-132,85,
 479,-69,-116,96,197,-139,89,
 480,-66,-110,100,171,-143,89,
 481,-62,-113,94,183,-125,87,
 482,-67,-122,99,194,-136,88,
 483,-66,-118,103,156,-130,86,
 484,-62,-120,96,183,-144,89,
 485,-64,-118,92,173,-126,93,
 486,-62,-114,97,162,-119,97,
 487,-68,-117,95,178,-132,94,
 488,-69,-120,90,172,-140,89,
 489,-66,-116,90,175,-124,92,
 490,-65,-109,91,171,-127,91,
 491,-65,-112,99,164,-143,92,
 492,-63,-119,94,175,-138,95,
 493,-69,-126,94,176,-125,97,
 494,-70,-128,102,151,-127,101,
 495,-67,-121,103,174,-140,99,
 496,-65,-125,96,164,-143,98,
 497,-69,-131,94,159,-124,105,
 498,-69,-129,97,175,-125,100,
 499,-67,-121,94,157,-139,99,
 500,-60,-125,97,175,-141,106,
 501,-63,-118,100,182,-131,108,
 502,-61,-128,97,170,-140,106,
 503,-65,-122,99,180,-138,102,
 504,-60,-124,96,191,-133,105,
 505,-63,-123,100,176,-141,108,
 506,-61,-117,98,200,-137,105,
 507,-62,-124,99,175,-127,105,
 508,-65,-125,99,194,-132,107,
 509,-65,-133,99,196,-145,104,
 510,-65,-130,99,162,-137,110,
 511,-66,-126,92,202,-123,113,
 512,-71,-117,104,168,-130,111,
 513,-70,-122,99,183,-147,109,
 514,-63,-124,95,196,-139,106,
 515,-63,-130,103,168,-128,105,
 516,-71,-133,96,188,-140,105,
 517,-68,-125,101,161,-125,105,
 518,-68,-122,100,182,-133,106,
 519,-63,-124,94,189,-150,105,
 520,-70,-129,100,169,-135,110,
 521,-66,-133,101,190,-136,110,
 522,-63,-127,102,167,-145,111,
 523,-65,-132,100,191,-148,110,
 524,-68,-112,100,175,-138,109,
 525,-65,-129,100,190,-135,106,
 526,-66,-121,100,196,-148,107,
 527,-62,-130,95,174,-135,106,
 528,-67,-131,94,196,-132,100,
 529,-61,-127,100,188,-146,108,
 530,-58,-133,97,196,-129,107,
 531,-64,-131,93,202,-135,107,
 532,-64,-125,100,177,-143,104,
 533,-66,-134,96,197,-126,108,
 534,-63,-136,101,188,-130,110,
 535,-67,-135,88,204,-141,101,
 536,-70,-128,102,195,-131,105,
 537,-63,-126,101,188,-116,112,
 538,-67,-123,88,205,-134,107,
 539,-71,-127,93,170,-154,107,
 540,-70,-133,99,203,-117,113,
 541,-65,-135,102,175,-134,96,
 542,-69,-134,104,195,-143,109,
 543,-71,-133,99,180,-144,104,
 544,-69,-137,99,184,-132,100,
 545,-69,-135,99,191,-118,105,
 546,-65,-137,91,184,-147,102,
 547,-69,-130,95,196,-145,112,
 548,-69,-122,99,171,-138,103,
 549,-68,-132,99,192,-131,110,
 550,-71,-126,98,172,-138,99,
 551,-61,-124,96,206,-144,102,
 552,-62,-128,101,194,-134,105,
 553,-70,-137,100,195,-145,103,
 554,-71,-132,92,200,-123,107,
 555,-65,-131,93,188,-145,102,
 556,-68,-131,93,205,-133,107,
 557,-69,-124,92,177,-120,109,
 558,-69,-130,95,204,-140,110,
 559,-63,-137,92,185,-148,111,
 560,-70,-135,92,201,-133,109,
 561,-65,-128,93,171,-120,103,
 562,-70,-131,88,191,-138,106,
 563,-67,-121,93,194,-133,102,
 564,-71,-123,96,182,-133,106,
 565,-66,-126,95,197,-136,108,
 566,-70,-132,96,178,-112,107,
 567,-72,-138,97,189,-135,111,
 568,-67,-135,93,176,-121,106,
 569,-65,-133,97,195,-132,110,
 570,-70,-136,97,173,-143,106,
 571,-66,-140,98,191,-137,110,
 572,-71,-137,98,175,-119,112,
 573,-75,-135,97,203,-148,115,
 574,-73,-134,97,190,-143,113,
 575,-67,-129,99,203,-116,108,
 576,-71,-134,96,191,-145,105,
 577,-69,-138,101,199,-129,111,
 578,-63,-136,98,207,-147,110,
 579,-66,-136,102,202,-134,115,
 580,-71,-134,101,195,-135,111,
 581,-66,-135,97,196,-131,113,
 582,-66,-135,108,193,-133,119,
 583,-65,-137,98,190,-122,116,
 584,-67,-131,92,190,-153,113,
 585,-69,-136,98,180,-125,113,
 586,-66,-136,98,195,-131,111,
 587,-65,-137,106,181,-130,114,
 588,-68,-138,101,201,-116,113,
 589,-73,-137,101,178,-150,118,
 590,-64,-136,103,204,-123,117,
 591,-75,-136,100,178,-129,118,
 592,-73,-136,105,187,-128,116,
 593,-72,-132,98,183,-122,125,
 594,-72,-134,103,201,-121,130,
 595,-65,-131,92,192,-145,124,
 596,-72,-139,99,218,-110,133,
 597,-72,-142,97,179,-139,120,
 598,-69,-138,94,224,-144,128,
 599,-71,-136,95,180,-127,134,
 600,-71,-135,100,220,-138,123,
 601,-66,-130,102,178,-124,122,
 602,-65,-126,105,204,-131,116,
 603,-71,-132,99,174,-133,123,
 604,-66,-138,102,191,-126,121,
 605,-65,-141,91,175,-122,120,
 606,-71,-133,100,194,-139,115,
 607,-69,-139,93,184,-118,118,
 608,-61,-140,97,206,-144,124,
 609,-72,-141,99,184,-117,119,
 610,-66,-128,99,194,-129,120,
 611,-67,-135,104,180,-117,120,
 612,-65,-134,102,202,-119,127,
 613,-63,-129,104,187,-138,114,
 614,-65,-140,104,204,-129,125,
 615,-70,-136,105,179,-105,119,
 616,-74,-140,103,220,-135,117,
 617,-74,-143,99,199,-129,117,
 618,-65,-138,95,215,-127,122,
 619,-72,-139,89,185,-125,116,
 620,-71,-141,94,209,-124,123,
 621,-70,-141,98,191,-134,115,
 622,-71,-143,104,208,-122,117,
 623,-68,-142,100,179,-123,126,
 624,-66,-139,96,197,-131,116,
 625,-70,-137,104,176,-124,126,
 626,-65,-134,96,202,-124,126,
 627,-66,-144,107,178,-131,124,
 628,-70,-136,103,202,-115,119,
 629,-66,-142,102,181,-123,123,
 630,-65,-139,102,194,-117,120,
 631,-69,-143,103,185,-138,126,
 632,-63,-133,106,184,-124,122,
 633,-67,-142,96,176,-104,118,
 634,-68,-143,100,195,-129,115,
 635,-64,-138,98,207,-136,120,
 636,-63,-141,99,220,-117,116,
 637,-65,-142,97,193,-126,118,
 638,-62,-141,101,203,-124,123,
 639,-62,-145,104,198,-125,114,
 640,-66,-142,101,202,-123,119,
 641,-70,-151,107,196,-108,122,
 642,-70,-145,101,193,-140,115,
 643,-67,-151,107,194,-122,124,
 644,-69,-143,96,184,-113,127,
 645,-64,-141,98,205,-118,118,
 646,-68,-141,100,198,-126,122,
 647,-69,-149,97,194,-104,133,
 648,-66,-146,104,173,-126,127,
 649,-65,-148,101,206,-106,118,
 650,-66,-139,97,174,-125,132,
 651,-69,-150,103,194,-118,127,
 652,-63,-146,99,174,-123,125,
 653,-65,-153,98,207,-146,133,
 654,-69,-141,101,178,-107,134,
 655,-65,-144,93,214,-129,126,
 656,-65,-143,102,190,-122,133,
 657,-66,-144,101,207,-115,119,
 658,-63,-151,100,184,-96,121,
 659,-62,-150,104,212,-132,124,
 660,-68,-148,98,180,-114,122,
 661,-70,-145,98,215,-114,128,
 662,-71,-151,103,180,-110,119,
 663,-67,-153,95,199,-115,122,
 664,-70,-145,103,182,-126,127,
 665,-67,-148,98,192,-108,121,
 666,-63,-151,96,185,-116,130,
 667,-64,-151,98,194,-123,134,
 668,-70,-142,102,173,-119,127,
 669,-67,-148,99,184,-103,126,
 670,-66,-153,103,188,-134,130,
 671,-73,-151,101,197,-115,130,
 672,-64,-149,99,189,-116,120,
 673,-66,-141,107,196,-116,120,
 674,-71,-144,105,191,-104,127,
 675,-72,-144,106,200,-125,123,
 676,-68,-154,96,196,-107,125,
 677,-68,-159,102,203,-121,130,
 678,-70,-150,100,205,-123,118,
 679,-71,-151,95,198,-120,121,
 680,-63,-143,96,198,-91,125,
 681,-63,-152,96,201,-110,124,
 682,-65,-156,95,190,-122,126,
 683,-69,-147,105,186,-98,114,
 684,-69,-151,100,188,-124,114,
 685,-65,-158,103,184,-107,122,
 686,-67,-138,110,198,-114,123,
 687,-69,-151,108,180,-111,120,
 688,-64,-148,104,196,-99,118,
 689,-65,-152,106,177,-119,114,
 690,-72,-152,103,197,-112,117,
 691,-71,-147,100,180,-113,122,
 692,-67,-149,107,199,-100,126,
 693,-65,-150,101,177,-128,116,
 694,-71,-152,101,207,-101,119,
 695,-72,-155,102,180,-104,121,
 696,-63,-147,104,216,-116,120,
 697,-66,-148,107,174,-104,116,
 698,-71,-147,98,207,-120,120,
 699,-72,-155,107,172,-104,126,
 700,-70,-156,109,199,-93,121,
 701,-65,-152,104,176,-103,118,
 702,-64,-152,110,192,-114,114,
 703,-71,-153,107,167,-105,123,
 704,-71,-150,105,192,-81,121,
 705,-67,-156,113,177,-108,116,
 706,-66,-153,111,190,-115,112,
 707,-66,-159,106,165,-102,110,
 708,-68,-151,104,192,-100,122,
 709,-65,-147,110,175,-102,116,
 710,-63,-160,113,185,-110,118,
 711,-64,-160,106,187,-110,113,
 712,-62,-152,108,187,-92,126,
 713,-59,-160,110,183,-91,120,
 714,-62,-149,107,211,-100,129,
 715,-69,-151,112,190,-107,125,
 716,-65,-153,110,207,-92,118,
 717,-63,-163,111,181,-104,119,
 718,-64,-157,112,193,-118,112,
 719,-68,-157,113,192,-88,115,
 720,-68,-152,111,190,-99,129,
 721,-67,-152,108,177,-113,119,
 722,-67,-160,114,182,-103,120,
 723,-62,-155,111,175,-98,125,
 724,-66,-154,116,182,-112,114,
 725,-69,-156,113,162,-92,123,
 726,-69,-153,119,187,-105,126,
 727,-71,-160,113,184,-106,119,
 728,-64,-166,113,186,-100,125,
 729,-63,-150,113,175,-100,115,
 730,-65,-154,109,185,-92,120,
 731,-71,-154,115,169,-97,117,
 732,-70,-159,110,195,-115,124,
 733,-68,-159,119,175,-86,120,
 734,-70,-144,121,200,-94,126,
 735,-65,-154,120,168,-102,124,
 736,-68,-156,122,202,-93,120,
 737,-68,-160,114,163,-84,128,
 738,-67,-163,120,206,-98,122,
 739,-68,-152,119,160,-99,119,
 740,-60,-152,117,191,-78,110,
 741,-63,-149,114,168,-87,121,
 742,-69,-161,117,188,-95,116,
 743,-64,-163,116,164,-103,125,
 744,-68,-150,112,169,-92,120,
 745,-65,-162,117,170,-78,114,
 746,-66,-160,123,175,-80,114,
 747,-64,-167,123,168,-112,122,
 748,-61,-162,121,190,-96,112,
 749,-65,-161,123,178,-77,115,
 750,-67,-155,119,176,-99,112,
 751,-66,-147,119,172,-110,107,
 752,-64,-147,123,169,-84,108,
 753,-71,-154,122,187,-87,108,
 754,-67,-156,121,172,-104,115,
 755,-67,-162,126,197,-96,113,
 756,-70,-161,123,164,-92,117,
 757,-66,-145,128,195,-92,111,
 758,-63,-155,127,166,-91,113,
 759,-66,-158,129,197,-90,119,
 760,-69,-169,118,161,-97,118,
 761,-64,-152,132,184,-84,119,
 762,-68,-155,127,161,-86,120,
 763,-66,-161,132,180,-91,126,
 764,-64,-155,123,161,-86,117,
 765,-67,-162,124,169,-93,111,
 766,-60,-155,123,170,-86,111,
 767,-59,-155,128,154,-85,110,
 768,-60,-156,124,173,-81,118,
 769,-67,-161,129,169,-81,114,
 770,-64,-148,116,175,-75,112,
 771,-67,-159,130,156,-74,119,
 772,-68,-159,126,172,-79,115,
 773,-66,-157,124,151,-81,115,
 774,-65,-157,126,175,-92,114,
 775,-66,-160,131,169,-82,114,
 776,-69,-162,131,189,-69,120,
 777,-66,-157,133,181,-68,114,
 778,-68,-150,126,160,-73,116,
 779,-66,-150,128,189,-77,112,
 780,-65,-169,121,157,-75,114,
 781,-62,-162,125,187,-70,123,
 782,-69,-156,116,177,-64,115,
 783,-61,-156,119,176,-77,123,
 784,-66,-166,120,183,-83,126,
 785,-64,-168,127,170,-78,117,
 786,-61,-165,133,167,-78,119,
 787,-62,-155,136,150,-89,121,
 788,-64,-156,135,174,-87,117,
 789,-65,-156,132,147,-80,126,
 790,-67,-151,128,176,-77,124,
 791,-65,-163,124,149,-82,117,
 792,-60,-167,126,162,-74,123,
 793,-60,-154,128,171,-79,124,
 794,-64,-153,131,166,-75,114,
 795,-64,-157,126,165,-68,115,
 796,-59,-156,137,152,-75,118,
 797,-59,-156,135,176,-77,116,
 798,-60,-160,133,170,-71,108,
 799,-65,-168,139,173,-61,108,
 800,-62,-161,126,182,-79,108,
 801,-60,-151,135,147,-69,107,
 802,-68,-169,137,190,-70,108,
 803,-67,-165,122,145,-67,109,
 804,-64,-158,140,165,-71,109,
 805,-62,-149,137,172,-62,114,
 806,-60,-160,133,139,-63,107,
 807,-63,-169,139,181,-70,107,
 808,-62,-164,135,145,-60,103,
 809,-66,-165,138,164,-67,110,
 810,-62,-167,140,159,-68,102,
 811,-60,-152,134,142,-60,107,
 812,-63,-159,136,157,-66,107,
 813,-58,-153,136,148,-57,113,
 814,-63,-158,131,159,-67,109,
 815,-68,-167,136,143,-53,105,
 816,-61,-161,139,151,-67,110,
 817,-61,-168,135,153,-57,99,
 818,-62,-165,141,147,-61,105,
 819,-59,-169,144,166,-52,107,
 820,-61,-172,143,146,-66,110,
 821,-58,-158,138,161,-52,99,
 822,-55,-153,132,164,-66,102,
 823,-58,-160,135,135,-63,101,
 824,-58,-156,139,177,-47,103,
 825,-54,-166,146,151,-62,100,
 826,-58,-167,143,159,-66,96,
 827,-61,-176,139,176,-54,98,
 828,-64,-162,147,146,-51,100,
 829,-61,-161,140,161,-55,100,
 830,-66,-171,136,157,-48,100,
 831,-66,-162,138,142,-44,102,
 832,-64,-155,151,167,-51,97,
 833,-65,-172,152,147,-46,96,
 834,-63,-170,149,154,-48,101,
 835,-66,-156,151,155,-40,94,
 836,-65,-166,144,136,-46,97,
 837,-60,-165,144,151,-50,96,
 838,-61,-166,139,156,-46,101,
 839,-63,-162,148,145,-39,99,
 840,-58,-169,154,158,-50,93,
 841,-58,-151,151,135,-53,96,
 842,-61,-158,157,145,-40,98,
 843,-59,-169,157,145,-34,96,
 844,-58,-157,143,124,-41,99,
 845,-67,-162,148,154,-40,95,
 846,-66,-169,150,152,-5,96,
 847,-60,-171,142,149,28,102,
 848,-60,-171,146,155,47,97,
 849,-60,-165,154,151,62,106,
 850,-56,-163,153,148,70,99,
 851,-58,-161,150,169,66,109,
 852,-62,-181,149,144,59,102,
 853,-59,-172,146,156,64,103,
 854,-61,-167,149,173,65,98,
 855,-63,-180,156,139,70,101,
 856,-56,-177,155,148,68,102,
 857,-57,-160,157,168,77,100,
 858,-58,-179,142,135,74,101,
 859,-57,-171,149,152,76,102,
 860,-58,-168,144,159,74,93,
 861,-61,-170,145,139,64,100,
 862,-61,-178,158,147,77,95,
 863,-54,-166,151,141,86,95,
 864,-55,-171,161,134,95,98,
 865,-64,-175,151,146,85,98,
 866,-60,-162,145,145,87,97,
 867,-62,-181,153,128,85,97,
 868,-57,-176,158,142,89,96,
 869,-57,-156,161,139,89,97,
 870,-58,-173,158,130,87,100,
 871,-64,-175,163,136,83,96,
 872,-66,-158,155,148,81,97,
 873,-65,-177,157,126,75,102,
 874,-57,-177,155,142,87,97,
 875,-59,-163,158,151,88,100,
 876,-64,-165,159,134,85,99,
 877,-65,-165,153,133,95,102,
 878,-63,-161,160,159,95,105,
 879,-59,-166,161,140,83,103,
 880,-57,-164,149,135,104,100,
 881,-64,-161,162,158,89,102,
 882,-64,-176,152,155,92,102,
 883,-63,-168,164,126,97,100,
 884,-58,-169,163,144,95,102,
 885,-56,-185,153,163,101,102,
 886,-57,-172,154,128,95,98,
 887,-61,-172,158,141,85,98,
 888,-62,-182,161,155,86,104,
 889,-57,-165,163,128,100,99,
 890,-54,-174,165,131,97,96,
 891,-55,-178,158,153,96,98,
 892,-61,-175,160,137,97,98,
 893,-59,-177,159,126,88,101,
 894,-60,-171,155,134,97,102,
 895,-58,-176,161,136,94,108,
 896,-54,-181,159,128,96,104,
 897,-60,-177,166,145,103,108,
 898,-62,-158,165,139,103,107,
 899,-60,-188,167,117,114,103,
 900,-55,-179,166,125,99,109,
 901,-58,-161,160,132,100,104,
 902,-64,-182,163,132,95,105,
 903,-61,-171,170,126,104,106,
 904,-58,-163,155,143,101,109,
 905,-58,-179,162,130,107,106,
 906,-61,-174,164,130,98,111,
 907,-56,-171,166,126,104,107,
 908,-58,-186,165,136,95,106,
 909,-63,-176,164,134,114,106,
 910,-61,-176,170,131,106,100,
 911,-59,-176,175,142,104,102,
 912,-58,-164,170,135,103,105,
 913,-60,-189,169,132,93,106,
 914,-55,-187,166,131,109,102,
 915,-59,-172,171,152,112,102,
 916,-64,-180,157,154,111,110,
 917,-61,-171,171,124,107,106,
 918,-55,-167,179,133,107,106,
 919,-53,-176,178,154,105,107,
 920,-58,-173,174,143,95,102,
 921,-56,-171,171,126,103,99,
 922,-58,-184,170,133,120,102,
 923,-60,-167,162,149,101,98,
 924,-58,-182,170,142,111,99,
 925,-50,-173,161,116,98,103,
 926,-58,-167,166,138,97,102,
 927,-55,-182,167,139,112,98,
 928,-53,-175,164,130,116,100,
 929,-57,-183,174,121,112,101,
 930,-61,-187,177,128,103,97,
 931,-52,-181,169,140,95,99,
 932,-61,-177,168,126,105,94,
 933,-59,-185,163,118,117,93,
 934,-53,-168,174,136,99,98,
 935,-60,-181,177,136,106,98,
 936,-57,-170,175,120,97,104,
 937,-55,-172,174,119,101,101,
 938,-59,-182,170,130,102,94,
 939,-61,-169,172,129,99,92,
 940,-56,-169,177,121,103,95,
 941,-60,-173,179,125,105,102,
 942,-61,-183,169,125,101,97,
 943,-60,-176,175,132,109,97,
 944,-56,-184,175,117,100,97,
 945,-61,-174,164,113,113,95,
 946,-60,-176,167,131,114,90,
 947,-55,-184,166,122,104,95,
 948,-60,-168,161,124,104,91,
 949,-59,-183,169,115,103,90,
 950,-53,-180,176,122,106,90,
 951,-58,-173,180,138,114,91,
 952,-62,-184,172,135,109,101,
 953,-57,-162,170,115,108,92,
 954,-64,-182,178,117,108,91,
 955,-61,-175,174,135,113,91,
 956,-53,-175,173,149,100,95,
 957,-57,-166,176,127,110,92,
 958,-59,-184,179,125,108,90,
 959,-54,-166,181,134,100,94,
 960,-60,-186,184,152,111,90,
 961,-55,-178,172,139,102,93,
 962,-52,-183,173,112,95,87,
 963,-57,-181,179,124,122,95,
 964,-52,-183,169,136,111,92,
 965,-58,-166,169,126,107,99,
 966,-60,-182,169,110,105,97,
 967,-50,-165,181,112,106,96,
 968,-60,-181,180,128,117,96,
 969,-59,-189,177,135,108,96,
 970,-56,-169,180,117,120,98,
 971,-59,-187,181,114,111,94,
 972,-52,-178,174,125,93,90,
 973,-62,-171,180,125,112,90,
 974,-55,-179,185,128,110,92,
 975,-61,-181,176,118,106,97,
 976,-61,-176,184,119,110,95,
 977,-55,-174,181,120,110,89,
 978,-59,-178,182,131,98,96,
 979,-56,-170,181,124,104,97,
 980,-61,-174,174,115,103,92,
 981,-59,-176,181,116,105,92,
 982,-56,-183,174,125,109,95,
 983,-63,-177,184,124,119,97,
 984,-55,-181,176,118,109,94,
 985,-56,-183,180,115,110,92,
 986,-52,-182,173,104,116,94,
 987,-53,-164,181,125,99,93,
 988,-60,-185,184,116,123,99,
 989,-55,-183,188,109,110,93,
 990,-58,-179,175,115,107,94,
 991,-57,-183,178,116,109,91,
 992,-58,-176,178,123,111,88,
 993,-54,-182,179,129,109,97,
 994,-52,-183,181,119,106,98,
 995,-53,-180,179,105,109,94,
 996,-52,-178,180,122,109,92,
 997,-56,-191,184,131,117,96,
 998,-57,-183,181,128,108,103,
 999,-59,-170,179,129,91,97,
 1000,-51,-182,198,111,109,96,
 1001,-58,-172,181,127,103,95,
 1002,-55,-166,182,132,112,95,
 1003,-55,-184,183,133,99,95,
 1004,-61,-166,184,130,110,96,
 1005,-57,-167,182,128,98,98,
 1006,-57,-174,183,111,117,101,
 1007,-54,-163,182,137,115,97,
 1008,-60,-166,189,147,115,98,
 1009,-49,-187,178,125,104,94,
 1010,-57,-168,189,124,93,92,
 1011,-58,-174,188,115,98,95,
 1012,-59,-185,183,120,112,93,
 1013,-58,-167,189,138,124,89,
 1014,-58,-173,185,131,110,95,
 1015,-57,-184,187,119,100,93,
 1016,-54,-177,184,106,96,90,
 1017,-55,-170,183,117,115,96,
 1018,-60,-189,195,129,118,94,
 1019,-55,-180,191,121,105,94,
 1020,-59,-176,181,104,97,96,
 1021,-54,-185,187,104,112,95,
 1022,-57,-174,191,109,103,100,
 1023,-56,-182,190,128,116,102,
 1024,-55,-191,181,126,110,102,
 1025,-53,-179,187,113,126,96,
 1026,-59,-186,188,107,113,101,
 1027,-55,-198,190,110,109,103,
 1028,-59,-175,182,123,101,95,
 1029,-55,-181,194,111,128,95,
 1030,-61,-177,187,108,94,98,
 1031,-52,-175,192,109,113,100,
 1032,-54,-183,188,112,93,105,
 1033,-53,-183,192,116,105,106,
 1034,-59,-185,193,127,92,106,
 1035,-51,-179,183,111,104,110,
 1036,-57,-177,187,107,107,107,
 1037,-52,-173,181,108,127,106,
 1038,-59,-186,192,113,102,107,
 1039,-52,-193,188,120,101,111,
 1040,-57,-186,181,124,104,111,
 1041,-51,-175,186,115,123,119,
 1042,-55,-198,192,114,121,108,
 1043,-58,-190,193,110,104,113,
 1044,-57,-181,192,117,99,109,
 1045,-53,-172,175,120,106,110,
 1046,-60,-182,191,112,106,114,
 1047,-55,-174,187,116,119,110,
 1048,-56,-183,190,109,119,111,
 1049,-54,-192,187,121,82,112,
 1050,-61,-184,198,115,97,110,
 1051,-57,-175,197,129,90,114,
 1052,-57,-169,191,117,91,119,
 1053,-54,-176,195,112,104,113,
 1054,-60,-168,188,118,114,113,
 1055,-55,-185,192,119,104,110,
 1056,-56,-172,197,140,109,116,
 1057,-53,-177,200,132,109,114,
 1058,-60,-184,195,131,113,114,
 1059,-55,-188,198,115,99,112,
 1060,-59,-180,195,122,106,116,
 1061,-54,-169,197,134,120,114,
 1062,-58,-184,190,139,113,115,
 1063,-51,-183,185,137,103,122,
 1064,-54,-182,188,130,107,114,
 1065,-52,-181,190,107,112,112,
 1066,-53,-189,179,129,107,113,
 1067,-57,-191,193,138,122,112,
 1068,-53,-182,187,129,84,112,
 1069,-57,-186,195,124,110,117,
 1070,-54,-183,196,125,89,113,
 1071,-58,-186,197,115,110,111,
 1072,-52,-185,186,126,116,121,
 1073,-52,-183,196,129,109,115,
 1074,-50,-183,194,131,97,117,
 1075,-58,-184,189,121,91,111,
 1076,-53,-183,197,122,115,110,
 1077,-58,-183,190,120,93,105,
 1078,-50,-172,189,122,103,113,
 1079,-54,-174,180,126,97,111,
 1080,-56,-183,186,117,104,113,
 1081,-49,-176,187,115,97,119,
 1082,-56,-175,192,113,118,111,
 1083,-52,-185,189,120,110,112,
 1084,-57,-198,192,125,94,112,
 1085,-50,-181,189,125,108,111,
 1086,-57,-183,193,126,105,120,
 1087,-52,-180,191,117,118,110,
 1088,-55,-181,190,108,100,118,
 1089,-50,-181,191,125,102,111,
 1090,-52,-170,182,127,96,115,
 1091,-57,-185,191,118,107,119,
 1092,-53,-177,189,121,105,111,
 1093,-59,-176,188,120,101,111,
 1094,-54,-182,190,118,107,108,
 1095,-60,-192,192,114,91,104,
 1096,-53,-185,198,123,100,108,
 1097,-56,-175,201,127,94,105,
 1098,-57,-173,195,109,103,101,
 1099,-51,-179,192,116,100,111,
 1100,-58,-180,195,129,97,104,
 1101,-55,-164,197,131,105,103,
 1102,-59,-163,197,124,92,108,
 1103,-62,-194,196,113,92,99,
 1104,-57,-187,199,116,97,105,
 1105,-53,-172,201,120,106,98,
 1106,-55,-168,194,125,107,102,
 1107,-50,-186,194,117,95,104,
 1108,-58,-183,193,125,110,112,
 1109,-52,-176,196,127,98,111,
 1110,-53,-168,199,107,111,104,
 1111,-58,-184,197,127,106,108,
 1112,-53,-182,200,143,107,105,
 1113,-59,-166,190,133,91,108,
 1114,-50,-178,192,147,100,113,
 1115,-55,-181,198,128,115,108,
 1116,-55,-172,189,108,104,109,
 1117,-50,-182,195,130,98,105,
 1118,-55,-173,200,140,97,110,
 1119,-53,-175,196,152,96,108,
 1120,-52,-188,196,144,106,110,
 1121,-53,-180,196,122,92,107,
 1122,-49,-164,200,123,98,112,
 1123,-53,-166,196,131,87,109,
 1124,-49,-187,191,142,101,116,
 1125,-56,-169,188,138,96,118,
 1126,-58,-182,187,122,115,115,
 1127,-51,-179,197,116,117,119,
 1128,-56,-176,194,130,87,114,
 1129,-54,-171,190,140,107,110,
 1130,-57,-181,196,122,88,115,
 1131,-53,-181,198,123,114,117,
 1132,-51,-166,202,110,99,119,
 1133,-57,-181,196,121,94,111,
 1134,-52,-187,198,121,106,112,
 1135,-54,-177,196,133,106,113,
 1136,-52,-165,187,113,113,109,
 1137,-60,-169,198,118,81,111,
 1138,-52,-178,190,116,94,123,
 1139,-52,-185,198,126,81,122,
 1140,-58,-178,194,125,89,120,
 1141,-51,-161,200,119,89,114,
 1142,-59,-168,191,115,95,114,
 1143,-57,-176,194,120,101,115,
 1144,-52,-179,185,119,99,121,
 1145,-56,-174,197,128,107,123,
 1146,-55,-169,192,127,86,130,
 1147,-53,-170,191,121,98,130,
 1148,-50,-178,202,112,107,129,
 1149,-51,-183,199,121,88,117,
 1150,-55,-180,202,113,92,116,
 1151,-57,-174,192,129,81,126,
 1152,-58,-184,205,115,101,133,
 1153,-60,-180,203,109,89,127,
 1154,-50,-171,198,109,83,118,
 1155,-53,-173,185,128,76,114,
 1156,-57,-173,182,123,80,116,
 1157,-56,-175,199,121,95,119,
 1158,-57,-185,187,109,82,118,
 1159,-54,-171,196,120,103,121,
 1160,-49,-169,185,130,101,119,
 1161,-54,-171,196,127,91,123,
 1162,-56,-172,188,130,82,126,
 1163,-48,-171,191,116,95,120,
 1164,-51,-176,194,121,78,123,
 1165,-56,-175,199,125,100,120,
 1166,-49,-175,199,138,82,122,
 1167,-54,-168,201,144,95,120,
 1168,-60,-176,201,140,102,118,
 1169,-50,-163,193,118,96,122,
 1170,-53,-178,196,127,98,122,
 1171,-57,-171,199,135,78,133,
 1172,-53,-163,199,134,107,119,
 1173,-55,-176,189,137,92,122,
 1174,-57,-166,201,136,92,128,
 1175,-51,-174,202,126,87,124,
 1176,-54,-177,202,129,96,122,
 1177,-60,-173,207,143,93,126,
 1178,-50,-169,206,147,102,118,
 1179,-55,-163,199,132,105,126,
 1180,-61,-173,206,118,86,120,
 1181,-52,-173,202,120,101,122,
 1182,-52,-172,192,133,85,115,
 1183,-58,-178,198,148,94,114,
 1184,-54,-177,196,146,82,121,
 1185,-53,-166,190,127,91,118,
 1186,-56,-176,198,119,94,120,
 1187,-54,-179,205,126,115,118,
 1188,-53,-169,201,128,90,119,
 1189,-51,-176,192,133,83,130,
 1190,-56,-174,190,121,96,131,
 1191,-54,-177,192,115,87,125,
 1192,-52,-181,199,115,97,121,
 1193,-55,-179,192,119,87,120,
 1194,-54,-176,195,126,91,122,
 1195,-55,-172,196,119,84,122,
 1196,-58,-168,186,118,92,129,
 1197,-54,-172,189,122,81,121,
 1198,-51,-181,197,134,99,120,
 1199,-56,-177,201,128,91,129,
 1200,-48,-167,202,122,90,131,
 1201,-47,-169,201,120,87,132,
 1202,-54,-179,210,126,91,126,
 1203,-56,-180,210,130,90,132,
 1204,-50,-189,212,133,92,119,
 1205,-51,-184,205,128,99,126,
 1206,-56,-170,203,125,102,116,
 1207,-49,-185,193,115,90,119,
 1208,-53,-177,195,129,77,127,
 1209,-55,-172,192,131,90,120,
 1210,-52,-172,196,124,72,124,
 1211,-50,-190,201,129,89,130,
 1212,-58,-179,202,116,82,136,
 1213,-56,-179,204,123,102,122,
 1214,-55,-167,202,134,105,131,
 1215,-53,-177,190,132,91,131,
 1216,-55,-175,202,127,90,131,
 1217,-54,-179,196,118,88,128,
 1218,-50,-176,199,123,96,132,
 1219,-52,-175,203,138,101,136,
 1220,-56,-174,194,144,87,126,
 1221,-51,-177,190,145,91,130,
 1222,-53,-177,205,128,77,128,
 1223,-54,-175,204,129,94,124,
 1224,-53,-173,200,134,92,135,
 1225,-56,-174,204,153,101,130,
 1226,-50,-172,198,140,74,125,
 1227,-53,-177,193,135,94,119,
 1228,-58,-174,198,119,76,125,
 1229,-53,-181,203,127,90,122,
 1230,-51,-187,191,148,65,124,
 1231,-55,-181,194,146,83,122,
 1232,-58,-178,201,130,81,121,
 1233,-56,-175,190,119,95,123,
 1234,-52,-175,197,134,95,120,
 1235,-53,-177,201,140,110,119,
 1236,-58,-170,195,136,74,120,
 1237,-53,-177,204,130,79,123,
 1238,-52,-179,196,116,83,120,
 1239,-60,-180,190,134,94,123,
 1240,-52,-187,203,132,78,116,
 1241,-60,-176,200,118,79,124,
 1242,-56,-167,189,120,81,129,
 1243,-51,-169,203,126,77,117,
 1244,-54,-173,187,126,89,114,
 1245,-59,-173,199,132,90,124,
 1246,-56,-172,199,130,91,117,
 1247,-53,-180,195,128,85,118,
 1248,-50,-183,206,113,95,123,
 1249,-53,-187,197,132,85,116,
 1250,-56,-178,199,140,90,119,
 1251,-55,-183,199,134,87,112,
 1252,-50,-182,202,131,90,118,
 1253,-53,-169,192,110,89,126,
 1254,-55,-174,203,123,86,119,
 1255,-58,-172,201,136,89,122,
 1256,-48,-170,194,132,86,126,
 1257,-49,-179,191,126,82,119,
 1258,-50,-173,198,122,74,124,
 1259,-53,-176,201,120,85,126,
 1260,-55,-176,201,130,73,124,
 1261,-51,-180,199,132,87,130,
 1262,-51,-183,206,120,87,126,
 1263,-56,-176,192,130,80,127,
 1264,-55,-182,198,125,76,132,
 1265,-56,-183,192,138,87,127,
 1266,-52,-178,200,137,85,132,
 1267,-51,-184,203,126,100,121,
 1268,-51,-185,201,126,90,135,
 1269,-55,-185,206,135,91,132,
 1270,-59,-168,194,136,91,137,
 1271,-56,-182,200,144,72,122,
 1272,-53,-173,203,137,81,118,
 1273,-52,-179,205,130,75,124,
 1274,-56,-190,203,125,88,125,
 1275,-56,-176,207,130,73,124,
 1276,-55,-186,200,146,91,122,
 1277,-52,-183,198,150,80,121,
 1278,-56,-178,208,132,87,126,
 1279,-55,-176,206,122,79,120,
 1280,-59,-176,203,131,82,127,
 1281,-50,-182,200,150,91,126,
 1282,-51,-183,200,145,71,129,
 1283,-52,-168,188,130,78,121,
 1284,-56,-184,192,121,74,122,
 1285,-59,-185,197,127,83,117,
 1286,-52,-184,203,135,88,118,
 1287,-51,-184,207,141,81,124,
 1288,-49,-189,206,131,83,120,
 1289,-56,-189,199,119,72,119,
 1290,-59,-187,196,137,82,120,
 1291,-58,-174,200,133,71,121,
 1292,-56,-180,192,127,87,119,
 1293,-51,-179,200,123,74,120,
 1294,-51,-184,200,117,83,117,
 1295,-57,-175,206,124,82,123,
 1296,-56,-183,207,133,82,115,
 1297,-53,-188,205,126,85,122,
 1298,-47,-188,202,108,82,111,
 1299,-48,-193,207,121,92,110,
 1300,-53,-188,204,124,76,117,
 1301,-54,-182,196,132,88,111,
 1302,-55,-195,194,135,81,109,
 1303,-52,-189,201,123,84,110,
 1304,-51,-185,199,126,87,118,
 1305,-49,-182,199,115,81,123,
 1306,-50,-187,207,122,82,119,
 1307,-50,-184,203,131,74,115,
 1308,-53,-178,194,131,88,112,
 1309,-56,-180,200,127,92,109,
 1310,-53,-186,199,120,78,109,
 1311,-57,-184,200,129,81,112,
 1312,-51,-184,204,133,82,115,
 1313,-51,-191,202,130,75,120,
 1314,-50,-183,203,122,68,124,
 1315,-54,-194,187,119,78,114,
 1316,-57,-187,195,122,76,120,
 1317,-51,-189,200,135,69,115,
 1318,-51,-187,201,126,89,116,
 1319,-47,-190,198,124,78,114,
 1320,-48,-178,192,114,72,117,
 1321,-51,-190,191,123,76,118,
 1322,-54,-186,201,136,69,112,
 1323,-56,-186,205,150,90,108,
 1324,-55,-188,208,144,84,110,
 1325,-56,-189,196,127,86,119,
 1326,-51,-174,199,126,85,121,
 1327,-51,-186,207,138,76,118,
 1328,-51,-191,211,149,72,118,
 1329,-50,-188,198,150,77,117,
 1330,-57,-190,207,130,70,124,
 1331,-55,-192,209,132,80,121,
 1332,-58,-186,209,127,75,125,
 1333,-51,-179,208,146,78,119,
 1334,-52,-190,214,130,73,118,
 1335,-50,-184,198,126,64,115,
 1336,-48,-188,205,119,74,113,
 1337,-50,-186,208,126,78,113,
 1338,-53,-183,199,139,76,113,
 1339,-57,-184,211,129,68,112,
 1340,-54,-190,201,130,72,115,
 1341,-56,-186,203,120,79,115,
 1342,-50,-190,211,116,71,110,
 1343,-54,-189,207,122,72,114,
 1344,-52,-196,208,141,83,113,
 1345,-54,-195,212,128,74,120,
 1346,-50,-193,213,119,82,112,
 1347,-53,-193,208,113,89,112,
 1348,-54,-186,214,124,71,117,
 1349,-54,-185,208,130,73,110,
 1350,-55,-193,210,135,86,107,
 1351,-51,-193,203,128,89,107,
 1352,-51,-183,204,114,93,103,
 1353,-50,-188,198,111,90,103,
 1354,-49,-189,209,131,79,107,
 1355,-49,-192,212,132,74,108,
 1356,-49,-193,211,129,61,110,
 1357,-54,-194,210,126,77,109,
 1358,-52,-193,212,115,87,101,
 1359,-54,-193,210,128,80,110,
 1360,-52,-192,201,131,69,110,
 1361,-50,-195,201,117,82,112,
 1362,-47,-191,207,124,71,111,
 1363,-49,-191,204,119,68,117,
 1364,-48,-187,198,120,82,109,
 1365,-49,-200,199,130,73,106,
 1366,-50,-196,208,130,79,111,
 1367,-51,-197,212,125,73,101,
 1368,-53,-195,203,124,75,102,
 1369,-50,-194,206,121,77,97,
 1370,-55,-191,199,116,83,98,
 1371,-53,-198,197,127,75,103,
 1372,-53,-202,209,138,69,98,
 1373,-50,-193,201,141,78,100,
 1374,-47,-200,194,114,73,99,
 1375,-49,-185,207,119,82,98,
 1376,-51,-190,209,124,76,96,
 1377,-50,-198,201,139,77,98,
 1378,-50,-186,212,150,78,91,
 1379,-51,-197,216,143,79,92,
 1380,-53,-194,215,125,76,91,
 1381,-53,-192,213,119,86,90,
 1382,-54,-195,211,120,83,94,
 1383,-55,-195,208,142,67,95,
 1384,-52,-195,210,148,68,97,
 1385,-54,-197,213,140,78,88,
 1386,-51,-202,205,120,71,85,
 1387,-56,-193,206,113,74,90,
 1388,-52,-183,209,123,88,86,
 1389,-55,-194,208,144,80,85,
 1390,-52,-185,213,148,68,86,
 1391,-48,-187,216,129,74,90,
 1392,-50,-203,204,119,70,83,
 1393,-52,-193,209,115,85,85,
 1394,-53,-205,196,131,83,86,
 1395,-49,-208,204,136,70,81,
 1396,-53,-203,199,126,72,85,
 1397,-52,-195,207,129,81,85,
 1398,-54,-196,205,121,74,84,
 1399,-54,-193,210,107,71,85,
 1400,-57,-194,206,124,79,86,
 1401,-53,-199,200,118,77,81,
 1402,-52,-194,219,126,70,81,
 1403,-54,-206,221,116,66,85,
 1404,-52,-208,205,126,83,86,
 1405,-48,-214,198,111,75,83,
 1406,-49,-211,209,119,68,82,
 1407,-47,-198,207,127,74,81,
 1408,-48,-204,213,115,79,82,
 1409,-48,-203,208,118,63,82,
 1410,-49,-198,201,114,77,80,
 1411,-52,-192,206,103,86,79,
 1412,-53,-202,207,117,71,78,
 1413,-54,-193,212,117,67,75,
 1414,-49,-202,208,128,72,76,
 1415,-51,-208,202,117,57,80,
 1416,-49,-196,208,114,69,75,
 1417,-53,-196,218,112,65,75,
 1418,-47,-205,208,120,82,78,
 1419,-46,-206,219,122,74,83,
 1420,-48,-203,206,128,64,78,
 1421,-48,-208,214,122,78,73,
 1422,-50,-214,208,108,76,80,
 1423,-51,-213,209,111,65,77,
 1424,-52,-212,214,110,71,73,
 1425,-51,-199,210,112,64,74,
 1426,-55,-207,218,130,75,74,
 1427,-54,-208,220,127,70,77,
 1428,-54,-202,215,122,74,80,
 1429,-51,-210,208,113,79,77,
 1430,-53,-207,205,118,72,74,
 1431,-51,-201,199,114,80,76,
 1432,-56,-213,203,121,79,72,
 1433,-51,-210,213,114,72,75,
 1434,-50,-207,200,127,69,73,
 1435,-49,-210,204,124,75,72,
 1436,-50,-207,202,116,79,75,
 1437,-51,-208,208,123,78,73,
 1438,-53,-210,202,117,82,70,
 1439,-55,-213,199,124,85,66,
 1440,-51,-210,210,128,71,70,
 1441,-55,-208,218,133,67,65,
 1442,-53,-215,216,130,79,69,
 1443,-59,-207,212,129,76,67,
 1444,-54,-210,205,118,73,73,
 1445,-54,-208,205,119,75,68,
 1446,-54,-201,219,125,75,72,
 1447,-51,-211,218,130,70,68,
 1448,-49,-213,216,131,81,66,
 1449,-50,-210,209,135,74,69,
 1450,-51,-208,211,132,73,67,
 1451,-50,-200,216,122,77,65,
 1452,-54,-210,203,111,71,65,
 1453,-54,-215,217,128,66,67,
 1454,-56,-215,216,129,70,69,
 1455,-55,-205,213,133,80,70,
 1456,-58,-205,212,133,65,69,
 1457,-51,-210,215,113,69,63,
 1458,-50,-199,211,108,76,52,
 1459,-51,-204,207,115,75,39,
 1460,-53,-211,209,113,75,18,
 1461,-54,-212,215,124,77,-12,
 1462,-53,-210,213,134,72,-42,
 1463,-54,-208,210,120,72,-57,
 1464,-52,-201,214,123,74,-52,
 1465,-54,-219,214,114,73,-59,
 1466,-52,-219,215,107,69,-79,
 1467,-51,-217,217,116,72,-79,
 1468,-49,-209,214,118,80,-78,
 1469,-50,-201,206,117,83,-73,
 1470,-50,-202,216,117,70,-75,
 1471,-53,-220,212,111,53,-73,
 1472,-55,-217,217,104,66,-79,
 1473,-53,-218,210,107,77,-77,
 1474,-50,-209,216,117,85,-78,
 1475,-48,-205,202,116,76,-80,
 1476,-50,-204,212,108,64,-78,
 1477,-51,-210,204,115,73,-75,
 1478,-53,-216,219,116,84,-76,
 1479,-57,-211,216,100,72,-79,
 1480,-56,-212,212,105,69,-81,
 1481,-57,-205,210,105,73,-83,
 1482,-53,-215,215,113,76,-82,
 1483,-50,-217,205,119,76,-84,
 1484,-50,-212,208,114,75,-82,
 1485,-49,-212,217,113,72,-81,
 1486,-55,-215,212,110,87,-87,
 1487,-55,-219,225,112,89,-89,
 1488,-56,-215,221,105,84,-90,
 1489,-51,-227,217,104,79,-90,
 1490,-51,-213,217,108,68,-86,
 1491,-52,-205,221,109,79,-88,
 1492,-52,-213,222,117,77,-93,
 1493,-56,-213,219,111,74,-91,
 1494,-50,-214,209,97,72,-96,
 1495,-52,-209,222,118,79,-91,
 1496,-50,-206,219,112,85,-88,
 1497,-51,-212,224,106,75,-94,
 1498,-54,-224,212,107,80,-93,
 1499,-55,-227,220,108,82,-91,
 1500,-55,-223,223,113,77,-92,
 1501,-54,-222,228,113,74,-94,
 1502,-51,-219,221,110,77,-91,
 1503,-55,-217,226,110,75,-91,
 1504,-56,-228,219,106,77,-95,
 1505,-57,-225,223,105,76,-89,
 1506,-50,-222,218,99,68,-91,
 1507,-52,-225,222,103,72,-98,
 1508,-53,-217,217,112,72,-98,
 1509,-57,-225,223,113,64,-96,
 1510,-59,-222,220,111,75,-90,
 1511,-52,-224,215,112,74,-93,
 1512,-54,-223,217,114,74,-96,
 1513,-58,-218,215,110,72,-93,
 1514,-54,-221,206,105,68,-95,
 1515,-49,-222,217,105,76,-93,
 1516,-50,-223,217,123,79,-93,
 1517,-55,-217,225,121,77,-98,
 1518,-57,-232,230,128,68,-102,
 1519,-51,-222,219,132,76,-102,
 1520,-52,-212,217,116,85,-102,
 1521,-56,-230,214,120,81,-100,
 1522,-57,-227,228,105,73,-98,
 1523,-54,-237,228,98,71,-95,
 1524,-50,-222,230,107,72,-100,
 1525,-51,-222,226,123,74,-101,
 1526,-59,-224,222,118,86,-98,
 1527,-56,-233,223,127,84,-101,
 1528,-53,-217,219,127,83,-113,
 1529,-56,-221,209,126,81,-108,
 1530,-54,-217,219,105,81,-109,
 1531,-56,-223,213,102,77,-108,
 1532,-57,-220,209,107,69,-113,
 1533,-57,-228,219,105,66,-113,
 1534,-50,-232,210,115,70,-105,
 1535,-51,-230,221,116,82,-107,
 1536,-58,-219,211,117,75,-110,
 1537,-53,-226,225,116,80,-111,
 1538,-52,-226,214,124,81,-112,
 1539,-59,-223,225,103,78,-118,
 1540,-54,-220,221,116,75,-118,
 1541,-56,-227,224,114,82,-116,
 1542,-56,-218,232,104,78,-125,
 1543,-56,-230,215,106,68,-117,
 1544,-59,-217,229,115,71,-120,
 1545,-58,-224,220,115,72,-119,
 1546,-55,-232,216,109,83,-118,
 1547,-57,-222,222,111,80,-123,
 1548,-57,-215,234,113,77,-121,
 1549,-52,-234,230,110,77,-129,
 1550,-61,-229,224,104,70,-125,
 1551,-51,-229,228,106,84,-137,
 1552,-54,-227,226,99,85,-130,
 1553,-63,-240,221,101,74,-129,
 1554,-57,-227,231,111,81,-129,
 1555,-59,-234,222,113,85,-130,
 1556,-58,-230,234,112,77,-126,
 1557,-58,-231,222,105,88,-133,
 1558,-59,-227,223,102,71,-128,
 1559,-52,-225,221,98,78,-135,
 1560,-59,-230,225,102,77,-127,
 1561,-54,-222,225,105,78,-134,
 1562,-56,-220,222,107,83,-128,
 1563,-57,-236,217,106,85,-127,
 1564,-52,-238,217,110,90,-125,
 1565,-59,-222,220,121,82,-125,
 1566,-55,-222,225,113,84,-116,
 1567,-57,-242,220,106,73,-124,
 1568,-49,-236,224,107,78,-128,
 1569,-54,-229,215,103,81,-133,
 1570,-54,-232,227,100,78,-126,
 1571,-62,-240,226,96,77,-130,
 1572,-53,-217,222,94,81,-126,
 1573,-57,-226,232,105,88,-120,
 1574,-55,-225,236,107,79,-122,
 1575,-55,-222,225,116,72,-132,
 1576,-50,-220,224,106,77,-126,
 1577,-54,-245,227,102,82,-125,
 1578,-56,-238,226,103,80,-123,
 1579,-54,-219,225,97,81,-133,
 1580,-58,-221,216,97,87,-124,
 1581,-57,-224,226,95,84,-128,
 1582,-61,-226,227,104,81,-121,
 1583,-55,-231,221,104,81,-121,
 1584,-60,-220,222,104,90,-123,
 1585,-53,-227,218,109,86,-119,
 1586,-63,-228,227,109,87,-126,
 1587,-57,-232,222,98,87,-123,
 1588,-61,-219,231,105,80,-126,
 1589,-64,-227,232,104,78,-130,
 1590,-57,-229,227,101,79,-125,
 1591,-58,-229,235,111,89,-122,
 1592,-60,-226,226,114,91,-117,
 1593,-58,-234,212,109,87,-124,
 1594,-64,-240,228,106,92,-121,
 1595,-59,-227,225,112,83,-120,
 1596,-57,-232,218,112,75,-121,
 1597,-60,-237,232,107,75,-121,
 1598,-55,-222,228,97,84,-116,
 1599,-56,-235,220,104,85,-110,
 1600,-61,-234,233,109,86,-111,
 1601,-56,-229,231,107,78,-112,
 1602,-58,-237,225,111,86,-118,
 1603,-61,-240,228,106,88,-117,
 1604,-58,-230,230,114,84,-111,
 1605,-55,-239,239,110,93,-113,
 1606,-60,-230,232,114,91,-121,
 1607,-62,-231,215,119,76,-112,
 1608,-64,-224,221,113,78,-109,
 1609,-55,-222,217,105,86,-114,
 1610,-57,-220,216,110,74,-114,
 1611,-58,-229,210,113,87,-111,
 1612,-61,-221,225,110,89,-113,
 1613,-60,-237,222,120,87,-113,
 1614,-57,-223,227,113,83,-119,
 1615,-65,-229,221,116,88,-110,
 1616,-63,-234,229,121,86,-113,
 1617,-63,-220,232,135,87,-114,
 1618,-59,-230,232,126,90,-118,
 1619,-59,-227,235,112,80,-123,
 1620,-64,-229,240,107,83,-116,
 1621,-63,-229,235,103,89,-123,
 1622,-62,-241,233,108,82,-118,
 1623,-58,-228,218,116,78,-119,
 1624,-59,-224,229,113,88,-118,
 1625,-58,-236,217,124,95,-117,
 1626,-64,-228,227,132,85,-115,
 1627,-64,-235,233,125,78,-113,
 1628,-64,-216,233,125,76,-114,
 1629,-63,-231,229,122,93,-118,
 1630,-57,-236,219,107,92,-115,
 1631,-58,-223,226,108,81,-116,
 1632,-58,-231,228,106,90,-115,
 1633,-63,-234,227,113,85,-119,
 1634,-60,-233,231,121,91,-113,
 1635,-56,-236,220,122,87,-113,
 1636,-55,-232,228,116,89,-118,
 1637,-61,-228,219,120,86,-120,
 1638,-57,-226,223,110,92,-123,
 1639,-63,-220,223,102,89,-117,
 1640,-61,-237,211,112,93,-118,
 1641,-57,-231,221,107,93,-114,
 1642,-58,-231,229,102,97,-119,
 1643,-63,-241,218,127,92,-115,
 1644,-57,-233,220,120,85,-118,
 1645,-62,-227,220,116,95,-121,
 1646,-65,-236,217,118,85,-116,
 1647,-64,-220,227,115,90,-119,
 1648,-61,-242,232,113,92,-119,
 1649,-61,-226,221,110,93,-119,
 1650,-63,-229,231,104,87,-114,
 1651,-63,-224,237,104,88,-122,
 1652,-63,-219,219,118,88,-122,
 1653,-64,-225,230,108,94,-122,
 1654,-61,-234,232,120,95,-126,
 1655,-64,-230,225,112,89,-131,
 1656,-64,-229,226,109,88,-128,
 1657,-66,-225,228,106,82,-119,
 1658,-65,-240,229,110,84,-115,
 1659,-62,-239,219,106,83,-115,
 1660,-67,-219,222,106,85,-110,
 1661,-59,-232,236,106,100,-117,
 1662,-56,-227,222,113,86,-121,
 1663,-60,-240,232,112,82,-116,
 1664,-58,-234,223,105,91,-111,
 1665,-65,-229,224,109,84,-111,
 1666,-61,-246,234,105,84,-112,
 1667,-63,-221,223,119,93,-113,
 1668,-61,-230,224,110,87,-109,
 1669,-62,-227,218,99,89,-109,
 1670,-67,-235,225,100,84,-108,
 1671,-66,-238,219,110,89,-110,
 1672,-66,-235,228,111,91,-115,
 1673,-60,-235,221,114,88,-114,
 1674,-64,-223,225,112,98,-116,
 1675,-62,-234,221,116,100,-115,
 1676,-63,-228,213,109,86,-112,
 1677,-63,-226,230,111,88,-112,
 1678,-67,-236,222,114,97,-109,
 1679,-62,-229,219,104,100,-109,
 1680,-62,-240,220,108,85,-113,
 1681,-67,-224,224,107,90,-109,
 1682,-68,-237,226,113,94,-109,
 1683,-61,-237,211,117,93,-108,
 1684,-65,-218,226,110,95,-109,
 1685,-61,-235,228,110,96,-108,
 1686,-62,-227,215,112,88,-105,
 1687,-66,-240,229,109,91,-107,
 1688,-63,-229,233,112,94,-110,
 1689,-64,-226,224,110,83,-110,
 1690,-61,-237,226,109,96,-105,
 1691,-63,-232,227,131,100,-106,
 1692,-62,-239,233,126,90,-108,
 1693,-59,-225,218,116,85,-105,
 1694,-66,-240,227,113,94,-101,
 1695,-66,-232,231,113,88,-102,
 1696,-69,-235,233,113,87,-99,
 1697,-70,-234,228,113,95,-99,
 1698,-62,-225,230,123,95,-102,
 1699,-69,-228,218,128,82,-97,
 1700,-67,-217,226,125,94,-101,
 1701,-69,-236,227,125,82,-99,
 1702,-68,-230,214,124,91,-97,
 1703,-67,-233,226,114,95,-96,
 1704,-64,-232,230,107,93,-99,
 1705,-66,-230,221,116,95,-95,
 1706,-62,-228,227,114,90,-93,
 1707,-68,-226,227,125,96,-92,
 1708,-65,-233,231,134,93,-91,
 1709,-71,-220,230,127,87,-96,
 1710,-65,-233,221,126,98,-91,
 1711,-71,-232,236,121,87,-87,
 1712,-68,-227,231,129,97,-89,
 1713,-68,-235,226,119,100,-87,
 1714,-65,-218,224,117,93,-89,
 1715,-66,-230,216,128,90,-93,
 1716,-64,-221,222,128,90,-93,
 1717,-63,-232,228,134,90,-94,
 1718,-59,-224,225,136,102,-94,
 1719,-69,-226,231,129,100,-92,
 1720,-63,-236,219,120,98,-95,
 1721,-63,-228,235,116,103,-89,
 1722,-71,-228,221,122,84,-87,
 1723,-67,-214,229,119,87,-87,
 1724,-67,-235,220,133,105,-87,
 1725,-70,-219,235,133,94,-87,
 1726,-70,-232,229,132,95,-89,
 1727,-65,-213,234,126,89,-83,
 1728,-75,-227,225,122,92,-88,
 1729,-70,-227,230,122,87,-92,
 1730,-67,-231,222,134,103,-94,
 1731,-72,-216,230,127,97,-90,
 1732,-70,-212,218,120,95,-90,
 1733,-74,-217,232,146,92,-90,
 1734,-74,-226,232,123,85,-89,
 1735,-67,-236,239,116,97,-90,
 1736,-61,-217,234,122,103,-91,
 1737,-70,-226,223,121,96,-90,
 1738,-64,-220,230,118,94,-88,
 1739,-69,-231,234,136,87,-91,
 1740,-64,-229,233,133,89,-89,
 1741,-70,-216,241,121,87,-94,
 1742,-73,-236,230,121,99,-89,
 1743,-69,-220,235,118,99,-93,
 1744,-62,-224,234,120,95,-88,
 1745,-69,-223,224,124,94,-94,
 1746,-73,-231,229,130,99,-92,
 1747,-72,-219,227,122,97,-87,
 1748,-72,-234,224,129,89,-94,
 1749,-72,-203,226,118,94,-92,
 1750,-72,-227,234,115,86,-92,
 1751,-64,-216,225,123,97,-98,
 1752,-71,-230,223,126,104,-98,
 1753,-67,-222,223,126,85,-95,
 1754,-76,-217,239,125,92,-95,
 1755,-69,-214,225,126,99,-90,
 1756,-68,-217,236,115,96,-89,
 1757,-67,-228,230,117,98,-94,
 1758,-68,-216,225,123,97,-94,
 1759,-66,-224,232,113,93,-90,
 1760,-70,-211,225,122,99,-90,
 1761,-71,-216,227,118,95,-93,
 1762,-73,-217,227,123,95,-92,
 1763,-69,-224,229,120,94,-92,
 1764,-71,-221,221,121,89,-91,
 1765,-65,-219,226,119,89,-89,
 1766,-71,-230,217,125,95,-87,
 1767,-67,-214,214,116,91,-91,
 1768,-72,-222,230,127,92,-89,
 1769,-74,-210,225,125,86,-87,
 1770,-74,-230,223,126,104,-92,
 1771,-75,-209,215,131,97,-89,
 1772,-73,-224,222,118,87,-88,
 1773,-71,-215,229,126,99,-90,
 1774,-75,-216,228,125,86,-83,
 1775,-75,-215,222,132,117,-87,
 1776,-71,-226,220,130,88,-86,
 1777,-68,-199,229,129,84,-92,
 1778,-73,-213,223,127,100,-91,
 1779,-66,-203,222,124,100,-82,
 1780,-69,-219,212,135,107,-89,
 1781,-67,-219,228,134,96,-88,
 1782,-67,-220,225,145,84,-84,
 1783,-66,-227,228,137,95,-88,
 1784,-72,-206,219,128,88,-91,
 1785,-70,-221,218,123,99,-93,
 1786,-73,-208,236,126,100,-88,
 1787,-67,-220,226,143,93,-87,
 1788,-70,-199,221,145,102,-86,
 1789,-68,-215,225,147,82,-85,
 1790,-72,-207,237,134,98,-86,
 1791,-68,-213,220,131,95,-81,
 1792,-77,-211,229,122,92,-75,
 1793,-72,-212,224,134,98,-60,
 1794,-74,-212,230,139,93,-43,
 1795,-70,-211,225,146,96,-24,
 1796,-76,-216,217,139,100,6,
 1797,-71,-214,228,117,95,40,
 1798,-68,-222,228,125,96,50,
 1799,-64,-206,222,123,75,66,
 1800,-70,-227,217,132,98,51,
 1801,-71,-206,225,135,94,66,
 1802,-73,-230,218,138,88,75,
 1803,-71,-221,231,135,104,81,
 1804,-72,-210,221,136,78,80,
 1805,-68,-219,235,125,85,75,
 1806,-75,-207,240,127,84,73,
 1807,-76,-213,228,122,89,75,
 1808,-69,-205,230,128,97,73,
 1809,-72,-215,224,123,100,79,
 1810,-69,-192,220,129,101,77,
 1811,-75,-209,228,116,98,82,
 1812,-78,-210,226,123,93,83,
 1813,-76,-208,224,125,102,80,
 1814,-76,-203,222,134,97,81,
 1815,-71,-210,232,125,101,82,
 1816,-72,-211,229,121,98,83,
 1817,-73,-205,223,123,92,82,
 1818,-75,-213,222,120,99,85,
 1819,-63,-207,221,124,85,92,
 1820,-68,-218,226,141,95,91,
 1821,-66,-203,228,133,89,89,
 1822,-71,-216,233,119,93,85,
 1823,-65,-209,229,125,97,87,
 1824,-72,-191,230,119,87,85,
 1825,-72,-203,233,130,99,86,
 1826,-71,-202,221,134,81,88,
 1827,-74,-219,221,126,92,93,
 1828,-71,-204,226,122,88,89,
 1829,-76,-196,222,113,75,93,
 1830,-70,-197,230,111,91,90,
 1831,-72,-215,221,126,86,92,
 1832,-77,-197,214,136,92,93,
 1833,-69,-201,231,122,90,91,
 1834,-71,-194,224,125,97,93,
 1835,-68,-193,226,118,97,89,
 1836,-67,-214,229,126,92,90,
 1837,-73,-189,222,132,85,93,
 1838,-70,-209,228,138,80,85,
 1839,-72,-198,231,135,92,86,
 1840,-71,-206,213,124,93,93,
 1841,-72,-189,220,133,95,93,
 1842,-74,-197,227,119,103,90,
 1843,-71,-197,230,130,90,91,
 1844,-66,-190,230,139,89,93,
 1845,-73,-212,218,140,88,90,
 1846,-70,-197,215,152,99,91,
 1847,-73,-215,217,140,102,94,
 1848,-73,-202,229,116,95,96,
 1849,-75,-213,221,129,90,96,
 1850,-75,-195,226,136,88,92,
 1851,-70,-191,219,142,92,91,
 1852,-73,-200,217,155,97,88,
 1853,-71,-193,230,136,84,87,
 1854,-78,-208,226,122,81,85,
 1855,-72,-190,225,119,81,92,
 1856,-73,-213,229,137,97,92,
 1857,-69,-186,223,145,95,92,
 1858,-71,-194,222,139,80,90,
 1859,-70,-204,226,135,91,91,
 1860,-68,-190,228,122,84,87,
 1861,-70,-199,229,116,90,89,
 1862,-67,-188,231,139,83,89,
 1863,-72,-188,234,142,89,93,
 1864,-75,-189,232,127,90,88,
 1865,-74,-184,228,133,85,89,
 1866,-75,-199,209,132,89,87,
 1867,-71,-189,228,130,79,84,
 1868,-74,-197,218,135,97,89,
 1869,-75,-185,217,137,93,87,
 1870,-76,-191,213,122,96,86,
 1871,-75,-191,220,122,97,91,
 1872,-69,-188,216,118,83,94,
 1873,-73,-206,214,122,101,96,
 1874,-69,-192,226,123,93,97,
 1875,-72,-195,221,131,88,92,
 1876,-66,-189,212,135,94,94,
 1877,-72,-184,218,123,83,90,
 1878,-69,-196,216,112,86,91,
 1879,-72,-175,223,128,83,91,
 1880,-72,-190,207,122,89,96,
 1881,-70,-182,216,126,92,101,
 1882,-68,-181,209,133,85,102,
 1883,-66,-194,227,125,90,91,
 1884,-75,-179,224,114,78,99,
 1885,-69,-197,222,124,83,97,
 1886,-73,-184,213,120,80,95,
 1887,-69,-177,217,123,78,108,
 1888,-71,-181,219,126,90,105,
 1889,-71,-175,213,124,74,101,
 1890,-74,-186,218,118,83,103,
 1891,-71,-173,214,126,87,105,
 1892,-70,-177,216,115,81,106,
 1893,-68,-193,216,127,96,100,
 1894,-68,-177,220,126,91,103,
 1895,-66,-194,225,121,90,103,
 1896,-70,-183,207,122,88,108,
 1897,-66,-178,219,120,88,104,
 1898,-70,-180,220,131,96,102,
 1899,-72,-175,211,134,88,108,
 1900,-70,-182,214,137,92,106,
 1901,-68,-183,223,123,89,108,
 1902,-68,-184,221,118,72,102,
 1903,-70,-191,215,123,88,104,
 1904,-68,-175,212,135,82,107,
 1905,-72,-177,213,146,85,104,
 1906,-71,-186,212,141,86,109,
 1907,-71,-171,217,134,84,113,
 1908,-70,-187,216,123,77,113,
 1909,-69,-186,205,116,75,112,
 1910,-71,-184,210,137,80,121,
 1911,-67,-192,219,130,79,121,
 1912,-71,-178,219,147,80,117,
 1913,-69,-188,222,137,86,122,
 1914,-71,-173,222,133,82,110,
 1915,-66,-164,210,121,76,113,
 1916,-65,-183,217,115,93,110,
 1917,-65,-180,220,139,83,110,
 1918,-67,-170,208,141,91,110,
 1919,-65,-187,209,134,87,112,
 1920,-72,-180,216,122,87,111,
 1921,-65,-173,208,120,90,119,
 1922,-68,-179,214,127,75,116,
 1923,-66,-169,222,123,86,114,
 1924,-70,-184,219,128,76,109,
 1925,-69,-166,213,132,79,115,
 1926,-67,-175,228,123,81,111,
 1927,-70,-178,229,117,74,120,
 1928,-64,-159,212,127,86,110,
 1929,-73,-176,213,128,81,119,
 1930,-69,-179,220,125,91,115,
 1931,-68,-173,220,122,83,119,
 1932,-69,-177,214,119,86,118,
 1933,-70,-180,219,111,77,119,
 1934,-65,-160,218,106,85,130,
 1935,-62,-173,221,114,81,115,
 1936,-65,-171,217,127,85,121,
 1937,-67,-160,218,119,79,115,
 1938,-65,-179,212,114,72,120,
 1939,-63,-177,221,115,82,113,
 1940,-63,-175,208,116,81,118,
 1941,-62,-179,205,120,63,110,
 1942,-64,-163,210,122,80,115,
 1943,-65,-174,216,121,68,110,
 1944,-67,-172,213,109,82,112,
 1945,-71,-166,211,120,84,109,
 1946,-65,-166,217,117,82,115,
 1947,-71,-177,214,121,74,108,
 1948,-67,-169,214,125,72,112,
 1949,-68,-164,207,124,68,111,
 1950,-65,-175,209,120,74,117,
 1951,-72,-168,218,118,81,114,
 1952,-69,-163,220,107,72,113,
 1953,-60,-181,217,119,74,110,
 1954,-70,-180,210,113,70,116,
 1955,-64,-161,206,128,71,108,
 1956,-65,-156,217,118,69,114,
 1957,-69,-162,208,115,67,108,
 1958,-64,-149,221,112,80,109,
 1959,-67,-166,211,117,76,109,
 1960,-66,-157,217,114,75,104,
 1961,-59,-160,202,120,83,105,
 1962,-63,-161,212,117,71,105,
 1963,-65,-174,206,130,64,108,
 1964,-60,-172,208,116,80,116,
 1965,-65,-166,212,132,81,110,
 1966,-66,-159,215,112,80,106,
 1967,-61,-162,207,106,81,103,
 1968,-60,-157,208,119,73,105,
 1969,-63,-162,214,124,68,103,
 1970,-63,-173,204,131,68,114,
 1971,-67,-160,207,138,77,109,
 1972,-58,-160,208,135,75,115,
 1973,-63,-171,216,121,79,111,
 1974,-62,-159,207,103,76,113,
 1975,-61,-158,211,111,78,109,
 1976,-63,-167,206,124,67,113,
 1977,-61,-156,215,120,74,106,
 1978,-64,-157,211,134,64,108,
 1979,-66,-159,214,131,81,112,
 1980,-64,-166,204,120,75,106,
 1981,-62,-163,214,118,64,117,
 1982,-60,-153,212,108,73,112,
 1983,-64,-159,216,127,79,114,
 1984,-56,-161,211,123,71,111,
 1985,-64,-152,218,126,68,117,
 1986,-60,-160,214,124,66,113,
 1987,-60,-165,208,122,69,107,
 1988,-59,-166,206,105,59,115,
 1989,-64,-166,210,110,61,105,
 1990,-60,-152,215,115,78,114,
 1991,-56,-155,210,119,78,107,
 1992,-53,-169,219,123,77,115,
 1993,-54,-167,211,119,74,111,
 1994,-56,-150,213,118,65,110,
 1995,-61,-160,210,110,70,115,
 1996,-64,-157,215,107,66,106,
 1997,-65,-161,213,105,63,105,
 1998,-57,-153,210,111,62,104,
 1999,-60,-165,199,115,62,103,
 2000,-60,-157,213,107,60,110,
 2001,-57,-145,206,113,71,102,
 2002,-57,-150,217,113,66,100,
 2003,-61,-149,218,101,70,107,
 2004,-60,-154,212,112,60,108,
 2005,-61,-146,222,106,67,116,
 2006,-62,-151,208,97,81,111,
 2007,-60,-155,208,104,74,105,
 2008,-63,-170,196,110,70,111,
 2009,-61,-151,208,102,58,109,
 2010,-58,-144,209,107,77,105,
 2011,-58,-155,208,107,75,112,
 2012,-59,-149,209,107,65,109,
 2013,-57,-151,212,103,71,111,
 2014,-61,-139,207,104,71,117,
 2015,-56,-146,206,106,63,110,
 2016,-56,-156,210,100,63,108,
 2017,-54,-162,207,106,67,109,
 2018,-58,-157,214,107,66,106,
 2019,-60,-148,211,103,60,110,
 2020,-54,-152,201,103,61,114,
 2021,-58,-156,202,102,48,114,
 2022,-58,-145,200,108,58,105,
 2023,-58,-140,209,105,70,107,
 2024,-59,-153,204,100,66,111,
 2025,-56,-149,217,96,63,105,
 2026,-53,-154,217,105,58,104,
 2027,-54,-142,217,112,64,104,
 2028,-59,-132,203,108,57,108,
 2029,-57,-146,212,99,61,106,
 2030,-53,-149,198,102,67,106,
 2031,-59,-151,200,99,66,109,
 2032,-54,-147,206,91,60,109,
 2033,-55,-142,208,97,51,113,
 2034,-57,-139,202,96,68,106,
 2035,-57,-144,212,102,58,108,
 2036,-50,-137,214,96,64,106,
 2037,-52,-145,203,108,61,108,
 2038,-56,-142,216,103,63,112,
 2039,-55,-146,211,103,69,107,
 2040,-52,-147,213,93,65,105,
 2041,-58,-142,211,95,70,104,
 2042,-54,-140,202,94,57,101,
 2043,-54,-147,209,89,45,102,
 2044,-53,-142,203,97,63,98,
 2045,-51,-142,195,95,68,102,
 2046,-55,-144,202,99,67,101,
 2047,-47,-152,196,99,63,102,
 2048,-52,-139,195,104,62,98,
 2049,-52,-132,209,96,55,95,
 2050,-53,-133,210,100,69,94,
 2051,-45,-141,211,98,56,98,
 2052,-52,-140,211,104,63,101,
 2053,-51,-146,214,91,67,100,
 2054,-58,-142,207,90,61,102,
 2055,-50,-134,200,108,62,98,
 2056,-50,-140,202,110,63,97,
 2057,-57,-143,201,105,60,98,
 2058,-50,-143,199,107,58,97,
 2059,-54,-137,191,103,52,94,
 2060,-49,-138,203,113,52,100,
 2061,-50,-133,199,117,61,99,
 2062,-55,-140,204,110,68,95,
 2063,-48,-138,201,113,66,97,
 2064,-52,-142,207,116,57,100,
 2065,-52,-133,211,115,58,100,
 2066,-50,-141,213,101,56,104,
 2067,-50,-139,210,99,50,98,
 2068,-51,-132,209,97,58,102,
 2069,-50,-134,207,101,61,98,
 2070,-47,-134,206,103,58,102,
 2071,-53,-126,202,98,63,98,
 2072,-55,-138,206,98,56,92,
 2073,-49,-138,204,108,56,96,
 2074,-48,-136,202,117,56,93,
 2075,-50,-135,201,116,60,89,
 2076,-51,-138,199,112,60,91,
 2077,-54,-136,202,114,57,90,
 2078,-51,-137,202,111,68,94,
 2079,-47,-136,203,101,66,90,
 2080,-46,-137,204,100,56,88,
 2081,-48,-130,205,99,58,85,
 2082,-49,-133,197,98,58,85,
 2083,-52,-145,210,94,64,85,
 2084,-53,-131,202,98,57,92,
 2085,-51,-144,209,97,53,86,
 2086,-54,-134,207,87,59,87,
 2087,-47,-137,205,97,59,89,
 2088,-47,-135,212,102,48,87,
 2089,-47,-125,199,119,65,89,
 2090,-46,-127,194,117,67,85,
 2091,-46,-140,206,104,66,89,
 2092,-46,-132,207,104,62,88,
 2093,-47,-138,201,103,61,93,
 2094,-44,-131,196,90,58,84,
 2095,-45,-145,200,98,60,84,
 2096,-45,-136,201,95,60,86,
 2097,-43,-133,199,93,57,85,
 2098,-45,-134,200,88,56,82,
