 0,19,11,-82,-20,-38,-17,
 1,20,11,-82,-20,-38,-17,
 2,19,12,-82,-20,-38,-16,
 3,20,11,-81,-20,-38,-17,
 4,20,12,-81,-20,-37,-17,
 5,20,11,-80,-20,-38,-17,
 6,21,12,-81,-21,-38,-17,
 7,20,11,-81,-20,-38,-17,
 8,19,11,-80,-20,-38,-17,
 9,20,11,-80,-19,-39,-17,
 10,21,11,-81,-19,-38,-17,
 11,20,12,-80,-20,-38,-17,
 12,20,11,-80,-20,-38,-18,
 13,20,11,-79,-20,-38,-18,
 14,20,11,-80,-20,-39,-18,
 15,20,11,-79,-20,-38,-18,
 16,20,12,-79,-20,-38,-19,
 17,20,11,-78,-20,-38,-19,
 18,20,10,-78,-20,-38,-19,
 19,20,11,-78,-20,-38,-19,
 20,20,11,-76,-20,-38,-20,
 21,20,11,-75,-20,-38,-20,
 22,19,11,-75,-20,-37,-21,
 23,20,10,-73,-20,-37,-21,
 24,20,9,-71,-20,-36,-22,
 25,20,10,-69,-20,-36,-23,
 26,20,11,-66,-21,-35,-25,
 27,20,10,-63,-21,-35,-27,
 28,20,9,-60,-21,-35,-29,
 29,20,10,-56,-22,-35,-32,
 30,21,8,-51,-22,-32,-36,
 31,19,7,-47,-23,-32,-40,
 32,19,5,-41,-22,-30,-45,
 33,19,4,-35,-23,-27,-50,
 34,20,3,-29,-24,-25,-56,
 35,19,1,-20,-24,-22,-64,
 36,19,1,-12,-25,-20,-73,
 37,18,0,-4,-25,-16,-81,
 38,19,-3,2,-25,-14,-90,
 39,18,-6,12,-26,-12,-100,
 40,18,-8,21,-27,-8,-110,
 41,17,-9,26,-27,-6,-123,
 42,18,-10,32,-28,-2,-138,
 43,17,-12,41,-29,0,-148,
 44,16,-12,48,-29,2,-157,
 45,15,-12,55,-31,5,-153,
 46,15,-12,58,-31,7,-134,
 47,13,-12,53,-31,9,-129,
 48,11,-12,51,-32,11,-127,
 49,10,-11,48,-33,13,-126,
 50,9,-11,45,-34,15,-126,
 51,7,-12,57,-34,16,-125,
 52,6,-11,65,-36,17,-125,
 53,4,-11,65,-37,19,-125,
 54,3,-11,67,-37,19,-124,
 55,1,-12,72,-37,19,-123,
 56,0,-14,69,-39,20,-124,
 57,-1,-14,72,-42,18,-126,
 58,-4,-16,76,-45,21,-128,
 59,-5,-18,75,-47,20,-128,
 60,-6,-21,85,-50,21,-128,
 61,-7,-23,88,-52,22,-125,
 62,-9,-21,89,-55,22,-121,
 63,-10,-21,96,-56,23,-122,
 64,-12,-21,93,-57,25,-126,
 65,-13,-19,97,-58,26,-132,
 66,-13,-19,94,-57,27,-133,
 67,-14,-17,92,-58,29,-130,
 68,-14,-16,95,-57,32,-126,
 69,-15,-16,94,-58,33,-126,
 70,-15,-17,96,-58,34,-129,
 71,-14,-18,97,-58,36,-132,
 72,-17,-21,96,-58,36,-130,
 73,-15,-31,93,-58,35,-122,
 74,-15,-39,98,-57,33,-125,
 75,-16,-41,99,-57,31,-130,
 76,-17,-46,93,-57,32,-127,
 77,-19,-47,93,-57,32,-123,
 78,-20,-37,92,-57,32,-127,
 79,-21,-37,98,-56,33,-131,
 80,-21,-42,97,-56,37,-123,
 81,-22,-49,96,-56,38,-121,
 82,-21,-52,98,-55,37,-127,
 83,-23,-57,96,-54,36,-127,
 84,-23,-59,92,-54,34,-122,
 85,-24,-58,92,-52,33,-129,
 86,-21,-59,95,-50,30,-122,
 87,-21,-60,92,-48,30,-117,
 88,-21,-63,96,-45,31,-120,
 89,-21,-63,98,-40,34,-115,
 90,-21,-61,93,-35,35,-124,
 91,-21,-61,96,-29,37,-124,
 92,-21,-65,98,-23,36,-120,
 93,-23,-66,89,-15,34,-127,
 94,-23,-62,93,-8,32,-120,
 95,-23,-59,87,-1,31,-122,
 96,-24,-61,94,4,32,-112,
 97,-23,-61,91,10,35,-117,
 98,-21,-59,95,13,36,-114,
 99,-21,-56,92,15,37,-124,
 100,-20,-59,91,20,37,-118,
 101,-21,-59,96,19,35,-125,
 102,-22,-55,92,18,31,-118,
 103,-25,-56,102,18,32,-122,
 104,-26,-60,102,21,32,-116,
 105,-26,-60,102,24,35,-123,
 106,-28,-59,92,30,34,-125,
 107,-27,-63,94,36,35,-122,
 108,-26,-64,90,38,34,-123,
 109,-28,-60,93,41,31,-117,
 110,-29,-64,94,40,31,-122,
 111,-31,-62,93,39,34,-126,
 112,-34,-60,95,40,36,-119,
 113,-34,-65,94,38,37,-122,
 114,-36,-62,90,37,35,-125,
 115,-36,-59,92,40,31,-123,
 116,-36,-61,96,42,31,-123,
 117,-36,-53,91,45,32,-128,
 118,-38,-58,90,47,35,-129,
 119,-40,-55,83,49,36,-122,
 120,-40,-59,87,46,35,-118,
 121,-38,-59,88,45,33,-123,
 122,-36,-61,89,49,29,-128,
 123,-39,-63,87,52,31,-130,
 124,-42,-62,89,55,34,-127,
 125,-43,-66,89,53,37,-122,
 126,-39,-64,86,53,37,-120,
 127,-37,-67,88,52,35,-117,
 128,-37,-60,87,57,33,-116,
 129,-40,-63,90,59,32,-121,
 130,-41,-58,90,56,34,-126,
 131,-39,-60,87,56,37,-126,
 132,-38,-60,90,59,38,-122,
 133,-40,-60,89,63,39,-123,
 134,-43,-64,88,61,37,-120,
 135,-42,-61,85,59,33,-117,
 136,-39,-70,88,64,34,-118,
 137,-39,-65,90,62,35,-114,
 138,-42,-66,92,59,37,-114,
 139,-42,-68,97,63,37,-110,
 140,-41,-57,97,62,37,-113,
 141,-40,-61,89,59,35,-113,
 142,-45,-64,91,62,33,-115,
 143,-46,-61,94,59,31,-116,
 144,-42,-63,93,61,31,-112,
 145,-43,-69,97,63,33,-105,
 146,-46,-68,98,60,34,-110,
 147,-43,-64,94,65,35,-116,
 148,-41,-62,91,59,35,-113,
 149,-45,-61,97,64,35,-115,
 150,-45,-59,86,61,34,-112,
 151,-40,-61,92,66,32,-114,
 152,-42,-67,93,60,31,-118,
 153,-45,-71,91,64,31,-111,
 154,-41,-72,93,60,31,-109,
 155,-42,-65,92,65,32,-114,
 156,-46,-61,86,61,32,-108,
 157,-41,-59,94,66,34,-111,
 158,-44,-65,95,65,35,-105,
 159,-47,-69,96,62,35,-111,
 160,-44,-73,99,66,35,-108,
 161,-46,-76,93,66,35,-106,
 162,-48,-73,97,64,35,-108,
 163,-43,-72,95,67,34,-103,
 164,-46,-71,96,64,33,-108,
 165,-45,-74,97,62,32,-110,
 166,-43,-72,93,65,31,-112,
 167,-48,-76,92,66,30,-113,
 168,-44,-70,90,64,25,-110,
 169,-45,-65,90,62,17,-114,
 170,-45,-60,98,60,8,-106,
 171,-43,-65,97,63,0,-114,
 172,-47,-66,99,67,-6,-113,
 173,-44,-64,94,69,-12,-108,
 174,-49,-59,97,67,-15,-107,
 175,-49,-54,91,67,-17,-106,
 176,-48,-68,89,67,-27,-108,
 177,-48,-69,88,67,-31,-103,
 178,-45,-64,90,66,-27,-104,
 179,-48,-57,94,67,-29,-108,
 180,-44,-59,84,63,-30,-112,
 181,-48,-71,93,64,-28,-106,
 182,-43,-75,97,63,-28,-106,
 183,-49,-70,93,63,-32,-104,
 184,-44,-71,95,67,-33,-103,
 185,-49,-73,92,71,-33,-103,
 186,-44,-77,96,73,-28,-102,
 187,-49,-77,98,68,-28,-104,
 188,-45,-75,95,76,-32,-104,
 189,-51,-65,95,80,-34,-103,
 190,-45,-71,100,74,-36,-101,
 191,-49,-72,100,75,-54,-104,
 192,-46,-66,96,79,-61,-101,
 193,-48,-67,97,71,-66,-103,
 194,-48,-60,96,79,-67,-101,
 195,-45,-69,102,69,-73,-101,
 196,-48,-66,95,79,-72,-99,
 197,-43,-64,99,77,-66,-102,
 198,-50,-64,93,76,-71,-105,
 199,-46,-74,91,73,-66,-104,
 200,-49,-69,96,77,-67,-104,
 201,-50,-65,97,83,-67,-103,
 202,-46,-75,99,82,-68,-100,
 203,-52,-80,97,85,-69,-106,
 204,-46,-81,96,88,-64,-103,
 205,-48,-72,101,87,-70,-106,
 206,-48,-78,97,83,-69,-108,
 207,-44,-85,90,83,-73,-108,
 208,-49,-80,101,78,-72,-106,
 209,-49,-78,92,75,-70,-108,
 210,-47,-76,95,80,-76,-108,
 211,-52,-78,98,77,-73,-110,
 212,-50,-71,100,76,-76,-107,
 213,-45,-66,93,72,-82,-107,
 214,-52,-71,99,75,-72,-111,
 215,-50,-62,100,81,-73,-113,
 216,-45,-67,93,77,-82,-114,
 217,-49,-75,95,76,-83,-113,
 218,-53,-69,96,81,-80,-112,
 219,-47,-66,102,84,-76,-113,
 220,-46,-81,100,84,-73,-118,
 221,-49,-76,97,86,-78,-116,
 222,-50,-72,100,83,-81,-117,
 223,-46,-81,92,84,-77,-121,
 224,-45,-77,101,80,-84,-122,
 225,-50,-76,98,85,-83,-128,
 226,-51,-78,95,87,-83,-123,
 227,-47,-72,104,87,-79,-123,
 228,-46,-65,106,89,-84,-122,
 229,-46,-72,101,89,-84,-132,
 230,-50,-66,106,89,-79,-121,
 231,-51,-73,107,92,-79,-123,
 232,-45,-73,103,90,-80,-120,
 233,-46,-74,98,97,-76,-118,
 234,-45,-78,102,87,-81,-117,
 235,-49,-76,105,92,-87,-120,
 236,-51,-77,103,87,-85,-117,
 237,-50,-86,105,89,-79,-122,
 238,-50,-74,101,94,-87,-119,
 239,-48,-83,99,83,-75,-116,
 240,-47,-81,109,91,-87,-123,
 241,-47,-70,104,97,-87,-120,
 242,-49,-76,103,89,-84,-116,
 243,-52,-66,101,89,-88,-123,
 244,-49,-77,104,94,-86,-117,
 245,-54,-72,100,97,-89,-117,
 246,-53,-75,109,91,-85,-124,
 247,-55,-75,105,95,-87,-117,
 248,-54,-80,108,104,-88,-117,
 249,-53,-80,102,104,-90,-125,
 250,-52,-71,106,106,-89,-125,
 251,-50,-74,102,97,-84,-121,
 252,-51,-74,106,89,-91,-129,
 253,-52,-73,100,101,-89,-118,
 254,-51,-74,104,108,-89,-118,
 255,-52,-74,107,111,-93,-115,
 256,-50,-81,111,112,-89,-112,
 257,-52,-74,110,106,-91,-112,
 258,-54,-82,104,95,-92,-112,
 259,-54,-74,107,95,-95,-114,
 260,-53,-87,100,110,-86,-120,
 261,-57,-77,99,111,-87,-115,
 262,-54,-85,103,112,-88,-111,
 263,-58,-82,111,112,-91,-116,
 264,-53,-82,102,114,-95,-111,
 265,-55,-75,109,108,-90,-116,
 266,-54,-76,103,117,-88,-110,
 267,-51,-74,111,114,-88,-120,
 268,-51,-83,105,114,-93,-112,
 269,-54,-75,105,113,-90,-118,
 270,-56,-88,108,111,-91,-122,
 271,-56,-82,102,103,-88,-115,
 272,-60,-84,106,111,-91,-121,
 273,-54,-78,108,117,-89,-115,
 274,-52,-84,111,129,-102,-118,
 275,-53,-79,107,105,-95,-111,
 276,-58,-81,107,128,-91,-107,
 277,-59,-79,112,140,-93,-114,
 278,-53,-89,106,138,-92,-108,
 279,-52,-83,104,123,-98,-113,
 280,-52,-90,117,114,-91,-107,
 281,-55,-82,106,120,-99,-106,
 282,-59,-87,100,111,-99,-113,
 283,-53,-85,108,122,-99,-108,
 284,-53,-77,103,130,-88,-112,
 285,-52,-79,101,127,-97,-106,
 286,-56,-78,106,133,-105,-105,
 287,-56,-91,109,134,-97,-105,
 288,-52,-86,111,132,-96,-108,
 289,-52,-89,106,126,-97,-112,
 290,-60,-88,108,118,-111,-107,
 291,-54,-83,113,115,-100,-113,
 292,-52,-90,104,113,-96,-108,
 293,-56,-81,105,129,-113,-109,
 294,-55,-89,114,125,-103,-115,
 295,-52,-92,104,135,-101,-108,
 296,-58,-90,110,129,-99,-113,
 297,-56,-101,111,124,-113,-106,
 298,-53,-92,109,120,-106,-103,
 299,-60,-92,111,124,-105,-105,
 300,-55,-87,118,126,-116,-104,
 301,-53,-84,112,121,-102,-113,
 302,-59,-92,111,113,-96,-106,
 303,-54,-95,106,125,-109,-106,
 304,-55,-96,110,128,-106,-109,
 305,-60,-101,111,128,-97,-108,
 306,-56,-98,109,123,-115,-111,
 307,-63,-90,102,130,-101,-104,
 308,-57,-94,102,126,-105,-105,
 309,-62,-89,99,123,-116,-107,
 310,-54,-94,104,123,-98,-106,
 311,-57,-97,100,126,-107,-103,
 312,-60,-102,103,131,-102,-110,
 313,-55,-98,105,116,-102,-105,
 314,-61,-98,100,124,-116,-108,
 315,-57,-95,111,126,-101,-108,
 316,-62,-92,112,121,-97,-108,
 317,-62,-96,99,128,-107,-113,
 318,-58,-95,105,125,-96,-105,
 319,-58,-93,106,126,-117,-104,
 320,-64,-93,108,135,-98,-100,
 321,-58,-95,110,130,-110,-106,
 322,-62,-98,108,125,-115,-98,
 323,-62,-99,108,131,-107,-103,
 324,-57,-97,101,133,-113,-102,
 325,-64,-97,112,138,-99,-99,
 326,-60,-101,100,127,-117,-105,
 327,-55,-104,104,135,-93,-99,
 328,-61,-96,104,134,-117,-100,
 329,-53,-98,104,124,-106,-94,
 330,-61,-99,97,138,-123,-99,
 331,-55,-97,106,142,-110,-97,
 332,-58,-98,109,142,-113,-94,
 333,-58,-102,104,138,-107,-96,
 334,-54,-103,109,132,-117,-101,
 335,-64,-99,105,130,-108,-104,
 336,-59,-96,107,137,-105,-100,
 337,-56,-100,103,144,-108,-97,
 338,-59,-103,103,146,-120,-102,
 339,-62,-101,110,140,-103,-104,
 340,-58,-102,103,137,-119,-103,
 341,-59,-96,107,142,-113,-99,
 342,-66,-100,106,155,-113,-95,
 343,-57,-99,106,155,-99,-93,
 344,-64,-100,107,149,-115,-92,
 345,-66,-100,108,149,-106,-99,
 346,-65,-99,105,144,-111,-96,
 347,-57,-99,100,153,-105,-97,
 348,-62,-98,105,161,-112,-100,
 349,-67,-100,101,156,-126,-95,
 350,-66,-106,102,153,-107,-102,
 351,-57,-105,98,136,-124,-103,
 352,-56,-109,108,152,-108,-104,
 353,-61,-103,106,163,-105,-99,
 354,-64,-102,109,164,-123,-98,
 355,-65,-98,107,155,-104,-104,
 356,-60,-109,99,139,-116,-102,
 357,-58,-112,103,145,-120,-99,
 358,-59,-109,105,160,-116,-98,
 359,-67,-107,113,155,-124,-101,
 360,-64,-111,103,148,-115,-94,
 361,-57,-112,105,139,-111,-97,
 362,-62,-105,108,143,-108,-95,
 363,-59,-110,106,159,-112,-95,
 364,-56,-108,103,154,-112,-99,
 365,-58,-101,107,148,-119,-99,
 366,-57,-103,108,145,-126,-95,
 367,-56,-105,106,162,-112,-98,
 368,-60,-102,104,157,-114,-96,
 369,-64,-111,106,140,-118,-93,
 370,-61,-109,107,146,-121,-94,
 371,-64,-109,105,148,-120,-89,
 372,-67,-110,107,156,-118,-88,
 373,-64,-113,106,150,-124,-91,
 374,-61,-115,105,151,-118,-89,
 375,-67,-114,113,159,-121,-89,
 376,-65,-109,109,163,-122,-87,
 377,-61,-106,94,160,-111,-89,
 378,-67,-108,99,156,-119,-89,
 379,-62,-106,106,151,-124,-92,
 380,-63,-102,112,163,-119,-90,
 381,-64,-111,108,153,-113,-89,
 382,-62,-111,108,152,-111,-86,
 383,-61,-110,107,158,-117,-85,
 384,-61,-114,104,175,-131,-89,
 385,-63,-115,104,166,-124,-87,
 386,-65,-112,110,148,-130,-85,
 387,-62,-114,105,152,-109,-86,
 388,-64,-114,111,192,-116,-83,
 389,-71,-109,110,179,-128,-87,
 390,-68,-111,111,150,-122,-80,
 391,-68,-114,112,178,-128,-83,
 392,-64,-117,109,185,-118,-81,
 393,-64,-120,112,172,-119,-81,
 394,-62,-121,113,152,-119,-82,
 395,-61,-121,110,173,-122,-82,
 396,-62,-119,106,185,-123,-85,
 397,-59,-114,111,167,-124,-82,
 398,-64,-113,109,169,-123,-85,
 399,-66,-120,108,188,-121,-86,
 400,-66,-116,110,176,-125,-87,
 401,-64,-116,109,156,-130,-82,
 402,-60,-113,109,177,-132,-80,
 403,-60,-119,111,172,-133,-81,
 404,-63,-123,107,168,-122,-83,
 405,-62,-111,104,160,-131,-83,
 406,-67,-114,111,181,-127,-82,
 407,-70,-111,112,178,-127,-82,
 408,-67,-123,109,149,-123,-78,
 409,-66,-116,101,175,-126,-78,
 410,-66,-122,106,178,-128,-82,
 411,-67,-121,112,157,-134,-82,
 412,-65,-118,108,173,-129,-79,
 413,-65,-115,111,173,-121,-83,
 414,-65,-113,100,164,-122,-80,
 415,-70,-113,101,173,-134,-78,
 416,-65,-114,96,184,-138,-81,
 417,-63,-114,95,167,-135,-75,
 418,-65,-117,100,169,-125,-80,
 419,-63,-114,104,184,-131,-74,
 420,-66,-117,107,170,-129,-75,
 421,-61,-129,104,160,-135,-74,
 422,-65,-116,99,191,-120,-71,
 423,-65,-116,109,192,-130,-79,
 424,-62,-121,110,158,-116,-80,
 425,-64,-123,106,193,-123,-78,
 426,-72,-117,106,192,-127,-80,
 427,-65,-112,106,170,-123,-83,
 428,-72,-121,108,192,-122,-85,
 429,-69,-128,120,174,-115,-84,
 430,-67,-126,118,169,-119,-82,
 431,-66,-115,114,193,-127,-81,
 432,-67,-121,110,171,-127,-78,
 433,-71,-111,108,157,-116,-75,
 434,-66,-124,107,197,-125,-62,
 435,-70,-117,104,180,-118,-48,
 436,-70,-114,108,173,-125,-29,
 437,-69,-124,105,182,-114,1,
 438,-68,-119,107,173,-123,34,
 439,-65,-126,102,171,-114,47,
 440,-72,-123,108,189,-118,62,
 441,-73,-125,114,159,-143,73,
 442,-67,-122,108,183,-141,77,
 443,-72,-119,113,195,-125,79,
 444,-64,-125,106,166,-131,82,
 445,-62,-123,106,190,-136,78,
 446,-65,-130,103,184,-129,77,
 447,-68,-116,112,179,-132,80,
 448,-62,-125,109,203,-131,75,
 449,-65,-122,106,177,-124,78,
 450,-69,-133,103,192,-140,77,
 451,-65,-120,96,213,-141,76,
 452,-64,-130,107,182,-135,82,
 453,-63,-126,109,207,-118,83,
 454,-71,-130,112,203,-127,80,
 455,-68,-121,102,189,-138,83,
 456,-73,-125,99,205,-122,82,
 457,-70,-123,111,177,-129,85,
 458,-66,-117,112,198,-124,88,
 459,-74,-127,110,202,-120,85,
 460,-73,-130,103,188,-138,91,
 461,-74,-127,105,202,-130,94,
 462,-69,-135,110,171,-125,94,
 463,-74,-129,103,199,-133,91,
 464,-69,-125,97,188,-139,90,
 465,-69,-133,97,176,-139,91,
 466,-69,-131,106,198,-126,94,
 467,-68,-132,111,171,-130,101,
 468,-69,-133,108,194,-124,93,
 469,-64,-133,109,189,-141,91,
 470,-73,-124,103,190,-137,100,
 471,-65,-122,100,202,-131,97,
 472,-70,-121,101,182,-123,98,
 473,-63,-121,103,202,-133,101,
 474,-70,-128,102,194,-136,103,
 475,-68,-130,102,209,-131,100,
 476,-69,-132,102,202,-143,102,
 477,-66,-130,106,189,-132,104,
 478,-71,-129,104,214,-127,105,
 479,-73,-126,104,178,-119,110,
 480,-73,-131,105,210,-134,100,
 481,-74,-135,105,182,-141,99,
 482,-70,-136,114,201,-133,102,
 483,-74,-136,104,219,-119,106,
 484,-67,-137,101,190,-124,105,
 485,-73,-135,102,213,-140,106,
 486,-73,-131,101,181,-146,104,
 487,-66,-130,106,209,-128,105,
 488,-71,-136,109,185,-128,106,
 489,-72,-137,102,210,-142,107,
 490,-73,-142,104,189,-136,106,
 491,-69,-138,107,195,-127,106,
 492,-68,-131,109,201,-147,103,
 493,-71,-133,105,190,-135,103,
 494,-65,-123,106,205,-132,107,
 495,-69,-138,108,184,-139,104,
 496,-67,-138,103,210,-136,101,
 497,-62,-146,103,189,-140,102,
 498,-69,-127,107,223,-134,103,
 499,-69,-138,110,186,-131,111,
 500,-65,-136,103,214,-141,102,
 501,-70,-132,98,212,-130,105,
 502,-68,-137,103,204,-124,101,
 503,-66,-133,102,207,-146,107,
 504,-76,-140,113,196,-141,103,
 505,-73,-139,109,212,-135,103,
 506,-69,-139,109,205,-128,109,
 507,-78,-135,109,214,-148,101,
 508,-78,-140,112,193,-128,110,
 509,-72,-139,106,204,-124,101,
 510,-76,-142,110,184,-134,104,
 511,-78,-133,105,218,-124,103,
 512,-79,-140,107,196,-127,105,
 513,-80,-136,104,205,-108,113,
 514,-73,-130,100,183,-125,110,
 515,-71,-136,105,216,-152,112,
 516,-72,-139,103,191,-118,102,
 517,-71,-146,96,220,-122,99,
 518,-65,-135,102,189,-142,100,
 519,-69,-142,99,230,-129,100,
 520,-74,-145,103,190,-137,108,
 521,-69,-141,105,225,-142,102,
 522,-73,-144,110,207,-138,106,
 523,-74,-147,110,228,-146,109,
 524,-75,-143,109,189,-152,104,
 525,-76,-136,103,221,-140,104,
 526,-73,-134,106,196,-132,111,
 527,-74,-136,103,222,-138,103,
 528,-76,-139,114,193,-148,107,
 529,-76,-139,101,215,-140,114,
 530,-74,-138,114,192,-127,118,
 531,-73,-139,115,213,-141,113,
 532,-75,-140,108,198,-131,114,
 533,-67,-135,106,215,-130,118,
 534,-77,-138,111,191,-152,106,
 535,-76,-141,116,214,-123,107,
 536,-71,-140,116,186,-127,109,
 537,-74,-138,115,212,-136,111,
 538,-74,-134,111,189,-145,109,
 539,-72,-132,111,234,-124,110,
 540,-71,-142,109,200,-124,111,
 541,-65,-133,102,242,-142,110,
 542,-73,-146,109,199,-130,112,
 543,-69,-142,113,234,-128,114,
 544,-71,-142,107,187,-140,118,
 545,-75,-136,110,220,-123,114,
 546,-72,-145,101,194,-134,116,
 547,-76,-139,112,225,-146,117,
 548,-71,-148,109,207,-114,118,
 549,-75,-145,111,203,-141,114,
 550,-70,-137,113,203,-143,113,
 551,-74,-141,113,210,-137,114,
 552,-71,-143,110,215,-127,118,
 553,-78,-141,106,196,-140,120,
 554,-73,-150,108,208,-143,122,
 555,-77,-152,107,197,-118,121,
 556,-76,-135,111,213,-131,116,
 557,-73,-136,110,192,-129,119,
 558,-68,-141,114,231,-126,116,
 559,-76,-148,107,202,-141,123,
 560,-71,-152,110,231,-124,131,
 561,-67,-147,106,201,-132,128,
 562,-73,-139,103,234,-142,125,
 563,-68,-136,112,199,-141,123,
 564,-68,-138,112,210,-124,126,
 565,-72,-145,105,203,-128,127,
 566,-76,-149,110,211,-149,118,
 567,-75,-149,106,211,-121,120,
 568,-69,-151,110,190,-140,122,
 569,-73,-146,103,223,-128,122,
 570,-69,-152,103,188,-124,124,
 571,-71,-151,103,227,-148,119,
 572,-72,-153,101,202,-128,121,
 573,-68,-150,105,217,-125,125,
 574,-77,-138,101,189,-135,133,
 575,-68,-149,103,225,-130,132,
 576,-77,-145,110,212,-122,122,
 577,-73,-143,105,234,-126,117,
 578,-73,-151,104,219,-143,122,
 579,-77,-150,107,197,-105,120,
 580,-73,-150,100,231,-151,121,
 581,-67,-138,106,198,-142,125,
 582,-69,-139,101,229,-127,119,
 583,-72,-154,98,201,-149,118,
 584,-64,-159,107,211,-124,121,
 585,-73,-151,102,217,-133,119,
 586,-66,-138,96,210,-127,130,
 587,-65,-147,100,219,-124,126,
 588,-73,-152,101,202,-121,126,
 589,-70,-152,101,211,-140,122,
 590,-71,-152,108,198,-137,129,
 591,-72,-149,105,208,-124,126,
 592,-74,-146,100,206,-145,122,
 593,-68,-149,103,219,-123,126,
 594,-76,-143,107,207,-133,118,
 595,-74,-153,101,236,-141,131,
 596,-68,-151,105,228,-125,124,
 597,-71,-146,102,197,-136,129,
 598,-75,-142,106,232,-136,122,
 599,-69,-153,106,198,-113,123,
 600,-76,-153,102,226,-128,116,
 601,-75,-153,100,212,-154,121,
 602,-68,-144,107,212,-126,124,
 603,-70,-146,100,223,-142,123,
 604,-70,-143,106,193,-123,120,
 605,-66,-149,106,217,-137,124,
 606,-71,-143,104,186,-143,132,
 607,-68,-142,106,221,-124,125,
 608,-65,-149,99,199,-131,130,
 609,-73,-140,106,223,-135,130,
 610,-69,-150,111,202,-124,136,
 611,-66,-158,109,192,-115,134,
 612,-75,-149,109,225,-130,122,
 613,-73,-146,106,208,-125,127,
 614,-73,-150,107,239,-121,133,
 615,-70,-152,103,202,-123,138,
 616,-71,-151,106,209,-122,127,
 617,-73,-156,105,208,-139,127,
 618,-67,-154,108,209,-120,130,
 619,-77,-149,110,214,-119,141,
 620,-71,-144,104,192,-146,140,
 621,-73,-146,109,204,-135,130,
 622,-75,-154,109,186,-117,126,
 623,-75,-156,110,202,-141,132,
 624,-72,-155,108,205,-120,129,
 625,-75,-149,111,193,-135,127,
 626,-71,-148,102,207,-121,127,
 627,-66,-155,111,190,-118,133,
 628,-67,-146,108,220,-146,133,
 629,-66,-145,112,190,-115,131,
 630,-72,-147,100,219,-120,137,
 631,-64,-144,106,219,-120,129,
 632,-70,-153,105,209,-139,130,
 633,-67,-156,114,223,-122,126,
 634,-71,-152,106,208,-130,128,
 635,-68,-154,114,216,-118,125,
 636,-72,-149,108,198,-135,131,
 637,-69,-158,115,220,-146,122,
 638,-73,-157,109,198,-109,123,
 639,-66,-155,107,216,-163,124,
 640,-75,-156,102,210,-129,132,
 641,-69,-143,114,203,-126,132,
 642,-71,-147,111,205,-136,132,
 643,-66,-155,107,183,-114,127,
 644,-72,-150,109,214,-104,127,
 645,-71,-147,104,191,-119,118,
 646,-73,-152,110,217,-143,122,
 647,-71,-154,103,208,-105,124,
 648,-71,-149,104,229,-137,121,
 649,-68,-150,104,227,-114,119,
 650,-67,-153,104,219,-122,127,
 651,-61,-148,108,233,-133,131,
 652,-69,-153,105,185,-111,126,
 653,-65,-147,110,207,-133,127,
 654,-65,-155,102,184,-132,130,
 655,-67,-148,109,207,-123,123,
 656,-61,-147,107,194,-115,119,
 657,-72,-140,105,200,-138,120,
 658,-65,-151,110,208,-121,124,
 659,-67,-153,111,210,-124,123,
 660,-69,-161,113,203,-118,129,
 661,-64,-160,100,188,-124,137,
 662,-68,-146,106,206,-136,129,
 663,-68,-156,100,180,-119,132,
 664,-72,-152,100,216,-125,130,
 665,-70,-152,103,195,-133,127,
 666,-67,-147,103,217,-122,128,
 667,-72,-145,100,200,-103,126,
 668,-66,-150,106,210,-123,120,
 669,-68,-146,105,205,-127,124,
 670,-70,-155,109,198,-125,122,
 671,-63,-149,110,221,-133,132,
 672,-71,-152,111,184,-120,132,
 673,-74,-150,105,200,-114,134,
 674,-68,-156,112,183,-111,131,
 675,-72,-156,108,203,-118,128,
 676,-68,-149,109,180,-132,120,
 677,-65,-156,106,195,-121,129,
 678,-68,-154,98,197,-106,127,
 679,-68,-153,101,205,-117,132,
 680,-65,-156,102,196,-127,129,
 681,-62,-156,103,192,-104,132,
 682,-62,-140,102,199,-122,131,
 683,-65,-142,111,185,-115,128,
 684,-61,-155,110,209,-123,126,
 685,-69,-149,107,172,-124,121,
 686,-71,-153,105,224,-101,121,
 687,-70,-138,109,186,-108,121,
 688,-71,-151,98,226,-112,125,
 689,-70,-154,107,193,-131,129,
 690,-72,-155,111,206,-93,125,
 691,-69,-150,102,189,-106,132,
 692,-63,-145,111,201,-138,138,
 693,-63,-146,106,182,-120,128,
 694,-63,-156,111,195,-114,127,
 695,-72,-155,103,199,-111,126,
 696,-69,-148,111,190,-137,123,
 697,-69,-151,108,199,-125,116,
 698,-66,-138,109,201,-99,122,
 699,-71,-149,108,200,-125,118,
 700,-67,-167,98,198,-123,129,
 701,-70,-155,102,198,-117,117,
 702,-61,-154,102,183,-107,127,
 703,-59,-145,112,209,-130,122,
 704,-62,-154,109,187,-115,125,
 705,-61,-158,110,209,-107,122,
 706,-58,-158,112,199,-127,123,
 707,-67,-152,113,216,-113,117,
 708,-67,-152,117,188,-112,122,
 709,-64,-153,111,210,-120,118,
 710,-64,-159,110,173,-101,121,
 711,-61,-163,108,195,-115,119,
 712,-64,-149,112,176,-113,122,
 713,-64,-145,112,195,-118,124,
 714,-62,-149,108,164,-111,131,
 715,-61,-158,106,190,-116,128,
 716,-68,-156,107,172,-124,125,
 717,-68,-153,113,189,-92,125,
 718,-69,-154,113,174,-119,115,
 719,-68,-147,105,190,-120,118,
 720,-62,-154,112,156,-102,127,
 721,-66,-154,103,193,-117,126,
 722,-66,-142,105,174,-110,123,
 723,-64,-149,108,197,-101,117,
 724,-67,-152,106,171,-112,123,
 725,-63,-149,114,194,-120,125,
 726,-60,-147,113,171,-107,125,
 727,-66,-145,113,206,-91,125,
 728,-68,-153,115,184,-110,124,
 729,-66,-155,106,182,-128,120,
 730,-69,-161,107,188,-101,121,
 731,-63,-147,112,185,-132,127,
 732,-62,-149,112,179,-107,122,
 733,-63,-150,113,179,-100,134,
 734,-60,-159,107,181,-114,121,
 735,-63,-163,117,164,-115,125,
 736,-64,-159,112,175,-111,125,
 737,-60,-161,116,168,-113,120,
 738,-62,-148,110,180,-117,129,
 739,-57,-160,118,163,-115,127,
 740,-62,-147,112,173,-104,126,
 741,-58,-144,117,161,-121,121,
 742,-60,-143,108,181,-119,125,
 743,-63,-144,114,157,-95,118,
 744,-62,-160,106,192,-116,117,
 745,-65,-154,109,180,-112,125,
 746,-65,-155,105,180,-96,118,
 747,-63,-154,113,190,-99,115,
 748,-58,-162,116,170,-113,119,
 749,-60,-169,118,194,-94,118,
 750,-62,-162,113,165,-97,112,
 751,-58,-154,112,183,-116,115,
 752,-66,-145,111,156,-109,115,
 753,-65,-159,110,171,-95,108,
 754,-57,-158,114,164,-72,105,
 755,-59,-159,116,173,-107,113,
 756,-59,-149,117,163,-117,113,
 757,-63,-156,122,168,-86,110,
 758,-64,-155,114,167,-82,118,
 759,-58,-167,116,155,-117,118,
 760,-60,-167,115,178,-108,119,
 761,-58,-157,119,151,-98,110,
 762,-65,-151,120,188,-114,106,
 763,-56,-155,113,156,-99,111,
 764,-53,-165,119,184,-99,118,
 765,-56,-157,118,168,-93,119,
 766,-62,-150,120,165,-103,113,
 767,-58,-155,120,183,-104,108,
 768,-61,-165,119,154,-104,110,
 769,-63,-157,111,190,-105,107,
 770,-54,-162,120,179,-101,103,
 771,-54,-144,114,165,-109,106,
 772,-62,-152,121,184,-90,108,
 773,-60,-161,116,151,-94,103,
 774,-57,-154,121,184,-110,102,
 775,-63,-145,119,156,-104,101,
 776,-60,-154,121,166,-88,99,
 777,-57,-157,122,173,-101,106,
 778,-61,-157,125,153,-108,106,
 779,-56,-153,125,172,-101,109,
 780,-61,-153,127,152,-92,105,
 781,-62,-156,126,156,-96,104,
 782,-58,-157,119,170,-109,102,
 783,-63,-159,127,135,-106,101,
 784,-58,-162,123,171,-98,98,
 785,-61,-151,128,141,-95,100,
 786,-55,-153,118,147,-102,100,
 787,-54,-159,125,161,-105,103,
 788,-60,-159,124,148,-100,111,
 789,-60,-149,125,162,-88,98,
 790,-60,-158,123,166,-99,105,
 791,-54,-154,130,140,-91,102,
 792,-61,-156,127,175,-86,100,
 793,-56,-160,121,147,-81,109,
 794,-61,-159,127,158,-89,106,
 795,-52,-156,119,179,-103,106,
 796,-61,-158,121,134,-98,113,
 797,-55,-155,120,176,-88,103,
 798,-61,-149,123,158,-82,106,
 799,-58,-152,124,135,-88,100,
 800,-59,-156,129,177,-103,100,
 801,-52,-150,134,152,-102,100,
 802,-55,-156,133,143,-86,99,
 803,-50,-147,131,158,-93,97,
 804,-55,-154,123,133,-88,104,
 805,-56,-150,131,149,-99,94,
 806,-58,-156,128,150,-95,100,
 807,-57,-160,127,136,-94,98,
 808,-53,-167,132,154,-94,102,
 809,-57,-154,136,149,-95,100,
 810,-50,-161,133,126,-91,101,
 811,-54,-161,138,150,-84,102,
 812,-58,-151,129,152,-94,104,
 813,-51,-150,132,130,-91,102,
 814,-52,-153,128,163,-101,107,
 815,-52,-159,135,156,-97,104,
 816,-60,-160,135,135,-92,105,
 817,-56,-157,128,155,-90,98,
 818,-53,-161,134,143,-90,102,
 819,-57,-151,136,132,-90,102,
 820,-52,-170,133,153,-100,105,
 821,-54,-151,127,164,-91,101,
 822,-60,-158,133,132,-88,100,
 823,-52,-146,131,151,-83,101,
 824,-53,-166,135,163,-92,104,
 825,-60,-163,129,131,-96,101,
 826,-56,-162,133,144,-90,98,
 827,-51,-151,136,160,-89,108,
 828,-54,-144,135,138,-97,106,
 829,-58,-160,138,135,-99,100,
 830,-54,-165,129,162,-83,99,
 831,-53,-153,143,137,-85,99,
 832,-56,-155,138,123,-78,103,
 833,-56,-145,135,151,-81,97,
 834,-54,-155,139,137,-88,98,
 835,-54,-171,135,123,-93,99,
 836,-60,-167,139,153,-75,100,
 837,-58,-165,138,144,-71,104,
 838,-57,-160,138,114,-75,103,
 839,-51,-162,137,128,-82,106,
 840,-57,-150,129,137,-91,109,
 841,-58,-150,140,133,-85,111,
 842,-52,-148,133,122,-82,99,
 843,-53,-164,138,137,-75,103,
 844,-51,-149,140,127,-68,101,
 845,-52,-160,138,122,-85,100,
 846,-57,-147,139,120,-75,100,
 847,-55,-160,145,140,-81,103,
 848,-50,-167,139,133,-79,100,
 849,-51,-166,143,114,-85,105,
 850,-51,-150,144,139,-78,104,
 851,-52,-148,144,147,-75,105,
 852,-51,-155,142,135,-80,98,
 853,-55,-161,141,122,-76,96,
 854,-53,-167,136,146,-79,94,
 855,-56,-159,144,149,-77,96,
 856,-51,-157,142,133,-70,91,
 857,-54,-154,135,117,-80,92,
 858,-49,-161,144,138,-63,94,
 859,-47,-164,145,152,-77,96,
 860,-51,-157,137,137,-76,93,
 861,-54,-161,143,120,-75,93,
 862,-56,-155,144,140,-77,93,
 863,-52,-170,148,140,-81,92,
 864,-55,-148,150,126,-80,89,
 865,-53,-158,144,117,-68,87,
 866,-55,-163,148,123,-74,89,
 867,-53,-167,147,143,-78,92,
 868,-52,-161,142,119,-77,83,
 869,-51,-149,144,114,-73,87,
 870,-51,-155,151,120,-68,89,
 871,-50,-155,148,127,-81,91,
 872,-53,-164,150,126,-72,87,
 873,-50,-166,147,113,-79,85,
 874,-50,-154,145,119,-67,84,
 875,-50,-159,150,130,-59,88,
 876,-50,-156,142,129,-66,86,
 877,-51,-162,145,114,-59,86,
 878,-51,-165,149,109,-73,84,
 879,-52,-155,150,126,-67,88,
 880,-47,-151,145,130,-49,89,
 881,-55,-165,156,114,-64,83,
 882,-49,-161,148,108,-72,84,
 883,-50,-161,155,117,-55,84,
 884,-50,-157,157,126,-53,84,
 885,-49,-154,151,114,-58,82,
 886,-51,-167,155,106,-57,85,
 887,-51,-153,143,101,-57,84,
 888,-48,-154,155,118,-51,87,
 889,-51,-155,150,123,-52,87,
 890,-50,-166,149,118,-57,86,
 891,-50,-161,154,120,-58,90,
 892,-53,-166,145,105,-53,89,
 893,-51,-155,147,109,-53,87,
 894,-52,-158,146,129,-50,85,
 895,-52,-166,147,123,-51,85,
 896,-54,-163,151,121,-47,85,
 897,-52,-156,157,122,-53,90,
 898,-52,-168,158,132,-52,92,
 899,-53,-162,158,129,-49,87,
 900,-51,-160,157,121,-45,87,
 901,-55,-143,146,101,-41,88,
 902,-51,-160,149,115,-39,89,
 903,-49,-157,154,122,-2,87,
 904,-47,-161,156,125,25,90,
 905,-46,-155,162,132,40,86,
 906,-47,-158,160,110,63,92,
 907,-49,-160,164,98,69,89,
 908,-51,-170,158,118,61,89,
 909,-51,-161,167,120,49,92,
 910,-49,-167,154,129,51,90,
 911,-48,-163,162,116,65,92,
 912,-48,-163,156,101,66,87,
 913,-47,-160,157,98,74,87,
 914,-46,-157,153,110,78,83,
 915,-51,-146,156,119,76,86,
 916,-51,-162,150,112,63,86,
 917,-48,-152,159,109,68,82,
 918,-47,-164,151,99,68,84,
 919,-45,-160,161,95,66,80,
 920,-43,-164,154,100,74,85,
 921,-50,-152,162,107,76,80,
 922,-50,-165,163,110,78,78,
 923,-52,-164,164,110,79,79,
 924,-54,-158,161,100,78,75,
 925,-47,-163,161,107,73,74,
 926,-47,-161,150,92,89,79,
 927,-46,-166,162,105,80,77,
 928,-50,-164,159,101,83,74,
 929,-54,-155,162,103,89,77,
 930,-53,-152,165,104,90,80,
 931,-47,-167,166,101,91,79,
 932,-45,-161,158,87,80,74,
 933,-46,-162,161,98,85,73,
 934,-46,-165,164,98,89,76,
 935,-51,-161,159,105,94,81,
 936,-51,-169,159,104,85,80,
 937,-50,-166,155,94,91,78,
 938,-46,-160,162,98,89,75,
 939,-45,-166,167,87,96,77,
 940,-50,-160,159,87,89,79,
 941,-52,-164,170,93,97,81,
 942,-51,-164,160,95,92,85,
 943,-49,-162,171,103,99,87,
 944,-49,-164,176,97,101,87,
 945,-52,-172,165,98,90,87,
 946,-53,-168,168,95,95,86,
 947,-49,-152,164,83,88,85,
 948,-48,-163,165,91,99,85,
 949,-47,-163,162,90,100,84,
 950,-49,-157,170,98,92,85,
 951,-53,-159,163,92,99,85,
 952,-52,-160,168,95,102,84,
 953,-47,-158,165,92,99,84,
 954,-49,-166,175,95,101,83,
 955,-51,-160,167,91,105,83,
 956,-52,-153,171,85,98,80,
 957,-52,-158,170,97,101,76,
 958,-49,-158,165,100,107,73,
 959,-47,-165,167,100,102,68,
 960,-50,-153,174,98,108,61,
 961,-53,-162,164,99,97,53,
 962,-50,-170,171,93,99,45,
 963,-47,-154,166,93,97,34,
 964,-46,-167,171,93,100,23,
 965,-50,-159,183,97,104,9,
 966,-54,-180,172,102,109,-6,
 967,-53,-159,173,103,106,-21,
 968,-49,-160,171,103,105,-36,
 969,-48,-150,162,103,100,-39,
 970,-54,-161,177,114,100,-50,
 971,-52,-156,181,110,110,-42,
 972,-51,-156,171,98,102,-38,
 973,-50,-160,176,92,103,-41,
 974,-49,-162,179,89,105,-48,
 975,-52,-165,168,93,106,-54,
 976,-52,-169,163,97,100,-59,
 977,-49,-160,161,101,100,-63,
 978,-45,-161,174,102,101,-65,
 979,-48,-162,163,101,108,-66,
 980,-52,-167,174,102,108,-67,
 981,-51,-170,178,107,108,-68,
 982,-47,-152,175,111,106,-73,
 983,-47,-161,174,99,108,-76,
 984,-49,-164,176,90,103,-80,
 985,-51,-168,178,95,103,-84,
 986,-53,-158,178,88,99,-81,
 987,-48,-160,177,94,101,-80,
 988,-46,-160,179,91,105,-77,
 989,-48,-167,180,96,110,-76,
 990,-49,-167,168,94,114,-75,
 991,-52,-158,168,111,109,-74,
 992,-50,-159,170,105,98,-76,
 993,-46,-166,176,103,107,-77,
 994,-44,-167,178,90,114,-80,
 995,-51,-166,182,89,106,-81,
 996,-51,-162,181,92,116,-81,
 997,-47,-163,178,92,117,-81,
 998,-47,-166,179,87,119,-82,
 999,-48,-169,173,88,103,-81,
 1000,-52,-168,172,95,100,-80,
 1001,-52,-157,174,92,117,-80,
 1002,-52,-168,173,100,127,-79,
 1003,-49,-166,182,94,107,-78,
 1004,-49,-166,175,98,94,-76,
 1005,-50,-164,173,96,105,-77,
 1006,-52,-163,181,92,101,-76,
 1007,-53,-164,173,87,109,-75,
 1008,-52,-162,164,87,108,-74,
 1009,-48,-165,161,89,113,-74,
 1010,-49,-157,176,87,118,-72,
 1011,-53,-162,181,83,108,-68,
 1012,-54,-175,181,93,107,-65,
 1013,-53,-158,179,95,105,-60,
 1014,-52,-168,170,94,122,-51,
 1015,-53,-158,169,96,118,-42,
 1016,-49,-172,171,95,102,-33,
 1017,-50,-171,179,91,106,-20,
 1018,-52,-164,182,86,118,-7,
 1019,-54,-157,173,85,116,7,
 1020,-55,-165,171,88,112,29,
 1021,-53,-157,175,96,111,37,
 1022,-52,-156,173,90,106,61,
 1023,-48,-163,168,87,105,59,
 1024,-51,-161,182,91,112,45,
 1025,-56,-163,177,91,116,42,
 1026,-55,-168,186,94,112,54,
 1027,-54,-167,185,93,109,61,
 1028,-51,-167,180,93,113,66,
 1029,-52,-169,168,84,111,68,
 1030,-48,-170,176,84,107,71,
 1031,-53,-163,183,83,109,75,
 1032,-53,-159,187,86,114,76,
 1033,-56,-158,189,84,128,73,
 1034,-57,-161,191,83,105,76,
 1035,-53,-173,185,78,107,82,
 1036,-52,-168,178,87,95,83,
 1037,-52,-154,180,89,102,89,
 1038,-50,-167,184,87,119,96,
 1039,-51,-171,188,82,104,96,
 1040,-51,-172,187,94,110,91,
 1041,-51,-170,177,95,118,92,
 1042,-54,-172,179,91,114,86,
 1043,-52,-170,183,92,119,86,
 1044,-54,-174,185,93,119,88,
 1045,-55,-172,187,88,106,82,
 1046,-52,-169,187,87,123,86,
 1047,-52,-172,185,87,130,82,
 1048,-51,-172,181,82,113,87,
 1049,-49,-170,180,86,108,87,
 1050,-48,-162,186,82,110,90,
 1051,-49,-160,182,83,127,91,
 1052,-50,-173,183,89,123,94,
 1053,-51,-172,188,88,118,95,
 1054,-50,-171,182,90,102,98,
 1055,-52,-159,186,92,111,93,
 1056,-50,-161,175,95,126,95,
 1057,-50,-168,179,86,101,96,
 1058,-55,-173,182,86,103,93,
 1059,-52,-166,179,99,104,100,
 1060,-55,-155,178,97,100,99,
 1061,-52,-170,183,92,117,98,
 1062,-50,-176,185,87,110,101,
 1063,-52,-165,186,79,110,99,
 1064,-53,-167,190,91,102,97,
 1065,-53,-163,189,90,120,97,
 1066,-54,-178,191,93,114,97,
 1067,-50,-162,178,88,132,97,
 1068,-51,-162,187,91,110,101,
 1069,-52,-160,185,97,104,97,
 1070,-56,-168,189,93,111,96,
 1071,-53,-173,182,93,118,93,
 1072,-55,-172,185,93,135,95,
 1073,-52,-166,185,92,128,94,
 1074,-55,-168,186,94,119,96,
 1075,-52,-182,193,92,102,92,
 1076,-55,-166,184,89,118,97,
 1077,-51,-172,183,91,123,91,
 1078,-51,-161,190,92,120,90,
 1079,-50,-184,183,91,96,89,
 1080,-51,-180,191,94,118,91,
 1081,-53,-175,193,99,116,96,
 1082,-54,-167,200,100,113,97,
 1083,-52,-169,189,105,105,95,
 1084,-55,-171,190,97,118,96,
 1085,-53,-172,194,99,120,95,
 1086,-54,-163,193,95,124,97,
 1087,-58,-180,196,89,110,101,
 1088,-58,-181,197,95,113,95,
 1089,-58,-182,203,99,128,96,
 1090,-52,-181,186,100,117,100,
 1091,-52,-167,185,108,109,99,
 1092,-51,-169,183,101,107,93,
 1093,-54,-167,197,111,107,98,
 1094,-57,-183,199,120,114,95,
 1095,-56,-174,198,114,118,99,
 1096,-58,-170,199,111,130,98,
 1097,-55,-177,197,111,115,98,
 1098,-57,-184,198,101,124,91,
 1099,-54,-169,205,97,111,95,
 1100,-56,-172,199,96,132,94,
 1101,-60,-175,198,101,108,95,
 1102,-56,-180,199,107,114,98,
 1103,-58,-180,194,115,106,101,
 1104,-52,-176,196,118,119,94,
 1105,-51,-173,202,122,102,93,
 1106,-54,-170,185,126,127,97,
 1107,-55,-171,195,116,116,96,
 1108,-56,-182,196,116,119,95,
 1109,-54,-171,199,112,102,104,
 1110,-49,-159,196,112,105,106,
 1111,-57,-178,188,100,122,104,
 1112,-55,-177,190,114,116,105,
 1113,-54,-178,199,114,117,107,
 1114,-51,-172,200,122,101,103,
 1115,-56,-171,197,121,111,104,
 1116,-57,-180,191,124,117,108,
 1117,-53,-176,182,116,137,106,
 1118,-53,-172,203,102,101,100,
 1119,-60,-165,189,121,107,101,
 1120,-54,-181,190,115,106,100,
 1121,-54,-177,195,111,124,105,
 1122,-51,-183,196,103,120,105,
 1123,-57,-173,198,120,105,103,
 1124,-60,-175,195,118,127,109,
 1125,-51,-183,200,114,122,111,
 1126,-53,-182,199,111,115,116,
 1127,-62,-171,200,117,102,111,
 1128,-55,-172,191,113,102,117,
 1129,-56,-175,183,113,115,109,
 1130,-58,-184,194,98,103,112,
 1131,-57,-172,192,105,133,121,
 1132,-57,-180,191,114,118,121,
 1133,-61,-168,189,123,97,114,
 1134,-58,-176,198,105,108,118,
 1135,-58,-186,202,120,117,115,
 1136,-53,-178,206,110,116,122,
 1137,-60,-164,202,117,102,121,
 1138,-58,-175,197,116,103,116,
 1139,-55,-178,204,106,94,123,
 1140,-60,-191,201,122,126,117,
 1141,-56,-171,199,126,121,123,
 1142,-55,-166,200,119,114,124,
 1143,-60,-181,199,123,110,122,
 1144,-54,-189,205,121,112,123,
 1145,-63,-180,207,113,120,115,
 1146,-59,-176,200,116,125,120,
 1147,-54,-181,203,111,99,116,
 1148,-61,-174,200,113,114,117,
 1149,-53,-183,202,121,110,118,
 1150,-60,-167,195,118,123,120,
 1151,-55,-175,198,121,111,115,
 1152,-55,-167,203,119,98,121,
 1153,-55,-176,190,120,107,117,
 1154,-52,-186,197,120,94,125,
 1155,-57,-185,203,113,111,118,
 1156,-57,-182,200,116,124,120,
 1157,-58,-173,205,115,103,126,
 1158,-54,-171,199,118,112,117,
 1159,-54,-183,197,114,107,126,
 1160,-54,-179,203,123,99,114,
 1161,-53,-180,207,118,110,118,
 1162,-53,-178,204,115,126,115,
 1163,-59,-182,198,124,120,123,
 1164,-50,-170,196,125,117,121,
 1165,-58,-172,207,113,100,114,
 1166,-56,-171,191,115,116,116,
 1167,-58,-179,196,111,115,121,
 1168,-52,-178,187,115,106,109,
 1169,-58,-176,203,119,110,114,
 1170,-56,-167,194,125,107,115,
 1171,-62,-177,197,121,110,122,
 1172,-54,-184,193,126,135,117,
 1173,-62,-187,194,127,104,122,
 1174,-59,-179,198,119,103,127,
 1175,-62,-174,197,114,113,121,
 1176,-53,-175,196,117,103,120,
 1177,-61,-180,199,124,111,113,
 1178,-58,-182,200,128,104,119,
 1179,-62,-180,198,143,103,118,
 1180,-58,-175,204,144,125,114,
 1181,-58,-179,194,136,129,116,
 1182,-60,-188,207,125,96,122,
 1183,-59,-185,205,118,105,117,
 1184,-56,-168,207,132,106,110,
 1185,-54,-176,202,145,113,117,
 1186,-64,-173,199,153,119,114,
 1187,-56,-180,202,152,95,113,
 1188,-63,-174,190,125,115,112,
 1189,-55,-177,205,127,115,113,
 1190,-61,-181,200,126,104,116,
 1191,-55,-168,200,137,114,114,
 1192,-53,-186,204,145,110,116,
 1193,-62,-179,207,144,102,114,
 1194,-53,-179,206,133,117,115,
 1195,-58,-178,207,129,106,114,
 1196,-56,-173,193,123,116,115,
 1197,-61,-188,194,140,131,118,
 1198,-61,-182,209,143,110,118,
 1199,-58,-166,208,146,109,113,
 1200,-60,-169,194,126,120,119,
 1201,-56,-179,199,121,111,118,
 1202,-62,-182,212,125,127,121,
 1203,-59,-194,209,134,124,116,
 1204,-54,-181,207,139,103,130,
 1205,-62,-175,202,135,111,128,
 1206,-60,-179,192,125,126,117,
 1207,-54,-183,194,123,96,122,
 1208,-63,-187,198,132,104,127,
 1209,-54,-180,196,139,113,126,
 1210,-54,-186,201,142,119,118,
 1211,-63,-174,202,133,118,127,
 1212,-58,-186,206,121,107,121,
 1213,-57,-176,201,120,97,122,
 1214,-63,-183,199,129,114,123,
 1215,-55,-179,208,131,100,116,
 1216,-64,-176,207,135,84,124,
 1217,-57,-177,203,131,111,124,
 1218,-58,-179,205,118,120,124,
 1219,-64,-175,197,122,124,125,
 1220,-62,-172,196,138,117,126,
 1221,-56,-175,200,133,104,125,
 1222,-56,-176,207,131,104,130,
 1223,-65,-182,201,120,106,124,
 1224,-57,-175,202,123,108,133,
 1225,-63,-174,205,132,95,131,
 1226,-65,-178,205,139,110,137,
 1227,-59,-179,206,135,118,120,
 1228,-54,-175,196,131,101,132,
 1229,-61,-178,197,120,111,132,
 1230,-57,-170,203,140,101,140,
 1231,-55,-167,206,139,95,130,
 1232,-59,-176,201,142,112,125,
 1233,-60,-173,210,134,102,123,
 1234,-57,-182,204,126,117,136,
 1235,-53,-169,205,153,123,127,
 1236,-60,-177,207,145,92,131,
 1237,-59,-176,209,153,90,130,
 1238,-59,-180,210,141,117,127,
 1239,-59,-182,201,133,95,122,
 1240,-64,-182,210,141,96,131,
 1241,-62,-176,202,154,124,138,
 1242,-59,-170,209,152,109,134,
 1243,-55,-180,204,142,88,125,
 1244,-63,-185,194,133,110,127,
 1245,-58,-180,203,142,93,125,
 1246,-59,-178,201,154,92,129,
 1247,-60,-179,208,149,113,138,
 1248,-64,-179,202,136,115,137,
 1249,-57,-188,198,139,101,126,
 1250,-59,-183,206,145,113,134,
 1251,-61,-181,204,148,109,134,
 1252,-61,-169,200,141,92,132,
 1253,-57,-179,204,135,98,133,
 1254,-61,-184,201,135,96,131,
 1255,-64,-179,205,147,105,134,
 1256,-59,-186,204,154,122,122,
 1257,-55,-183,202,141,100,127,
 1258,-64,-182,205,132,102,128,
 1259,-61,-179,213,146,117,124,
 1260,-57,-181,198,148,100,117,
 1261,-59,-181,211,137,91,124,
 1262,-57,-180,210,134,87,130,
 1263,-60,-177,206,131,94,133,
 1264,-60,-181,201,149,92,127,
 1265,-58,-188,202,134,91,128,
 1266,-54,-196,206,132,88,130,
 1267,-55,-190,205,141,90,132,
 1268,-60,-188,204,145,100,134,
 1269,-55,-184,209,140,96,131,
 1270,-55,-187,206,144,91,130,
 1271,-61,-190,205,132,121,134,
 1272,-60,-186,210,130,105,130,
 1273,-52,-185,216,150,89,140,
 1274,-57,-176,211,154,103,140,
 1275,-60,-175,219,135,93,131,
 1276,-53,-186,218,130,91,134,
 1277,-54,-186,208,143,102,132,
 1278,-59,-180,212,145,95,129,
 1279,-62,-184,211,150,99,133,
 1280,-52,-187,205,136,102,128,
 1281,-55,-172,200,137,86,138,
 1282,-61,-180,199,148,106,124,
 1283,-58,-182,203,160,91,134,
 1284,-57,-194,215,157,85,146,
 1285,-62,-178,200,144,93,137,
 1286,-63,-185,202,141,107,133,
 1287,-57,-175,204,159,96,138,
 1288,-61,-182,203,163,103,136,
 1289,-63,-190,204,138,89,130,
 1290,-60,-193,213,145,86,129,
 1291,-57,-183,212,152,92,129,
 1292,-65,-190,213,163,83,132,
 1293,-64,-180,219,142,105,130,
 1294,-56,-180,218,130,112,133,
 1295,-60,-175,213,141,99,137,
 1296,-62,-173,204,159,110,129,
 1297,-59,-175,203,151,99,129,
 1298,-60,-183,215,140,102,125,
 1299,-60,-179,206,144,104,139,
 1300,-55,-181,196,155,75,134,
 1301,-53,-176,211,142,88,124,
 1302,-54,-185,214,140,94,135,
 1303,-59,-191,199,143,73,127,
 1304,-54,-192,201,150,92,128,
 1305,-57,-187,195,147,91,132,
 1306,-61,-180,196,142,79,128,
 1307,-61,-182,207,141,81,131,
 1308,-51,-185,210,158,78,125,
 1309,-60,-178,205,145,81,125,
 1310,-56,-180,214,144,120,129,
 1311,-57,-185,207,134,90,132,
 1312,-60,-181,204,146,83,129,
 1313,-57,-181,205,148,99,118,
 1314,-58,-171,213,141,93,122,
 1315,-59,-191,204,138,105,129,
 1316,-56,-190,207,150,84,126,
 1317,-58,-189,204,152,82,121,
 1318,-62,-177,198,150,99,116,
 1319,-53,-179,201,145,91,122,
 1320,-60,-172,200,145,95,129,
 1321,-57,-176,213,151,84,122,
 1322,-55,-175,203,151,95,126,
 1323,-58,-185,205,146,94,129,
 1324,-63,-179,213,143,75,128,
 1325,-54,-179,197,160,91,141,
 1326,-59,-183,211,152,91,129,
 1327,-55,-181,211,151,84,127,
 1328,-60,-183,213,128,89,128,
 1329,-62,-184,212,163,65,128,
 1330,-56,-183,216,174,90,130,
 1331,-60,-183,214,168,79,128,
 1332,-57,-179,209,138,97,130,
 1333,-57,-188,208,145,92,123,
 1334,-51,-189,211,167,81,124,
 1335,-55,-181,201,155,96,137,
 1336,-56,-186,204,135,89,133,
 1337,-52,-186,202,129,85,127,
 1338,-59,-193,213,157,90,128,
 1339,-51,-189,212,153,89,129,
 1340,-60,-189,205,139,82,124,
 1341,-52,-184,206,135,74,130,
 1342,-58,-185,213,149,92,124,
 1343,-51,-190,208,142,73,133,
 1344,-58,-191,201,143,97,123,
 1345,-55,-191,202,130,82,118,
 1346,-58,-191,208,142,80,128,
 1347,-52,-183,209,146,92,134,
 1348,-57,-192,209,132,78,134,
 1349,-50,-196,209,130,78,124,
 1350,-58,-180,211,139,73,129,
 1351,-51,-182,208,155,99,125,
 1352,-60,-188,211,137,83,130,
 1353,-52,-184,209,138,85,125,
 1354,-54,-191,205,134,84,127,
 1355,-59,-190,211,145,89,124,
 1356,-59,-187,205,142,90,119,
 1357,-58,-190,204,135,73,128,
 1358,-56,-180,204,128,97,136,
 1359,-52,-178,194,149,66,124,
 1360,-53,-176,204,143,76,132,
 1361,-59,-189,193,142,70,126,
 1362,-50,-194,204,127,85,119,
 1363,-55,-186,197,148,88,116,
 1364,-54,-184,211,150,84,129,
 1365,-55,-185,201,146,77,119,
 1366,-53,-183,212,127,81,116,
 1367,-53,-175,216,130,85,116,
 1368,-60,-186,208,153,74,118,
 1369,-56,-183,214,154,78,121,
 1370,-54,-188,209,141,76,119,
 1371,-58,-185,210,131,91,116,
 1372,-50,-187,205,156,78,116,
 1373,-54,-182,199,163,83,117,
 1374,-57,-182,204,157,61,127,
 1375,-49,-179,212,141,90,118,
 1376,-50,-173,201,128,65,125,
 1377,-54,-182,208,154,84,124,
 1378,-51,-184,209,156,78,122,
 1379,-47,-185,210,137,88,114,
 1380,-53,-185,211,133,73,111,
 1381,-50,-181,212,155,83,122,
 1382,-49,-183,209,150,79,121,
 1383,-49,-181,199,143,89,114,
 1384,-53,-186,194,128,70,115,
 1385,-54,-189,209,132,82,115,
 1386,-47,-184,215,154,63,116,
 1387,-49,-189,202,154,70,113,
 1388,-53,-188,213,137,68,129,
 1389,-50,-179,212,125,78,119,
 1390,-49,-186,218,145,69,119,
 1391,-48,-183,200,148,64,127,
 1392,-52,-184,210,140,73,119,
 1393,-55,-185,204,127,69,117,
 1394,-51,-182,199,119,73,120,
 1395,-47,-185,206,143,74,122,
 1396,-48,-188,204,143,87,124,
 1397,-50,-182,208,142,73,123,
 1398,-51,-181,207,128,80,125,
 1399,-51,-182,199,132,72,124,
 1400,-53,-186,210,144,67,126,
 1401,-50,-190,196,127,77,120,
 1402,-50,-189,211,131,86,125,
 1403,-50,-180,205,122,71,126,
 1404,-51,-187,200,133,75,118,
 1405,-51,-184,207,140,86,118,
 1406,-52,-179,200,130,75,113,
 1407,-54,-185,200,129,76,116,
 1408,-52,-182,206,129,65,122,
 1409,-52,-182,205,144,76,120,
 1410,-49,-187,206,149,71,114,
 1411,-49,-187,205,144,63,117,
 1412,-48,-197,198,134,75,115,
 1413,-50,-191,205,131,76,112,
 1414,-49,-191,206,147,74,111,
 1415,-50,-184,205,154,65,113,
 1416,-46,-189,194,141,75,118,
 1417,-47,-187,196,131,73,107,
 1418,-46,-184,201,117,63,107,
 1419,-48,-183,207,138,77,101,
 1420,-49,-189,204,156,67,106,
 1421,-47,-186,198,138,68,108,
 1422,-47,-187,198,124,63,105,
 1423,-45,-188,209,129,57,110,
 1424,-49,-191,209,151,75,109,
 1425,-48,-189,203,142,68,107,
 1426,-46,-187,203,136,80,112,
 1427,-50,-186,201,130,70,104,
 1428,-48,-180,203,128,71,102,
 1429,-48,-184,208,141,72,111,
 1430,-49,-187,198,137,66,99,
 1431,-48,-190,196,133,72,107,
 1432,-46,-192,206,125,72,99,
 1433,-45,-176,207,113,66,102,
 1434,-45,-179,210,130,71,98,
 1435,-45,-189,204,135,72,98,
 1436,-47,-190,202,130,58,99,
 1437,-48,-189,190,127,68,96,
 1438,-47,-183,204,115,70,93,
 1439,-44,-183,203,126,80,93,
 1440,-42,-187,199,129,84,87,
 1441,-44,-185,208,135,82,90,
 1442,-47,-192,212,120,71,88,
 1443,-46,-190,210,126,67,99,
 1444,-44,-190,209,114,59,94,
 1445,-43,-192,212,125,71,88,
 1446,-46,-193,208,129,60,93,
 1447,-50,-184,198,128,61,89,
 1448,-47,-181,201,115,77,87,
 1449,-44,-185,203,113,63,91,
 1450,-42,-197,205,127,54,85,
 1451,-46,-194,215,128,58,87,
 1452,-45,-197,209,128,56,86,
 1453,-43,-193,208,118,49,84,
 1454,-48,-194,204,117,69,92,
 1455,-50,-191,199,115,72,90,
 1456,-42,-185,202,116,60,84,
 1457,-45,-189,197,126,62,83,
 1458,-47,-194,202,128,59,82,
 1459,-40,-191,201,130,48,82,
 1460,-43,-186,195,113,62,82,
 1461,-46,-188,203,120,73,79,
 1462,-43,-194,197,115,62,77,
 1463,-47,-189,203,118,73,79,
 1464,-45,-193,201,124,66,78,
 1465,-44,-188,195,131,60,75,
 1466,-48,-186,193,122,56,78,
 1467,-41,-200,191,119,57,75,
 1468,-44,-202,202,107,61,74,
 1469,-42,-199,208,118,61,75,
 1470,-43,-194,194,122,63,74,
 1471,-49,-195,201,134,66,77,
 1472,-43,-177,195,131,66,78,
 1473,-46,-187,203,122,70,78,
 1474,-41,-188,201,116,69,76,
 1475,-45,-202,212,118,59,76,
 1476,-44,-196,199,122,58,71,
 1477,-41,-183,203,133,63,77,
 1478,-44,-199,204,139,66,79,
 1479,-44,-184,202,136,62,73,
 1480,-45,-195,204,127,66,71,
 1481,-41,-194,205,116,72,77,
 1482,-44,-202,200,112,57,78,
 1483,-41,-190,192,130,61,75,
 1484,-44,-199,193,137,62,72,
 1485,-44,-204,199,125,52,69,
 1486,-42,-193,194,121,70,70,
 1487,-43,-197,202,115,65,71,
 1488,-40,-201,197,105,68,75,
 1489,-47,-198,206,105,67,71,
 1490,-41,-186,206,118,63,69,
 1491,-45,-194,195,126,56,73,
 1492,-40,-202,205,133,70,71,
 1493,-42,-200,194,128,68,74,
 1494,-40,-201,189,109,60,71,
 1495,-39,-186,206,107,63,73,
 1496,-44,-201,200,107,63,70,
 1497,-41,-188,204,106,70,65,
 1498,-44,-200,198,113,61,70,
 1499,-42,-182,213,120,57,66,
 1500,-39,-191,198,114,55,68,
 1501,-45,-197,202,112,57,62,
 1502,-41,-187,209,109,65,67,
 1503,-42,-196,194,92,63,64,
 1504,-46,-198,201,110,66,63,
 1505,-42,-193,199,104,65,68,
 1506,-38,-192,204,113,67,69,
 1507,-42,-195,190,112,56,66,
 1508,-38,-186,203,107,56,63,
 1509,-38,-190,196,105,52,64,
 1510,-43,-192,198,106,44,65,
 1511,-40,-196,189,98,53,65,
 1512,-38,-198,204,95,54,60,
 1513,-42,-195,203,103,58,52,
 1514,-42,-196,197,100,70,36,
 1515,-39,-180,203,106,47,18,
 1516,-43,-186,191,101,50,-14,
 1517,-45,-193,200,106,47,-42,
 1518,-40,-201,200,101,55,-61,
 1519,-39,-186,201,104,59,-50,
 1520,-43,-197,202,107,54,-63,
 1521,-42,-187,202,99,65,-77,
 1522,-38,-203,196,100,52,-78,
 1523,-39,-190,205,104,64,-80,
 1524,-42,-192,206,104,60,-74,
 1525,-42,-195,209,107,60,-74,
 1526,-39,-184,200,111,61,-76,
 1527,-40,-200,202,101,50,-72,
 1528,-43,-199,206,95,51,-73,
 1529,-42,-191,195,96,62,-75,
 1530,-40,-206,202,93,65,-75,
 1531,-38,-199,200,98,60,-80,
 1532,-38,-198,206,95,65,-81,
 1533,-41,-189,198,103,58,-79,
 1534,-40,-200,194,103,51,-81,
 1535,-38,-198,195,100,57,-81,
 1536,-37,-200,203,99,58,-79,
 1537,-41,-200,208,102,53,-84,
 1538,-43,-204,208,96,64,-89,
 1539,-43,-199,207,98,68,-90,
 1540,-41,-192,207,93,65,-88,
 1541,-40,-196,199,96,55,-92,
 1542,-41,-197,200,98,63,-85,
 1543,-44,-199,200,96,58,-85,
 1544,-44,-190,205,95,50,-89,
 1545,-42,-203,204,99,55,-89,
 1546,-39,-192,206,102,63,-86,
 1547,-38,-199,204,99,59,-84,
 1548,-39,-203,204,94,61,-88,
 1549,-41,-195,195,107,57,-89,
 1550,-41,-203,192,98,48,-88,
 1551,-39,-203,206,94,57,-85,
 1552,-37,-206,206,97,64,-85,
 1553,-36,-199,206,97,62,-88,
 1554,-39,-206,203,89,60,-87,
 1555,-40,-206,205,88,57,-89,
 1556,-42,-212,197,90,58,-95,
 1557,-43,-206,195,103,59,-89,
 1558,-41,-203,200,112,57,-87,
 1559,-38,-209,197,107,62,-91,
 1560,-37,-205,204,104,60,-94,
 1561,-37,-204,201,107,61,-95,
 1562,-38,-205,202,107,63,-92,
 1563,-40,-205,198,110,62,-96,
 1564,-39,-198,193,108,58,-96,
 1565,-39,-196,199,98,55,-95,
 1566,-37,-201,203,102,51,-99,
 1567,-37,-206,205,87,52,-97,
 1568,-38,-203,195,87,57,-98,
 1569,-39,-208,190,88,53,-98,
 1570,-41,-196,196,96,56,-99,
 1571,-43,-203,202,94,57,-97,
 1572,-42,-199,209,94,58,-102,
 1573,-41,-207,202,91,54,-102,
 1574,-38,-201,202,93,53,-107,
 1575,-38,-202,195,99,57,-108,
 1576,-39,-202,202,103,53,-104,
 1577,-40,-203,207,105,55,-106,
 1578,-41,-204,208,102,55,-107,
 1579,-42,-196,205,106,56,-105,
 1580,-40,-205,207,103,54,-114,
 1581,-38,-198,207,108,50,-109,
 1582,-38,-202,195,91,61,-109,
 1583,-38,-205,194,90,54,-108,
 1584,-41,-205,201,95,54,-109,
 1585,-41,-211,197,91,55,-107,
 1586,-41,-203,201,92,51,-104,
 1587,-41,-203,198,81,59,-108,
 1588,-39,-205,200,85,59,-118,
 1589,-39,-193,193,85,53,-111,
 1590,-40,-200,201,92,59,-112,
 1591,-43,-203,198,94,58,-121,
 1592,-43,-202,197,94,60,-119,
 1593,-43,-209,206,89,56,-120,
 1594,-40,-202,209,93,58,-117,
 1595,-38,-203,203,92,55,-119,
 1596,-40,-210,199,99,66,-119,
 1597,-43,-213,202,100,55,-117,
 1598,-43,-208,203,100,55,-122,
 1599,-42,-216,200,100,56,-129,
 1600,-39,-202,197,93,64,-121,
 1601,-40,-208,201,95,55,-125,
 1602,-42,-211,206,92,60,-126,
 1603,-44,-216,197,85,61,-133,
 1604,-44,-211,198,86,61,-126,
 1605,-41,-211,205,86,69,-134,
 1606,-40,-213,205,84,57,-123,
 1607,-42,-207,204,89,61,-124,
 1608,-46,-211,202,85,58,-118,
 1609,-46,-210,205,85,56,-132,
 1610,-42,-214,207,82,68,-121,
 1611,-41,-214,208,87,56,-130,
 1612,-44,-215,214,81,61,-128,
 1613,-45,-215,208,83,60,-120,
 1614,-42,-208,209,83,61,-123,
 1615,-41,-203,207,83,65,-119,
 1616,-46,-212,197,87,62,-121,
 1617,-47,-203,202,86,55,-128,
 1618,-43,-209,200,92,62,-126,
 1619,-42,-216,211,90,55,-126,
 1620,-45,-215,212,89,65,-127,
 1621,-43,-219,197,95,56,-122,
 1622,-41,-219,203,89,60,-122,
 1623,-46,-215,205,89,65,-125,
 1624,-47,-218,210,91,56,-116,
 1625,-44,-212,210,87,60,-120,
 1626,-43,-213,210,82,61,-119,
 1627,-47,-222,211,85,57,-129,
 1628,-42,-217,197,88,71,-119,
 1629,-41,-222,193,86,56,-124,
 1630,-45,-206,205,91,62,-130,
 1631,-40,-217,206,88,67,-127,
 1632,-42,-218,205,87,62,-123,
 1633,-47,-218,208,86,65,-123,
 1634,-45,-215,199,85,65,-126,
 1635,-47,-214,208,83,64,-128,
 1636,-47,-225,201,81,70,-126,
 1637,-44,-223,207,82,73,-124,
 1638,-48,-233,209,81,68,-128,
 1639,-46,-228,202,82,60,-119,
 1640,-47,-228,199,83,66,-124,
 1641,-47,-224,207,89,66,-110,
 1642,-45,-211,198,88,64,-115,
 1643,-46,-218,202,86,68,-115,
 1644,-44,-220,205,84,68,-115,
 1645,-49,-225,209,84,63,-125,
 1646,-44,-213,205,85,65,-116,
 1647,-48,-219,200,83,78,-114,
 1648,-45,-234,197,83,70,-113,
 1649,-51,-222,191,83,70,-116,
 1650,-47,-225,210,77,67,-118,
 1651,-51,-214,206,79,70,-117,
 1652,-46,-225,205,80,66,-116,
 1653,-49,-222,205,86,60,-113,
 1654,-44,-220,200,80,76,-115,
 1655,-50,-226,202,84,64,-122,
 1656,-43,-220,211,82,66,-120,
 1657,-48,-224,211,83,71,-112,
 1658,-47,-224,218,82,75,-111,
 1659,-50,-221,215,83,75,-108,
 1660,-50,-227,201,88,62,-110,
 1661,-48,-227,207,84,68,-113,
 1662,-52,-230,210,80,71,-120,
 1663,-48,-228,212,79,72,-124,
 1664,-48,-209,213,80,74,-121,
 1665,-53,-221,208,81,77,-116,
 1666,-46,-219,207,82,68,-118,
 1667,-49,-221,205,82,81,-117,
 1668,-54,-230,212,82,73,-117,
 1669,-49,-224,216,80,72,-122,
 1670,-52,-224,210,80,76,-118,
 1671,-55,-228,211,85,80,-118,
 1672,-50,-223,214,88,66,-118,
 1673,-47,-212,204,101,76,-111,
 1674,-50,-225,208,99,74,-122,
 1675,-53,-216,209,93,71,-109,
 1676,-53,-233,200,92,69,-111,
 1677,-49,-219,209,90,67,-113,
 1678,-50,-218,201,84,83,-118,
 1679,-55,-213,213,83,80,-124,
 1680,-56,-229,206,87,64,-121,
 1681,-55,-223,214,95,74,-122,
 1682,-53,-234,211,90,77,-114,
 1683,-52,-229,203,85,77,-116,
 1684,-52,-220,214,88,75,-117,
 1685,-57,-225,211,91,72,-123,
 1686,-58,-240,208,93,69,-120,
 1687,-59,-232,211,88,84,-125,
 1688,-55,-226,211,83,85,-121,
 1689,-56,-230,219,78,77,-116,
 1690,-56,-221,210,83,72,-115,
 1691,-59,-229,208,79,73,-113,
 1692,-55,-221,216,78,73,-122,
 1693,-55,-229,219,88,82,-118,
 1694,-55,-234,225,86,76,-117,
 1695,-55,-236,216,87,85,-122,
 1696,-57,-235,201,89,86,-119,
 1697,-60,-243,213,91,81,-126,
 1698,-59,-235,212,91,81,-121,
 1699,-59,-237,219,91,78,-120,
 1700,-53,-233,216,94,75,-117,
 1701,-54,-230,218,97,83,-124,
 1702,-53,-238,208,95,88,-120,
 1703,-53,-227,228,91,86,-127,
 1704,-53,-232,223,91,85,-115,
 1705,-58,-238,222,89,89,-112,
 1706,-60,-243,220,88,81,-118,
 1707,-55,-240,215,93,79,-113,
 1708,-54,-231,209,94,84,-118,
 1709,-52,-225,215,88,85,-115,
 1710,-57,-227,214,92,85,-113,
 1711,-57,-236,218,87,88,-113,
 1712,-52,-234,210,85,90,-114,
 1713,-58,-239,218,87,83,-115,
 1714,-57,-237,216,98,77,-118,
 1715,-56,-226,216,93,86,-116,
 1716,-57,-229,219,98,91,-110,
 1717,-61,-239,209,99,83,-113,
 1718,-62,-225,217,99,77,-111,
 1719,-56,-220,215,99,85,-113,
 1720,-62,-232,218,99,83,-113,
 1721,-55,-244,220,99,88,-121,
 1722,-59,-229,211,99,93,-110,
 1723,-60,-221,219,100,95,-109,
 1724,-61,-240,222,96,88,-107,
 1725,-58,-245,228,101,81,-103,
 1726,-63,-224,229,108,82,-105,
 1727,-59,-232,222,109,89,-109,
 1728,-65,-239,219,99,96,-108,
 1729,-61,-238,207,104,92,-107,
 1730,-60,-253,225,96,93,-111,
 1731,-61,-239,220,103,93,-107,
 1732,-57,-224,221,100,90,-112,
 1733,-65,-221,208,105,96,-108,
 1734,-58,-242,217,107,96,-112,
 1735,-58,-230,224,100,92,-108,
 1736,-64,-230,215,102,94,-107,
 1737,-67,-254,209,98,97,-107,
 1738,-60,-234,221,100,96,-110,
 1739,-63,-242,211,112,90,-104,
 1740,-65,-243,224,108,100,-109,
 1741,-65,-232,212,103,100,-108,
 1742,-60,-240,219,103,93,-102,
 1743,-57,-235,215,107,83,-100,
 1744,-60,-225,223,104,95,-100,
 1745,-58,-236,227,110,90,-98,
 1746,-66,-243,212,105,92,-103,
 1747,-65,-240,217,114,102,-97,
 1748,-60,-237,219,115,89,-98,
 1749,-59,-230,217,115,98,-93,
 1750,-65,-238,222,114,97,-99,
 1751,-61,-243,220,120,98,-97,
 1752,-60,-228,216,116,99,-96,
 1753,-62,-231,215,120,96,-93,
 1754,-65,-242,222,115,99,-95,
 1755,-59,-235,218,122,90,-93,
 1756,-61,-226,220,117,100,-92,
 1757,-63,-239,214,111,99,-92,
 1758,-63,-244,211,120,95,-99,
 1759,-64,-238,226,122,105,-94,
 1760,-63,-231,219,120,102,-94,
 1761,-62,-240,220,115,81,-90,
 1762,-63,-242,207,121,90,-97,
 1763,-70,-244,229,127,94,-97,
 1764,-71,-232,230,135,96,-92,
 1765,-68,-235,228,129,95,-93,
 1766,-64,-239,223,125,101,-89,
 1767,-65,-235,225,114,94,-89,
 1768,-73,-242,215,121,95,-92,
 1769,-68,-240,220,111,100,-92,
 1770,-70,-247,219,118,100,-95,
 1771,-63,-244,225,119,92,-97,
 1772,-69,-230,218,121,99,-92,
 1773,-65,-245,218,134,107,-94,
 1774,-61,-234,234,129,109,-95,
 1775,-70,-235,224,139,98,-95,
 1776,-65,-243,224,131,93,-96,
 1777,-69,-229,228,129,105,-89,
 1778,-70,-245,228,126,104,-93,
 1779,-67,-238,214,116,97,-97,
 1780,-67,-252,222,117,95,-90,
 1781,-68,-241,221,114,107,-93,
 1782,-67,-249,221,133,102,-95,
 1783,-73,-245,233,139,102,-96,
 1784,-72,-239,215,132,108,-91,
 1785,-75,-250,214,129,118,-88,
 1786,-71,-235,218,121,108,-92,
 1787,-72,-244,225,127,105,-93,
 1788,-69,-238,215,119,106,-97,
 1789,-69,-234,227,123,103,-95,
 1790,-74,-252,221,126,111,-91,
 1791,-65,-228,232,128,108,-86,
 1792,-71,-252,213,125,102,-92,
 1793,-70,-233,228,136,114,-93,
 1794,-73,-244,228,126,105,-90,
 1795,-73,-240,231,118,97,-90,
 1796,-72,-245,225,120,100,-92,
 1797,-71,-245,230,126,113,-93,
 1798,-67,-227,225,123,105,-87,
 1799,-71,-246,228,131,93,-87,
 1800,-73,-245,226,136,105,-86,
 1801,-73,-256,226,130,103,-89,
 1802,-73,-242,228,130,115,-84,
 1803,-69,-255,219,129,100,-84,
 1804,-69,-246,226,129,102,-85,
 1805,-75,-250,227,121,108,-84,
 1806,-70,-242,223,126,92,-87,
 1807,-76,-249,232,129,109,-87,
 1808,-67,-229,235,136,113,-89,
 1809,-75,-236,222,134,100,-83,
 1810,-69,-242,229,134,102,-87,
 1811,-77,-230,231,130,97,-89,
 1812,-77,-246,234,128,99,-85,
 1813,-79,-227,217,120,114,-81,
 1814,-75,-254,235,124,105,-84,
 1815,-73,-239,242,135,106,-94,
 1816,-73,-247,247,132,111,-89,
 1817,-73,-231,236,132,98,-85,
 1818,-73,-247,233,131,119,-88,
 1819,-66,-226,221,128,101,-84,
 1820,-68,-247,234,129,98,-89,
 1821,-74,-222,231,130,118,-88,
 1822,-75,-252,229,128,111,-93,
 1823,-74,-237,231,132,110,-87,
 1824,-77,-240,237,126,107,-92,
 1825,-71,-235,230,123,98,-90,
 1826,-75,-244,230,124,127,-85,
 1827,-75,-237,231,146,116,-91,
 1828,-73,-239,233,139,98,-91,
 1829,-76,-240,233,141,101,-89,
 1830,-74,-242,221,139,113,-86,
 1831,-75,-229,228,137,116,-84,
 1832,-79,-239,245,133,102,-86,
 1833,-80,-236,230,126,104,-87,
 1834,-75,-242,234,139,98,-85,
 1835,-72,-231,216,145,108,-80,
 1836,-76,-252,235,147,107,-70,
 1837,-69,-233,223,140,108,-54,
 1838,-72,-244,229,141,107,-30,
 1839,-76,-240,229,131,108,-8,
 1840,-73,-237,227,142,113,27,
 1841,-70,-240,229,158,110,48,
 1842,-72,-234,231,154,113,57,
 1843,-82,-250,228,141,94,57,
 1844,-81,-234,227,145,101,77,
 1845,-83,-257,223,138,98,78,
 1846,-75,-238,232,145,115,80,
 1847,-83,-247,239,162,114,75,
 1848,-82,-254,228,162,120,78,
 1849,-80,-248,237,155,101,76,
 1850,-83,-235,231,141,109,74,
 1851,-76,-231,236,138,104,79,
 1852,-69,-245,233,146,117,77,
 1853,-74,-242,221,163,108,80,
 1854,-80,-239,233,155,100,77,
 1855,-82,-228,239,152,104,82,
 1856,-82,-243,240,135,92,80,
 1857,-78,-232,235,149,100,87,
 1858,-84,-241,239,162,107,87,
 1859,-78,-220,231,161,123,82,
 1860,-74,-239,239,138,122,84,
 1861,-86,-233,232,145,120,82,
 1862,-88,-245,243,147,104,86,
 1863,-85,-248,237,157,118,86,
 1864,-81,-227,237,151,104,89,
 1865,-87,-248,221,145,109,85,
 1866,-84,-232,231,143,99,90,
 1867,-82,-246,237,137,108,89,
 1868,-83,-221,227,151,104,99,
 1869,-77,-252,239,159,118,96,
 1870,-84,-240,232,146,122,91,
 1871,-82,-238,232,135,113,98,
 1872,-82,-234,230,134,96,91,
 1873,-87,-232,233,156,116,92,
 1874,-85,-246,240,153,101,98,
 1875,-88,-225,230,148,121,92,
 1876,-85,-229,234,136,107,91,
 1877,-86,-213,244,137,114,90,
 1878,-84,-236,231,146,100,97,
 1879,-81,-227,229,149,117,94,
 1880,-89,-227,232,147,96,93,
 1881,-78,-241,225,147,125,97,
 1882,-88,-231,230,136,116,97,
 1883,-86,-229,231,145,108,95,
 1884,-75,-229,223,152,88,94,
 1885,-84,-242,234,154,97,96,
 1886,-76,-214,240,149,95,92,
 1887,-85,-220,225,130,98,90,
 1888,-84,-237,241,150,106,94,
 1889,-83,-232,245,153,117,100,
 1890,-84,-235,225,161,111,101,
 1891,-88,-233,240,153,103,100,
 1892,-84,-237,238,141,127,101,
 1893,-87,-219,230,150,108,98,
 1894,-86,-222,237,163,106,99,
 1895,-88,-244,225,167,99,103,
 1896,-84,-240,237,152,112,96,
 1897,-80,-245,223,141,108,97,
 1898,-78,-225,226,160,107,96,
 1899,-77,-226,235,177,89,90,
 1900,-77,-206,225,155,101,96,
 1901,-84,-217,228,144,98,90,
 1902,-76,-240,229,141,114,97,
 1903,-79,-222,224,160,101,95,
 1904,-84,-244,240,162,106,96,
 1905,-86,-225,237,151,97,98,
 1906,-87,-237,227,142,94,99,
 1907,-85,-227,241,143,115,101,
 1908,-85,-227,245,160,107,97,
 1909,-86,-238,228,164,112,92,
 1910,-82,-224,235,157,93,91,
 1911,-86,-243,239,144,116,94,
 1912,-86,-229,222,153,105,99,
 1913,-83,-234,232,158,114,96,
 1914,-85,-231,235,146,90,94,
 1915,-84,-228,230,148,104,92,
 1916,-82,-238,232,135,110,96,
 1917,-86,-229,227,155,109,99,
 1918,-82,-240,235,149,126,96,
 1919,-87,-217,238,148,99,100,
 1920,-85,-221,238,133,100,91,
 1921,-82,-222,239,160,97,96,
 1922,-87,-213,232,155,115,97,
 1923,-85,-227,244,150,104,97,
 1924,-88,-208,231,137,97,93,
 1925,-84,-232,236,146,99,97,
 1926,-81,-214,222,154,82,100,
 1927,-82,-206,230,148,108,106,
 1928,-86,-220,224,136,91,102,
 1929,-77,-198,236,139,104,99,
 1930,-78,-222,237,150,92,109,
 1931,-87,-204,233,158,94,105,
 1932,-86,-224,233,149,89,108,
 1933,-84,-227,226,135,85,98,
 1934,-84,-215,236,149,95,108,
 1935,-83,-225,234,156,87,105,
 1936,-82,-208,228,161,112,107,
 1937,-85,-220,235,145,102,108,
 1938,-86,-209,238,146,93,109,
 1939,-88,-223,227,150,82,105,
 1940,-83,-207,230,172,88,104,
 1941,-84,-221,230,164,103,104,
 1942,-88,-213,229,141,98,107,
 1943,-85,-208,237,142,106,106,
 1944,-87,-211,231,157,85,106,
 1945,-84,-192,236,173,103,106,
 1946,-86,-210,232,158,85,114,
 1947,-87,-208,218,146,94,113,
 1948,-83,-205,235,147,94,113,
 1949,-84,-214,228,167,100,113,
 1950,-87,-206,229,162,94,119,
 1951,-86,-226,231,151,92,109,
 1952,-85,-207,229,145,103,110,
 1953,-77,-218,233,162,101,109,
 1954,-78,-201,233,166,93,112,
 1955,-82,-221,235,150,90,115,
 1956,-77,-200,230,134,93,109,
 1957,-85,-200,220,150,83,113,
 1958,-82,-196,230,157,95,109,
 1959,-85,-208,227,153,71,110,
 1960,-84,-213,224,137,82,113,
 1961,-79,-202,227,137,98,108,
 1962,-89,-211,239,158,103,110,
 1963,-88,-199,226,158,112,108,
 1964,-86,-199,228,143,82,111,
 1965,-85,-185,231,132,94,115,
 1966,-85,-195,232,146,75,118,
 1967,-81,-191,229,150,98,120,
 1968,-80,-204,230,149,91,128,
 1969,-79,-210,231,144,98,123,
 1970,-78,-205,232,130,81,115,
 1971,-79,-198,222,142,94,116,
 1972,-71,-186,236,149,94,115,
 1973,-71,-203,221,139,93,117,
 1974,-76,-198,222,131,87,122,
 1975,-80,-201,217,135,73,113,
 1976,-84,-188,226,148,93,122,
 1977,-75,-210,212,150,68,118,
 1978,-82,-195,218,139,82,119,
 1979,-81,-202,233,142,70,108,
 1980,-86,-194,222,148,91,110,
 1981,-81,-201,215,146,92,118,
 1982,-78,-196,224,150,97,112,
 1983,-76,-186,216,140,91,110,
 1984,-78,-201,234,162,74,115,
 1985,-76,-175,223,160,84,116,
 1986,-79,-187,224,153,73,113,
 1987,-80,-177,224,131,88,115,
 1988,-83,-193,217,137,68,119,
 1989,-79,-179,214,155,82,114,
 1990,-81,-195,213,163,77,114,
 1991,-80,-181,216,157,86,118,
 1992,-84,-200,215,140,82,110,
 1993,-87,-179,220,143,80,109,
 1994,-75,-197,212,164,76,107,
 1995,-78,-181,211,157,75,111,
 1996,-85,-187,226,148,71,116,
 1997,-83,-186,226,131,92,102,
 1998,-80,-195,224,138,77,106,
 1999,-74,-179,226,147,90,109,
 2000,-79,-193,212,154,81,98,
 2001,-67,-180,214,142,91,107,
 2002,-69,-188,214,128,73,114,
 2003,-77,-181,219,143,80,112,
 2004,-75,-182,227,148,65,110,
 2005,-76,-179,230,144,72,108,
 2006,-72,-174,234,133,68,106,
 2007,-69,-187,220,131,76,110,
 2008,-70,-181,226,130,75,103,
 2009,-76,-188,208,139,86,109,
 2010,-79,-173,206,143,80,110,
 2011,-73,-184,215,137,83,106,
 2012,-75,-170,218,122,67,106,
 2013,-76,-182,222,130,83,100,
 2014,-75,-176,216,131,81,101,
 2015,-65,-178,217,141,75,102,
 2016,-73,-173,221,126,80,104,
 2017,-72,-172,224,138,68,106,
 2018,-67,-183,220,131,69,105,
 2019,-74,-168,222,142,56,104,
 2020,-71,-182,216,135,87,102,
 2021,-75,-172,222,123,74,107,
 2022,-68,-171,219,125,82,104,
 2023,-74,-182,227,128,60,111,
 2024,-73,-170,217,130,65,103,
 2025,-72,-179,219,138,60,102,
 2026,-78,-163,220,129,64,100,
 2027,-73,-170,220,129,68,103,
 2028,-73,-182,228,131,68,101,
 2029,-77,-164,219,123,70,100,
 2030,-76,-172,222,132,67,102,
 2031,-71,-162,217,133,65,103,
 2032,-71,-174,223,138,71,104,
 2033,-70,-173,218,129,72,109,
 2034,-67,-168,216,128,88,104,
 2035,-68,-181,219,121,72,109,
 2036,-67,-161,207,134,70,105,
 2037,-68,-177,216,143,68,107,
 2038,-66,-174,222,145,73,105,
 2039,-64,-169,218,129,76,100,
 2040,-68,-167,214,122,62,106,
 2041,-67,-156,216,121,62,106,
 2042,-70,-159,213,134,61,108,
 2043,-63,-163,204,138,68,110,
 2044,-72,-159,212,145,73,108,
 2045,-71,-170,219,137,66,106,
 2046,-71,-163,213,123,74,113,
 2047,-67,-165,211,120,64,109,
 2048,-69,-174,218,129,67,106,
 2049,-71,-164,223,135,74,114,
 2050,-69,-146,215,132,54,105,
 2051,-68,-166,211,126,65,104,
 2052,-63,-154,217,117,64,109,
 2053,-58,-167,213,115,53,103,
 2054,-63,-175,212,118,67,102,
 2055,-59,-163,205,127,62,104,
 2056,-59,-162,212,125,69,106,
 2057,-65,-167,220,125,67,104,
 2058,-59,-158,221,109,62,105,
 2059,-66,-161,212,118,63,112,
 2060,-57,-170,211,117,71,106,
 2061,-63,-149,207,115,61,104,
 2062,-62,-159,209,119,68,103,
 2063,-64,-163,206,120,62,108,
 2064,-63,-150,213,119,65,107,
 2065,-61,-150,214,117,54,106,
 2066,-64,-170,208,109,58,104,
 2067,-62,-149,206,110,63,102,
 2068,-58,-143,214,108,51,106,
 2069,-66,-162,217,106,67,104,
 2070,-60,-158,214,113,60,99,
 2071,-63,-150,216,116,58,101,
 2072,-65,-157,213,117,65,98,
 2073,-56,-147,214,117,65,101,
 2074,-64,-150,213,113,62,105,
 2075,-56,-152,217,108,61,100,
 2076,-58,-144,211,109,64,105,
 2077,-63,-147,203,106,65,101,
 2078,-61,-137,210,112,61,102,
 2079,-63,-154,219,114,69,99,
 2080,-57,-145,222,108,56,97,
 2081,-55,-146,213,98,53,95,
 2082,-58,-145,217,112,68,92,
 2083,-56,-163,208,107,67,94,
 2084,-59,-153,206,97,55,97,
 2085,-56,-148,201,110,56,97,
 2086,-55,-147,209,115,56,94,
 2087,-56,-153,206,110,69,95,
 2088,-60,-154,214,97,63,98,
 2089,-57,-143,216,104,63,99,
 2090,-59,-142,216,100,51,100,
 2091,-58,-139,217,102,51,96,
 2092,-54,-150,209,97,50,93,
 2093,-54,-143,199,99,61,96,
 2094,-57,-137,208,100,60,95,
 2095,-56,-157,204,112,59,91,
 2096,-59,-151,209,112,53,93,
 2097,-58,-141,211,103,49,95,
 2098,-58,-139,207,96,55,95,
