NO.0 0,0,-0.0343251,0,0,0,11933.1,-14835.3,0
NO.1 0,0,0.0114369,0,0,0,11932.7,0,0
NO.2 0,0,-0.0114369,0,0,0,11932.7,0,0
NO.3 0,0,0.0114369,0,0,0,11932.7,0,0
NO.4 0,0,-0.022881,0,0,0,11693.1,-14835.2,240
NO.5 0,0,0.0114369,0,0,0,11693.1,-14669,0
NO.6 0,0,-0.0114369,0,0,0,11933.1,-14835.2,-10984.7
NO.7 0,0,0.0114369,0,0,0,14453.1,-14668.9,0
NO.8 0,0,-0.022881,0,0,0,11693.1,-14835.3,5775.1
NO.9 0,0,0,0,0,0,11932.7,0,0
NO.10 0,0,0.022881,0,0,0,11932.7,0,0
NO.11 0,0,0.0114369,0,0,0,12413.1,-14835.5,11932.7
NO.12 0,0,0.0457692,0,0,0,14093.1,-14835.2,-10985.3
NO.13 0,0,0.0457692,0,0,0,11933.1,-14835,5546.81
NO.14 0,0,0.137322,0,0,0,-5919.67,0,0
NO.15 0,0,0.251763,0,0,0,-5882.64,0,0
NO.16 0,0,0.331872,0,0,0,-5914.05,0,0
NO.17 0,0,0.480645,0,0,0,-5917.33,0,0
NO.18 0,0,1.09863,0,0,0,-5923.89,0,0
NO.19 0,0,1.68227,0,0,0,-5896.24,0,0
NO.20 0,0,2.07137,0,0,0,-5913.11,0,0
NO.21 0,0,2.60925,0,0,0,-5886.86,0,0
NO.22 0,0,3.63921,0,0,0,-5937.49,0,0
NO.23 0,0,4.66918,0,0,0,-5893.42,0,0
NO.24 0,0,5.49316,0,0,0,-5900.45,0,0
NO.25 0,0,5.22994,0,0,0,-5907.02,0,0
NO.26 0,0,5.83648,0,0,0,5415.09,0,0
NO.27 0,0,6.62612,0,0,0,-5933.27,0,0
NO.28 0,0,7.16399,0,0,0,-5902.8,0,0
NO.29 0,0,7.42721,0,0,0,-5906.08,0,0
NO.30 0,0,7.82774,0,0,0,-5926.7,0,0
NO.31 0,0,8.46861,0,0,0,-5920.35,0,0
NO.32 0,0,10.1623,0,0,0,-5924.57,0,0
NO.33 0,0,10.7117,0,0,0,-5882.38,0,0
NO.34 0,0,10.7117,0,0,0,-5985.51,0,0
NO.35 0,0,11.2266,0,0,0,-5992.07,0,0
NO.36 0,0,11.9133,0,0,0,-5975.18,0,0
NO.37 0,0,13.0806,0,0,0,0,0,0
NO.38 0,0,14.5798,0,0,0,-5983.63,0,0
NO.39 0,0,15.4037,0,0,0,-5962.52,0,0
NO.40 0,0,17.0288,0,0,0,-5907.69,0,0
NO.41 0,0,17.6582,0,0,0,-5901.6,0,0
NO.42 0,0,19.2489,0,0,0,-5928.79,0,0
NO.43 0,0,20.6108,0,0,0,-5884.73,0,0
NO.44 0,0,21.7552,0,0,0,-5911.91,0,0
NO.45 0,0,24.2614,0,0,0,-5987.85,0,0
NO.46 0,0,26.1039,0,0,0,-5949.86,0,0
NO.47 0,0,27.6947,0,0,0,-5996.29,0,0
NO.48 0,0,29.6173,0,0,0,-5969.08,0,0
NO.49 0,0,31.3568,0,0,0,-5952.21,0,0
NO.50 0,0,33.554,0,0,0,-5966.74,0,0
NO.51 0,0,35.2478,0,0,0,-5895.04,0,0
NO.52 0,0,37.1704,0,0,0,-5958.3,0,0
NO.53 0,0,39.1502,0,0,0,-5916.13,0,0
NO.54 0,0,41.0156,0,0,0,-5960.64,0,0
NO.55 0,0,44.3916,0,0,0,-5903.48,0,0
NO.56 0,0,45.6848,0,0,0,-5926.45,0,0
NO.57 0,0,47.3098,0,0,0,-5941.43,0,0
NO.58 0,0,49.633,0,0,0,-5937.23,0,0
NO.59 0,0,51.1093,0,0,0,-5993.95,0,0
NO.60 0,0,54.5997,0,0,0,-5918.01,0,0
NO.61 0,0,56.6711,0,0,0,-5899.26,0,0
NO.62 0,0,60.4019,0,0,0,-5890.82,0,0
NO.63 0,0,62.1986,0,0,0,-5893.16,0,0
NO.64 0,0,63.8007,0,0,0,-5979.41,0,0
NO.65 0,0,65.9637,0,0,0,-5970.96,0,0
NO.66 0,0,67.6231,0,0,0,-5920.53,0,0
NO.67 0,0,68.6988,0,0,0,-5988.04,0,0
NO.68 0,0,70.1751,0,0,0,-5924.75,0,0
NO.69 0,0,71.9489,0,0,0,-5912.1,0,0
NO.70 0,0,73.574,0,0,0,-5971.17,0,0
NO.71 0,0,74.7871,0,0,0,-5966.95,0,0
NO.72 0,0,76.2977,0,0,0,-5916.32,0,0
NO.73 0,0,78.2546,0,0,0,-5928.97,0,0
NO.74 0,0,80.4862,0,0,0,-5882.58,0,0
NO.75 0,0,82.9009,0,0,0,-5952.42,0,0
NO.76 0,0,85.4415,0,0,0,-5992.26,0,0
NO.77 0,0,86.9865,0,0,0,-5979.61,0,0
NO.78 0,0,88.8976,0,0,0,-5975.39,0,0
NO.79 0,0,91.3581,0,0,0,0,0,0
NO.80 0,0,93.6011,0,0,0,-5983.83,0,0
NO.81 0,0,95.478,0,0,0,-5962.73,0,0
NO.82 0,0,97.2404,0,0,0,-5907.88,0,0
NO.83 0,0,99.3689,0,0,0,-5901.79,0,0
NO.84 0,0,100.468,0,0,0,-5918.19,0,0
NO.85 0,0,102.356,0,0,0,-5884.92,0,0
NO.86 0,0,102.711,0,0,0,-5903.66,0,0
NO.87 0,0,104.45,0,0,0,-5985.7,0,0
NO.88 0,0,106.121,0,0,0,-5950.07,0,0
NO.89 0,0,106.991,0,0,0,-5996.48,0,0
NO.90 0,0,108.101,0,0,0,-5969.29,0,0
NO.91 0,0,108.135,0,0,0,-5941.64,0,0
NO.92 0,0,110.401,0,0,0,-5958.51,0,0
NO.93 0,0,110.79,0,0,0,-5895.22,0,0
NO.94 0,0,111.431,0,0,0,-5960.86,0,0
NO.95 0,0,112.209,0,0,0,-5899.44,0,0
NO.96 0,0,112.907,0,0,0,-5937.41,0,0
NO.97 0,0,114.258,0,0,0,-5891.01,0,0
NO.98 0,0,115.265,0,0,0,-5893.36,0,0
NO.99 0,0,115.562,0,0,0,-5926.63,0,0
NO.100 0,0,116.249,0,0,0,-5994.14,0,0
NO.101 0,0,117.313,0,0,0,-5901.8,0,0
NO.102 0,0,118.126,0,0,0,-5941.64,0,0
NO.103 0,0,119.224,0,0,0,0,0,0
NO.104 0,0,119.545,0,0,0,-5996.48,0,0
NO.105 0,0,120.758,0,0,0,-5926.64,0,0
NO.106 0,0,121.525,0,0,0,-5903.67,0,0
NO.107 0,0,122.589,0,0,0,-5882.58,0,0
NO.108 0,0,123.527,0,0,0,-5920.54,0,0
NO.109 0,0,124.225,0,0,0,-5988.05,0,0
NO.110 0,0,125.587,0,0,0,-5924.76,0,0
NO.111 0,0,125.267,0,0,0,-5912.11,0,0
NO.112 0,0,125.805,0,0,0,-5971.17,0,0
NO.113 0,0,127.739,0,0,0,-5966.95,0,0
NO.114 0,0,127.041,0,0,0,-5916.33,0,0
NO.115 0,0,127.235,0,0,0,-5928.98,0,0
NO.116 0,0,129.284,0,0,0,-5884.92,0,0
NO.117 0,0,129.616,0,0,0,-5952.42,0,0
NO.118 0,0,130.554,0,0,0,-5992.27,0,0
NO.119 0,0,131.527,0,0,0,-5937.42,0,0
NO.120 0,0,131.138,0,0,0,-5975.39,0,0
NO.121 0,0,132.545,0,0,0,-5893.36,0,0
NO.122 0,0,133.243,0,0,0,-5907.89,0,0
NO.123 0,0,134.697,0,0,0,-5985.7,0,0
NO.124 0,0,134.411,0,0,0,-5969.3,0,0
NO.125 0,0,135.12,0,0,0,-5899.45,0,0
NO.126 0,0,136.574,0,0,0,-5994.14,0,0
NO.127 0,0,137.192,0,0,0,-5918.2,0,0
NO.128 0,0,136.986,0,0,0,-5891.01,0,0
NO.129 0,0,138.611,0,0,0,-5979.61,0,0
NO.130 0,0,138.302,0,0,0,-5895.23,0,0
NO.131 0,0,139.755,0,0,0,-5983.83,0,0
NO.132 0,0,139.675,0,0,0,-5960.86,0,0
NO.133 0,0,140.43,0,0,0,-5962.73,0,0
NO.134 0,0,141.392,0,0,0,-5958.52,0,0
NO.135 0,0,141.46,0,0,0,-5950.08,0,0
NO.136 0,0,142.399,0,0,0,-5895.23,0,0
NO.137 0,0,143.463,0,0,0,-5884.92,0,0
NO.138 0,0,143.44,0,0,0,-5996.48,0,0
NO.139 0,0,144.024,0,0,0,-5983.82,0,0
NO.140 0,0,144.333,0,0,0,-5994.13,0,0
NO.141 0,0,145.981,0,0,0,-5966.95,0,0
NO.142 0,0,146.404,0,0,0,-5893.35,0,0
NO.143 0,0,146.61,0,0,0,-5901.79,0,0
NO.144 0,0,146.702,0,0,0,-5918.2,0,0
NO.145 0,0,147.217,0,0,0,-5958.51,0,0
NO.146 0,0,148.178,0,0,0,-5971.17,0,0
NO.147 0,0,149.013,0,0,0,-5960.85,0,0
NO.148 0,0,149.723,0,0,0,-5926.64,0,0
NO.149 0,0,150.192,0,0,0,-5924.76,0,0
NO.150 0,0,151.176,0,0,0,-5952.41,0,0
NO.151 0,0,151.714,0,0,0,-5920.55,0,0
NO.152 0,0,151.771,0,0,0,-5891.01,0,0
NO.153 0,0,152.401,0,0,0,-5912.11,0,0
NO.154 0,0,153.282,0,0,0,-5882.57,0,0
NO.155 0,0,154.129,0,0,0,-5950.07,0,0
NO.156 0,0,154.804,0,0,0,-5941.63,0,0
NO.157 0,0,154.644,0,0,0,-5969.29,0,0
NO.158 0,0,154.827,0,0,0,-5937.42,0,0
NO.159 0,0,156.349,0,0,0,5542.59,-5829.6,6861.66
NO.160 0,0,155.926,0,0,0,-5985.7,0,0
NO.161 0,0,157.253,0,0,0,-5903.67,0,0
NO.162 0,0,157.86,0,0,0,-5916.33,0,0
NO.163 0,0,158.317,0,0,0,-5928.98,0,0
NO.164 0,0,158.649,0,0,0,-5907.89,0,0
NO.165 0,0,160.515,0,0,0,-5988.04,0,0
NO.166 0,0,161.533,0,0,0,-5899.45,0,0
NO.167 0,0,163.444,0,0,0,-5992.26,0,0
NO.168 0,0,165.356,0,0,0,-5979.6,0,0
NO.169 0,0,166.74,0,0,0,-5975.39,0,0
NO.170 0,0,167.633,0,0,0,-5962.73,0,0
NO.171 0,0,167.53,0,0,0,-5962.52,0,0
NO.172 0,0,168.548,0,0,0,-5952.21,0,0
NO.173 0,0,169.155,0,0,0,-5949.87,0,0
NO.174 0,0,169.258,0,0,0,-5916.11,0,0
NO.175 0,0,170.116,0,0,0,-5941.43,0,0
NO.176 0,0,170.46,0,0,0,-5979.39,0,0
NO.177 0,0,171.902,0,0,0,-5966.74,0,0
NO.178 0,0,172.634,0,0,0,-5895.02,0,0
NO.179 0,0,173.355,0,0,0,-5969.08,0,0
NO.180 0,0,173.321,0,0,0,-5901.58,0,0
NO.181 0,0,174.179,0,0,0,-5970.96,0,0
NO.182 0,0,175.094,0,0,0,-5893.14,0,0
NO.183 0,0,175.724,0,0,0,-5960.65,0,0
NO.184 0,0,176.365,0,0,0,-5911.89,0,0
NO.185 0,0,176.8,0,0,0,-5903.46,0,0
NO.186 0,0,177.086,0,0,0,-5890.8,0,0
NO.187 0,0,178.161,0,0,0,-5985.49,0,0
NO.188 0,0,178.402,0,0,0,-5899.24,0,0
NO.189 0,0,179.581,0,0,0,-5958.3,0,0
NO.190 0,0,180.221,0,0,0,-5928.77,0,0
NO.191 0,0,181.011,0,0,0,0,0,0
NO.192 0,0,181.125,0,0,0,-5996.27,0,0
NO.193 0,0,181.881,0,0,0,-5882.36,0,0
NO.194 0,0,183.666,0,0,0,-5926.43,0,0
NO.195 0,0,184.33,0,0,0,-5917.99,0,0
NO.196 0,0,183.952,0,0,0,-5987.83,0,0
NO.197 0,0,185.303,0,0,0,-5992.05,0,0
NO.198 0,0,186.23,0,0,0,-5884.71,0,0
NO.199 0,0,187.34,0,0,0,-5920.33,0,0
NO.200 0,0,187.397,0,0,0,-5993.93,0,0
NO.201 0,0,187.809,0,0,0,-5924.55,0,0
NO.202 0,0,190.922,0,0,0,-5983.61,0,0
NO.203 0,0,193.016,0,0,0,-5907.67,0,0
NO.204 0,0,194.309,0,0,0,-5975.18,0,0
NO.205 0,0,195.843,0,0,0,-5937.21,0,0
NO.206 0,0,197.01,0,0,0,-5941.7,0,0
NO.207 0,0,197.49,0,0,0,-5945.92,0,0
NO.208 0,0,198.589,0,0,0,-5919.67,0,0
NO.209 0,0,199.688,0,0,0,-5952.48,0,0
NO.210 0,0,200.661,0,0,0,-5976.39,0,0
NO.211 0,0,200.592,0,0,0,-5955.3,0,0
NO.212 0,0,201.244,0,0,0,-5907.01,0,0
NO.213 0,0,202.572,0,0,0,-5958.58,0,0
NO.214 0,0,203.144,0,0,0,-5906.07,0,0
NO.215 0,0,203.373,0,0,0,-5982.95,0,0
NO.216 0,0,204.185,0,0,0,-5882.64,0,0
NO.217 0,0,205.707,0,0,0,-5965.14,0,0
NO.218 0,0,205.387,0,0,0,-5923.89,0,0
NO.219 0,0,207.344,0,0,0,-5900.45,0,0
NO.220 0,0,207.939,0,0,0,-5886.86,0,0
NO.221 0,0,208.58,0,0,0,-5996.55,0,0
NO.222 0,0,209.163,0,0,0,-5902.79,0,0
NO.223 0,0,210.125,0,0,0,-5969.36,0,0
NO.224 0,0,210.937,0,0,0,-5933.26,0,0
NO.225 0,0,210.766,0,0,0,0,0,0
NO.226 0,0,212.15,0,0,0,-5985.76,0,0
NO.227 0,0,213.077,0,0,0,-5893.42,0,0
NO.228 0,0,213.432,0,0,0,-5926.7,0,0
NO.229 0,0,215.366,0,0,0,-5917.32,0,0
NO.230 0,0,216.522,0,0,0,-5999.83,0,0
NO.231 0,0,216.682,0,0,0,-5995.61,0,0
NO.232 0,0,217.129,0,0,0,-5889.2,0,0
NO.233 0,0,218.616,0,0,0,-5913.11,0,0
NO.234 0,0,218.788,0,0,0,-5989.98,0,0
NO.235 0,0,219.257,0,0,0,-5914.04,0,0
NO.236 0,0,220.402,0,0,0,-5972.17,0,0
NO.237 0,0,222.713,0,0,0,-5978.73,0,0
NO.238 0,0,222.725,0,0,0,-5937.48,0,0
NO.239 0,0,223.938,0,0,0,-5896.23,0,0
NO.240 0,0,225.494,0,0,0,-5959.51,0,0
NO.241 0,0,226.101,0,0,0,-5976.4,0,0
NO.242 0,0,226.73,0,0,0,-5937.48,0,0
NO.243 0,0,228.355,0,0,0,-5923.89,0,0
NO.244 0,0,229.568,0,0,0,-5917.33,0,0
NO.245 0,0,229.912,0,0,0,-5889.2,0,0
NO.246 0,0,230.793,0,0,0,-5913.11,0,0
NO.247 0,0,231.228,0,0,0,-5996.56,0,0
NO.248 0,0,233.253,0,0,0,-5945.93,0,0
NO.249 0,0,234.627,0,0,0,-5985.77,0,0
NO.250 0,0,235.737,0,0,0,-5958.59,0,0
NO.251 0,0,237.659,0,0,0,-5941.71,0,0
NO.252 0,0,238.495,0,0,0,-5959.52,0,0
NO.253 0,0,239.41,0,0,0,-5907.01,0,0
NO.254 0,0,240.291,0,0,0,-5969.37,0,0
NO.255 0,0,242.397,0,0,0,-5919.67,0,0
NO.256 0,0,242.477,0,0,0,-5965.15,0,0
NO.257 0,0,243.702,0,0,0,-5900.45,0,0
NO.258 0,0,244.674,0,0,0,-5933.26,0,0
NO.259 0,0,245.453,0,0,0,-5952.49,0,0
NO.260 0,0,246.734,0,0,0,-5955.31,0,0
NO.261 0,0,248.314,0,0,0,-5999.84,0,0
NO.262 0,0,249.355,0,0,0,0,0,0
NO.263 0,0,249.355,0,0,0,-5978.74,0,0
NO.264 0,0,251.175,0,0,0,-5902.8,0,0
NO.265 0,0,251.701,0,0,0,-5926.7,0,0
NO.266 0,0,252.765,0,0,0,-5995.62,0,0
NO.267 0,0,255.02,0,0,0,-5906.08,0,0
NO.268 0,0,254.722,0,0,0,-5914.04,0,0
NO.269 0,0,256.428,0,0,0,-5896.23,0,0
NO.270 0,0,257.801,0,0,0,-5886.86,0,0
NO.271 0,0,257.938,0,0,0,-5882.64,0,0
NO.272 0,0,260.593,0,0,0,-5893.42,0,0
NO.273 0,0,260.708,0,0,0,-5989.99,0,0
NO.274 0,0,260.833,0,0,0,-5972.18,0,0
NO.275 0,0,263.008,0,0,0,-5982.96,0,0
NO.276 0,0,263.408,0,0,0,-5945.92,0,0
NO.277 0,0,263.603,0,0,0,-5941.71,0,0
NO.278 0,0,266.361,0,0,0,-5995.61,0,0
NO.279 0,0,266.796,0,0,0,-5952.49,0,0
NO.280 0,0,268.203,0,0,0,-5976.39,0,0
NO.281 0,0,269.222,0,0,0,-5902.8,0,0
NO.282 0,0,270.046,0,0,0,-5923.89,0,0
NO.283 0,0,271.911,0,0,0,-5889.21,0,0
NO.284 0,0,271.785,0,0,0,-5982.96,0,0
NO.285 0,0,272.598,0,0,0,-5900.46,0,0
NO.286 0,0,274.441,0,0,0,-5882.64,0,0
NO.287 0,0,275.619,0,0,0,0,0,0
NO.288 0,0,275.997,0,0,0,-5914.05,0,0
NO.289 0,0,276.581,0,0,0,-5937.49,0,0
NO.290 0,0,277.485,0,0,0,-5926.71,0,0
NO.291 0,0,279.064,0,0,0,-5989.99,0,0
NO.292 0,0,279.327,0,0,0,-5985.77,0,0
NO.293 0,0,280.529,0,0,0,-5933.27,0,0
NO.294 0,0,282.772,0,0,0,-5958.58,0,0
NO.295 0,0,282.257,0,0,0,-5959.52,0,0
NO.296 0,0,284.168,0,0,0,-5917.33,0,0
NO.297 0,0,285.633,0,0,0,-5893.43,0,0
NO.298 0,0,285.679,0,0,0,-5913.11,0,0
NO.299 0,0,287.281,0,0,0,-5999.83,0,0
NO.300 0,0,288.345,0,0,0,-5919.67,0,0
NO.301 0,0,290.085,0,0,0,-5896.24,0,0
NO.302 0,0,291,0,0,0,-5972.17,0,0
NO.303 0,0,293.14,0,0,0,-5996.55,0,0
NO.304 0,0,292.831,0,0,0,-5907.02,0,0
NO.305 0,0,292.717,0,0,0,-5886.86,0,0
NO.306 0,0,295.154,0,0,0,-5906.08,0,0
NO.307 0,0,294.616,0,0,0,-5978.74,0,0
NO.308 0,0,296.287,0,0,0,-5955.3,0,0
NO.309 0,0,296.081,0,0,0,-5969.36,0,0
NO.310 0,0,297.569,0,0,0,-5965.14,0,0
NO.311 0,0,299.4,0,0,0,-5862.03,0,0
NO.312 0,0,299.56,0,0,0,-5767.34,0,0
NO.313 0,0,302.421,0,0,0,-5802.97,0,0
NO.314 0,0,303.772,0,0,0,-5918.3,0,0
NO.315 0,0,303.28,0,0,0,-5760.78,0,0
NO.316 0,0,305.008,0,0,0,-5960.94,0,0
NO.317 0,0,304.069,0,0,0,-5985.8,0,0
NO.318 0,0,305.099,0,0,0,-5788.44,0,0
NO.319 0,0,305.488,0,0,0,-5813.28,0,0
NO.320 0,0,307.72,0,0,0,-5794.53,0,0
NO.321 0,0,307.525,0,0,0,-5811.41,0,0
NO.322 0,0,309.871,0,0,0,-5916.43,0,0
NO.323 0,0,312.206,0,0,0,-5780,0,0
NO.324 0,0,313.923,0,0,0,-5996.58,0,0
NO.325 0,0,317.573,0,0,0,-5870.47,0,0
NO.326 0,0,317.814,0,0,0,-5771.56,0,0
NO.327 0,0,320.812,0,0,0,-5885.02,0,0
NO.328 0,0,323.822,0,0,0,-5994.24,0,0
NO.329 0,0,323.902,0,0,0,-5855.94,0,0
NO.330 0,0,323.787,0,0,0,-5891.11,0,0
NO.331 0,0,325.355,0,0,0,-5819.84,0,0
NO.332 0,0,325.241,0,0,0,-5786.09,0,0
NO.333 0,0,326.534,0,0,0,-5903.77,0,0
NO.334 0,0,326.008,0,0,0,-5958.59,0,0
NO.335 0,0,326.969,0,0,0,-5950.16,0,0
NO.336 0,0,328.09,0,0,0,-5853.6,0,0
NO.337 0,0,329.315,0,0,0,-5777.66,0,0
NO.338 0,0,329.899,0,0,0,-5798.75,0,0
NO.339 0,0,329.681,0,0,0,-5878.91,0,0
NO.340 0,0,331.054,0,0,0,-5988.14,0,0
NO.341 0,0,330.07,0,0,0,-5763.12,0,0
NO.342 0,0,332.851,0,0,0,-5975.47,0,0
NO.343 0,0,332.702,0,0,0,-5769.22,0,0
NO.344 0,0,333.858,0,0,0,-5874.69,0,0
NO.345 0,0,334.797,0,0,0,-5857.81,0,0
NO.346 0,0,335.746,0,0,0,-5962.81,0,0
NO.347 0,0,337.063,0,0,0,-5866.25,0,0
NO.348 0,0,338.447,0,0,0,-5907.99,0,0
NO.349 0,0,337.749,0,0,0,-5882.68,0,0
NO.350 0,0,339.214,0,0,0,-5864.38,0,0
NO.351 0,0,338.768,0,0,0,-5929.08,0,0
NO.352 0,0,339.752,0,0,0,-5992.36,0,0
NO.353 0,0,340.599,0,0,0,-5845.16,0,0
NO.354 0,0,340.542,0,0,0,-5937.52,0,0
NO.355 0,0,340.427,0,0,0,-5926.74,0,0
NO.356 0,0,340.885,0,0,0,-5920.64,0,0
NO.357 0,0,341.983,0,0,0,-5924.86,0,0
NO.358 0,0,341.343,0,0,0,-5912.21,0,0
NO.359 0,0,342.888,0,0,0,-5967.03,0,0
NO.360 0,0,343.288,0,0,0,-5790.31,0,0
NO.361 0,0,343.62,0,0,0,-5895.33,0,0
NO.362 0,0,344.146,0,0,0,-5899.55,0,0
NO.363 0,0,344.707,0,0,0,-5796.87,0,0
NO.364 0,0,344.753,0,0,0,-5901.89,0,0
NO.365 0,0,346.275,0,0,0,-5893.46,0,0
NO.366 0,0,346.847,0,0,0,-5979.69,0,0
NO.367 0,0,347.706,0,0,0,-5983.91,0,0
NO.368 0,0,347.751,0,0,0,-5971.25,0,0
NO.369 0,0,348.449,0,0,0,-5969.38,0,0
NO.370 0,0,349.044,0,0,0,-5952.5,0,0
NO.371 0,0,349.022,0,0,0,-5941.72,0,0
NO.372 0,0,349.228,0,0,0,-5944.06,0,0
NO.373 0,0,350.727,0,0,0,-5815.63,0,0
NO.374 0,0,350.2,0,0,0,-5807.19,0,0
NO.375 0,0,351.265,0,0,0,-5836.72,0,0
NO.376 0,0,351.596,0,0,0,-5828.28,0,0
NO.377 0,0,351.425,0,0,0,-5839.06,0,0
NO.378 0,0,352.81,0,0,0,-5830.63,0,0
NO.379 0,0,353.599,0,0,0,-5822.19,0,0
NO.380 0,0,351.677,0,0,0,0,0,0
NO.381 0,0,353.851,0,0,0,-5834.85,0,0
NO.382 0,0,352.615,0,0,0,-5847.5,0,0
NO.383 0,0,352.466,0,0,0,-5893.34,0,0
NO.384 0,0,353.862,0,0,0,-5985.69,0,0
NO.385 0,0,353.84,0,0,0,-5870.37,0,0
NO.386 0,0,354.183,0,0,0,-5760.68,0,0
NO.387 0,0,354.503,0,0,0,-5882.56,0,0
NO.388 0,0,354.412,0,0,0,-5903.66,0,0
NO.389 0,0,354.915,0,0,0,-5971.16,0,0
NO.390 0,0,355.522,0,0,0,-5943.96,0,0
NO.391 0,0,355.556,0,0,0,-5845.06,0,0
NO.392 0,0,355.453,0,0,0,-5874.59,0,0
NO.393 0,0,354.801,0,0,0,-5960.84,0,0
NO.394 0,0,355.453,0,0,0,-5811.31,0,0
NO.395 0,0,354.343,0,0,0,-5884.91,0,0
NO.396 0,0,355.774,0,0,0,-5994.12,0,0
NO.397 0,0,355.716,0,0,0,-5996.47,0,0
NO.398 0,0,355.533,0,0,0,-5891,0,0
NO.399 0,0,358.337,0,0,0,-5988.03,0,0
NO.400 0,0,358.669,0,0,0,-5937.41,0,0
NO.401 0,0,361.324,0,0,0,-5992.25,0,0
NO.402 0,0,364.162,0,0,0,-5813.18,0,0
NO.403 0,0,364.38,0,0,0,-5815.53,0,0
NO.404 0,0,364.998,0,0,0,-5878.81,0,0
NO.405 0,0,365.364,0,0,0,-5798.65,0,0
NO.406 0,0,364.174,0,0,0,-5901.78,0,0
NO.407 0,0,367.16,0,0,0,-5979.59,0,0
NO.408 0,0,365.615,0,0,0,-5779.9,0,0
NO.409 0,0,363.636,0,0,0,-5866.15,0,0
NO.410 0,0,364.368,0,0,0,-5819.74,0,0
NO.411 0,0,364.62,0,0,0,-5928.97,0,0
NO.412 0,0,363.75,0,0,0,-5763.02,0,0
NO.413 0,0,364.505,0,0,0,-5807.09,0,0
NO.414 0,0,361.347,0,0,0,-5918.19,0,0
NO.415 0,0,362.606,0,0,0,-5767.24,0,0
NO.416 0,0,361.805,0,0,0,-5802.87,0,0
NO.417 0,0,362.491,0,0,0,-5912.09,0,0
NO.418 0,0,362.331,0,0,0,-5950.06,0,0
NO.419 0,0,361.404,0,0,0,-5790.21,0,0
NO.420 0,0,361.473,0,0,0,-5857.71,0,0
NO.421 0,0,361.427,0,0,0,-5983.81,0,0
NO.422 0,0,361.759,0,0,0,-5975.38,0,0
NO.423 0,0,360.901,0,0,0,-5861.93,0,0
NO.424 0,0,359.756,0,0,0,-5962.72,0,0
NO.425 0,0,360.214,0,0,0,-5966.94,0,0
NO.426 0,0,358.6,0,0,0,-5969.28,0,0
NO.427 0,0,359.676,0,0,0,-5864.28,0,0
NO.428 0,0,359.207,0,0,0,-5853.49,0,0
NO.429 0,0,359.779,0,0,0,-5855.84,0,0
NO.430 0,0,358.818,0,0,0,-5794.43,0,0
NO.431 0,0,358.406,0,0,0,-5777.56,0,0
NO.432 0,0,357.364,0,0,0,-5796.78,0,0
NO.433 0,0,356.3,0,0,0,-5786,0,0
NO.434 0,0,356.128,0,0,0,-5926.63,0,0
NO.435 0,0,355.957,0,0,0,-5920.53,0,0
NO.436 0,0,354.194,0,0,0,-5958.5,0,0
NO.437 0,0,354.332,0,0,0,-5788.34,0,0
NO.438 0,0,353.267,0,0,0,-5924.75,0,0
NO.439 0,0,351.814,0,0,0,-5916.31,0,0
NO.440 0,0,353.794,0,0,0,-5769.12,0,0
NO.441 0,0,351.333,0,0,0,-5907.88,0,0
NO.442 0,0,350.155,0,0,0,-5952.4,0,0
NO.443 0,0,350.235,0,0,0,-5895.22,0,0
NO.444 0,0,348.667,0,0,0,-5899.44,0,0
NO.445 0,0,349.64,0,0,0,-5771.46,0,0
NO.446 0,0,346.836,0,0,0,-5941.62,0,0
NO.447 0,0,347.74,0,0,0,-5838.96,0,0
NO.448 0,0,346.538,0,0,0,0,0,0
NO.449 0,0,345.76,0,0,0,-5822.09,0,0
NO.450 0,0,344.959,0,0,0,-5836.62,0,0
NO.451 0,0,343.734,0,0,0,-5828.18,0,0
NO.452 0,0,342.865,0,0,0,-5830.53,0,0
NO.453 0,0,342.624,0,0,0,-5834.75,0,0
NO.454 0,0,340.027,0,0,0,-5847.4,0,0
NO.455 0,0,339.706,0,0,0,-5966.93,0,0
NO.456 0,0,337.875,0,0,0,-5971.15,0,0
NO.457 0,0,336.136,0,0,0,-5988.03,0,0
NO.458 0,0,336.067,0,0,0,-5941.6,0,0
NO.459 0,0,335.094,0,0,0,-5779.88,0,0
NO.460 0,0,333.915,0,0,0,-5870.35,0,0
NO.461 0,0,332.565,0,0,0,-5893.34,0,0
NO.462 0,0,331.569,0,0,0,-5996.46,0,0
NO.463 0,0,330.688,0,0,0,-5878.79,0,0
NO.464 0,0,328.491,0,0,0,-5899.43,0,0
NO.465 0,0,328.834,0,0,0,-5943.95,0,0
NO.466 0,0,328.136,0,0,0,-5979.59,0,0
NO.467 0,0,326.969,0,0,0,-5928.97,0,0
NO.468 0,0,326.156,0,0,0,-5855.82,0,0
NO.469 0,0,325.218,0,0,0,-5767.23,0,0
NO.470 0,0,322.975,0,0,0,-5857.69,0,0
NO.471 0,0,322.002,0,0,0,-5760.66,0,0
NO.472 0,0,320.514,0,0,0,-5882.56,0,0
NO.473 0,0,318.981,0,0,0,-5903.65,0,0
NO.474 0,0,318.191,0,0,0,-5975.37,0,0
NO.475 0,0,317.23,0,0,0,-5813.16,0,0
NO.476 0,0,315.994,0,0,0,-5845.04,0,0
NO.477 0,0,316.429,0,0,0,-5874.57,0,0
NO.478 0,0,315.983,0,0,0,-5960.82,0,0
NO.479 0,0,315.994,0,0,0,-5811.29,0,0
NO.480 0,0,315.433,0,0,0,-5884.9,0,0
NO.481 0,0,313.053,0,0,0,-5994.12,0,0
NO.482 0,0,312.675,0,0,0,-5985.68,0,0
NO.483 0,0,311.989,0,0,0,-5891,0,0
NO.484 0,0,311.439,0,0,0,-5992.25,0,0
NO.485 0,0,309.562,0,0,0,-5937.4,0,0
NO.486 0,0,309.322,0,0,0,-5983.81,0,0
NO.487 0,0,306.427,0,0,0,-5815.51,0,0
NO.488 0,0,307.708,0,0,0,-5819.73,0,0
NO.489 0,0,304.722,0,0,0,-5866.13,0,0
NO.490 0,0,304.79,0,0,0,-5798.63,0,0
NO.491 0,0,302.673,0,0,0,-5901.78,0,0
NO.492 0,0,302.089,0,0,0,-5962.72,0,0
NO.493 0,0,300.876,0,0,0,-5769.1,0,0
NO.494 0,0,299.492,0,0,0,-5861.91,0,0
NO.495 0,0,299.606,0,0,0,-5807.07,0,0
NO.496 0,0,296.081,0,0,0,-5918.18,0,0
NO.497 0,0,296.356,0,0,0,-5763.01,0,0
NO.498 0,0,296.241,0,0,0,-5864.26,0,0
NO.499 0,0,293.804,0,0,0,-5853.48,0,0
NO.500 0,0,293.323,0,0,0,-5794.41,0,0
NO.501 0,0,291.584,0,0,0,-5926.62,0,0
NO.502 0,0,290.451,0,0,0,-5920.53,0,0
NO.503 0,0,288.597,0,0,0,-5924.75,0,0
NO.504 0,0,288.585,0,0,0,-5796.76,0,0
NO.505 0,0,287.006,0,0,0,-5785.98,0,0
NO.506 0,0,284.889,0,0,0,-5969.28,0,0
NO.507 0,0,284.408,0,0,0,-5958.5,0,0
NO.508 0,0,283.23,0,0,0,-5912.09,0,0
NO.509 0,0,282.062,0,0,0,-5916.31,0,0
NO.510 0,0,279.808,0,0,0,-5907.87,0,0
NO.511 0,0,278.457,0,0,0,-5950.04,0,0
NO.512 0,0,277.599,0,0,0,-5952.38,0,0
NO.513 0,0,276.226,0,0,0,-5802.85,0,0
NO.514 0,0,272.884,0,0,0,-5790.2,0,0
NO.515 0,0,273.937,0,0,0,-5788.32,0,0
NO.516 0,0,270.55,0,0,0,-5771.44,0,0
NO.517 0,0,268.615,0,0,0,-5895.22,0,0
NO.518 0,0,266.338,0,0,0,-5777.54,0,0
NO.519 0,0,264.599,0,0,0,-5838.95,0,0
NO.520 0,0,261.142,0,0,0,-5822.07,0,0
NO.521 0,0,260.936,0,0,0,-5836.6,0,0
NO.522 0,0,260.399,0,0,0,-5830.51,0,0
NO.523 0,0,256.313,0,0,0,-5828.17,0,0
NO.524 0,0,256.759,0,0,0,-5847.38,0,0
NO.525 0,0,254.299,0,0,0,-5834.73,0,0
NO.526 0,0,253.841,0,0,0,0,0,0
NO.527 0,0,251.873,0,0,0,-5866.27,0,0
NO.528 0,0,251.209,0,0,0,-5815.65,0,0
NO.529 0,0,249.641,0,0,0,-5912.21,0,0
NO.530 0,0,248.886,0,0,0,-5960.96,0,0
NO.531 0,0,246.917,0,0,0,-5819.87,0,0
NO.532 0,0,247.661,0,0,0,-5870.49,0,0
NO.533 0,0,246.277,0,0,0,-5985.8,0,0
NO.534 0,0,244.091,0,0,0,-5885.02,0,0
NO.535 0,0,243.77,0,0,0,-5988.15,0,0
NO.536 0,0,241.882,0,0,0,-5901.9,0,0
NO.537 0,0,241.367,0,0,0,-5983.93,0,0
NO.538 0,0,240.051,0,0,0,-5992.37,0,0
NO.539 0,0,238.46,0,0,0,-5760.8,0,0
NO.540 0,0,237.945,0,0,0,-5862.05,0,0
NO.541 0,0,237.636,0,0,0,-5878.93,0,0
NO.542 0,0,236.629,0,0,0,-5802.99,0,0
NO.543 0,0,235.714,0,0,0,-5777.68,0,0
NO.544 0,0,235.462,0,0,0,-5807.21,0,0
NO.545 0,0,234.661,0,0,0,-5786.12,0,0
NO.546 0,0,233.15,0,0,0,-5864.39,0,0
NO.547 0,0,232.544,0,0,0,-5857.84,0,0
NO.548 0,0,231.731,0,0,0,-5962.84,0,0
NO.549 0,0,229.809,0,0,0,-5790.34,0,0
NO.550 0,0,229.477,0,0,0,-5763.15,0,0
NO.551 0,0,228.012,0,0,0,-5767.37,0,0
NO.552 0,0,227.154,0,0,0,-5794.55,0,0
NO.553 0,0,226.41,0,0,0,-5853.61,0,0
NO.554 0,0,225.242,0,0,0,-5855.96,0,0
NO.555 0,0,225.22,0,0,0,-5979.71,0,0
NO.556 0,0,224.453,0,0,0,-5950.18,0,0
NO.557 0,0,223.766,0,0,0,-5958.62,0,0
NO.558 0,0,221.935,0,0,0,-5845.17,0,0
NO.559 0,0,221.454,0,0,0,-5944.09,0,0
NO.560 0,0,219.955,0,0,0,-5967.06,0,0
NO.561 0,0,219.017,0,0,0,-5937.52,0,0
NO.562 0,0,218.433,0,0,0,-5971.27,0,0
NO.563 0,0,217.449,0,0,0,-5796.9,0,0
NO.564 0,0,216.911,0,0,0,-5798.77,0,0
NO.565 0,0,216.121,0,0,0,-5918.3,0,0
NO.566 0,0,215.114,0,0,0,-5926.74,0,0
NO.567 0,0,213.718,0,0,0,-5929.08,0,0
NO.568 0,0,213.936,0,0,0,-5920.65,0,0
NO.569 0,0,212.951,0,0,0,-5874.71,0,0
NO.570 0,0,211.407,0,0,0,-5788.46,0,0
NO.571 0,0,210.972,0,0,0,-5924.86,0,0
NO.572 0,0,210.537,0,0,0,-5916.43,0,0
NO.573 0,0,208.992,0,0,0,-5893.46,0,0
NO.574 0,0,208.408,0,0,0,-5975.49,0,0
NO.575 0,0,208.58,0,0,0,-5780.02,0,0
NO.576 0,0,207.092,0,0,0,-5813.31,0,0
NO.577 0,0,207.126,0,0,0,-5769.24,0,0
NO.578 0,0,206.108,0,0,0,-5811.43,0,0
NO.579 0,0,205.25,0,0,0,-5903.77,0,0
NO.580 0,0,204.346,0,0,0,-5771.59,0,0
NO.581 0,0,203.693,0,0,0,-5996.58,0,0
NO.582 0,0,203.384,0,0,0,-5907.99,0,0
NO.583 0,0,203.098,0,0,0,-5895.33,0,0
NO.584 0,0,201.954,0,0,0,-5899.55,0,0
NO.585 0,0,202.308,0,0,0,-5969.4,0,0
NO.586 0,0,201.05,0,0,0,-5891.12,0,0
NO.587 0,0,199.985,0,0,0,-5882.68,0,0
NO.588 0,0,200.203,0,0,0,-5994.24,0,0
NO.589 0,0,199.539,0,0,0,-5952.52,0,0
NO.590 0,0,199.505,0,0,0,-5941.74,0,0
NO.591 0,0,199.184,0,0,0,-5830.64,0,0
NO.592 0,0,198.406,0,0,0,-5847.52,0,0
NO.593 0,0,198.028,0,0,0,-5828.3,0,0
NO.594 0,0,197.353,0,0,0,-5839.08,0,0
NO.595 0,0,196.747,0,0,0,-5834.86,0,0
NO.596 0,0,197.376,0,0,0,-5836.74,0,0
NO.597 0,0,196.152,0,0,0,0,0,0
NO.598 0,0,195.774,0,0,0,-5822.21,0,0
NO.599 0,0,195.74,0,0,0,-5896.8,0,0
NO.600 0,0,194.961,0,0,0,-5773.05,0,0
NO.601 0,0,194.252,0,0,0,-5945.55,0,0
NO.602 0,0,194.423,0,0,0,-5938.99,0,0
NO.603 0,0,194.561,0,0,0,-5760.39,0,0
NO.604 0,0,193.725,0,0,0,-5857.42,0,0
NO.605 0,0,193.199,0,0,0,-5888.36,0,0
NO.606 0,0,193.13,0,0,0,-5913.67,0,0
NO.607 0,0,192.501,0,0,0,-5859.3,0,0
NO.608 0,0,192.604,0,0,0,-5878.52,0,0
NO.609 0,0,193.245,0,0,0,-5789.93,0,0
NO.610 0,0,192.867,0,0,0,-5812.9,0,0
NO.611 0,0,191.963,0,0,0,-5844.76,0,0
NO.612 0,0,191.425,0,0,0,-5817.11,0,0
NO.613 0,0,192.077,0,0,0,-5926.33,0,0
NO.614 0,0,191.791,0,0,0,-5941.33,0,0
NO.615 0,0,191.482,0,0,0,-5819.46,0,0
NO.616 0,0,191.356,0,0,0,-5998.05,0,0
NO.617 0,0,191.631,0,0,0,-5785.71,0,0
NO.618 0,0,191.448,0,0,0,-5985.39,0,0
NO.619 0,0,191.894,0,0,0,-5899.14,0,0
NO.620 0,0,191.791,0,0,0,-5768.83,0,0
NO.621 0,0,191.654,0,0,0,-5981.17,0,0
NO.622 0,0,191.814,0,0,0,-5764.61,0,0
NO.623 0,0,192.249,0,0,0,-5930.55,0,0
NO.624 0,0,192.123,0,0,0,-5861.64,0,0
NO.625 0,0,192.638,0,0,0,-5917.89,0,0
NO.626 0,0,192.684,0,0,0,-5766.96,0,0
NO.627 0,0,193.153,0,0,0,-5989.61,0,0
NO.628 0,0,193.119,0,0,0,-5991.96,0,0
NO.629 0,0,193.348,0,0,0,-5922.11,0,0
NO.630 0,0,193.016,0,0,0,-5949.77,0,0
NO.631 0,0,194.252,0,0,0,-5905.24,0,0
NO.632 0,0,194.412,0,0,0,-5867.74,0,0
NO.633 0,0,195.843,0,0,0,-5876.18,0,0
NO.634 0,0,196.335,0,0,0,-5907.58,0,0
NO.635 0,0,197.021,0,0,0,-5850.86,0,0
NO.636 0,0,197.857,0,0,0,-5853.2,0,0
NO.637 0,0,198.475,0,0,0,-5870.08,0,0
NO.638 0,0,198.887,0,0,0,-5924.45,0,0
NO.639 0,0,199.722,0,0,0,-5808.68,0,0
NO.640 0,0,199.493,0,0,0,-5916.02,0,0
NO.641 0,0,200.386,0,0,0,-5811.02,0,0
NO.642 0,0,200.065,0,0,0,-5964.3,0,0
NO.643 0,0,200.912,0,0,0,-5890.7,0,0
NO.644 0,0,201.999,0,0,0,-5781.49,0,0
NO.645 0,0,201.416,0,0,0,-5800.24,0,0
NO.646 0,0,201.954,0,0,0,-5802.58,0,0
NO.647 0,0,203.11,0,0,0,-5894.92,0,0
NO.648 0,0,204.506,0,0,0,-5955.86,0,0
NO.649 0,0,205.856,0,0,0,-5791.8,0,0
NO.650 0,0,207.092,0,0,0,-5777.27,0,0
NO.651 0,0,208.889,0,0,0,-5882.27,0,0
NO.652 0,0,209.106,0,0,0,-5886.49,0,0
NO.653 0,0,210.457,0,0,0,-5993.83,0,0
NO.654 0,0,210.914,0,0,0,-5966.65,0,0
NO.655 0,0,211.807,0,0,0,-5983.52,0,0
NO.656 0,0,212.402,0,0,0,-5972.74,0,0
NO.657 0,0,213.672,0,0,0,-5975.08,0,0
NO.658 0,0,214.622,0,0,0,-5958.21,0,0
NO.659 0,0,215.996,0,0,0,-5794.14,0,0
NO.660 0,0,216.396,0,0,0,-5962.43,0,0
NO.661 0,0,217.163,0,0,0,-5783.36,0,0
NO.662 0,0,218.845,0,0,0,-5953.99,0,0
NO.663 0,0,219.738,0,0,0,-6003.2,0,0
NO.664 0,0,220.745,0,0,0,-6051.49,0,0
NO.665 0,0,221.145,0,0,0,-6202.89,0,0
NO.666 0,0,221.889,0,0,0,-6207.11,0,0
NO.667 0,0,223.949,0,0,0,-6020.08,0,0
NO.668 0,0,224.624,0,0,0,-6225.86,0,0
NO.669 0,0,225.803,0,0,0,-6190.23,0,0
NO.670 0,0,227.428,0,0,0,-6055.7,0,0
NO.671 0,0,227.703,0,0,0,-6017.73,0,0
NO.672 0,0,228.63,0,0,0,-5836.33,0,0
NO.673 0,0,229.488,0,0,0,-6007.42,0,0
NO.674 0,0,230.85,0,0,0,-6236.64,0,0
NO.675 0,0,231.582,0,0,0,-6232.42,0,0
NO.676 0,0,233.917,0,0,0,-6152.26,0,0
NO.677 0,0,233.585,0,0,0,-6192.58,0,0
NO.678 0,0,234.775,0,0,0,-6158.36,0,0
NO.679 0,0,236.32,0,0,0,-6177.58,0,0
NO.680 0,0,237.797,0,0,0,-6011.64,0,0
NO.681 0,0,238.609,0,0,0,-6000.86,0,0
NO.682 0,0,240.268,0,0,0,-6009.3,0,0
NO.683 0,0,241.356,0,0,0,-6030.39,0,0
NO.684 0,0,243.244,0,0,0,-6209.45,0,0
NO.685 0,0,243.965,0,0,0,-6026.17,0,0
NO.686 0,0,245.579,0,0,0,-6198.67,0,0
NO.687 0,0,246.78,0,0,0,-6234.29,0,0
NO.688 0,0,247.421,0,0,0,-6114.77,0,0
NO.689 0,0,248.062,0,0,0,-6038.83,0,0
NO.690 0,0,250.11,0,0,0,-6201.02,0,0
NO.691 0,0,251.369,0,0,0,-6181.8,0,0
NO.692 0,0,253.521,0,0,0,-5848.98,0,0
NO.693 0,0,256.05,0,0,0,-6228.2,0,0
NO.694 0,0,258.522,0,0,0,-6184.14,0,0
NO.695 0,0,260.135,0,0,0,-6059.92,0,0
NO.696 0,0,261.749,0,0,0,-5840.55,0,0
NO.697 0,0,263.134,0,0,0,-6028.52,0,0
NO.698 0,0,266.544,0,0,0,-6219.76,0,0
NO.699 0,0,267.151,0,0,0,-5827.89,0,0
NO.700 0,0,270.538,0,0,0,-6036.95,0,0
NO.701 0,0,272.232,0,0,0,-6156.48,0,0
NO.702 0,0,275.127,0,0,0,-6166.8,0,0
NO.703 0,0,277.702,0,0,0,-6133.51,0,0
NO.704 0,0,277.645,0,0,0,-6043.05,0,0
NO.705 0,0,280.277,0,0,0,-6034.61,0,0
NO.706 0,0,284.923,0,0,0,-5832.11,0,0
NO.707 0,0,286.342,0,0,0,-6143.83,0,0
NO.708 0,0,288.883,0,0,0,-5834.45,0,0
NO.709 0,0,291.126,0,0,0,-6135.39,0,0
NO.710 0,0,291.836,0,0,0,-6223.98,0,0
NO.711 0,0,292.35,0,0,0,-5823.67,0,0
NO.712 0,0,294.273,0,0,0,-5826.01,0,0
NO.713 0,0,295.852,0,0,0,-6122.73,0,0
NO.714 0,0,298.21,0,0,0,-6175.23,0,0
NO.715 0,0,298.473,0,0,0,-6169.14,0,0
NO.716 0,0,300.35,0,0,0,-6047.27,0,0
NO.717 0,0,300.67,0,0,0,-6164.92,0,0
NO.718 0,0,301.346,0,0,0,-6160.7,0,0
NO.719 0,0,303.726,0,0,0,-6148.04,0,0
NO.720 0,0,304.31,0,0,0,-6139.61,0,0
NO.721 0,0,306.85,0,0,0,-6141.95,0,0
NO.722 0,0,309.128,0,0,0,-6131.17,0,0
NO.723 0,0,311.268,0,0,0,-6211.33,0,0
NO.724 0,0,314.163,0,0,0,-6125.08,0,0
NO.725 0,0,316.806,0,0,0,-6215.55,0,0
NO.726 0,0,320.823,0,0,0,-6053.36,0,0
NO.727 0,0,322.059,0,0,0,-6074.9,0,0
NO.728 0,0,326.351,0,0,0,-6062.25,0,0
NO.729 0,0,328.663,0,0,0,-6068.34,0,0
NO.730 0,0,330.803,0,0,0,-6097.89,0,0
NO.731 0,0,331.97,0,0,0,-6079.12,0,0
NO.732 0,0,333.79,0,0,0,-6104.43,0,0
NO.733 0,0,335.151,0,0,0,-6070.68,0,0
NO.734 0,0,336.914,0,0,0,0,0,0
NO.735 0,0,339.225,0,0,0,-6087.56,0,0
NO.736 0,0,339.271,0,0,0,-6106.33,0,0
NO.737 0,0,341.755,0,0,0,-6118.98,0,0
NO.738 0,0,343.986,0,0,0,-6102.11,0,0
NO.739 0,0,345.371,0,0,0,-6110.55,0,0
NO.740 0,0,346.344,0,0,0,-6093.65,0,0
NO.741 0,0,347.03,0,0,0,-6096,0,0
NO.742 0,0,348.243,0,0,0,-6085.21,0,0
NO.743 0,0,351.013,0,0,0,-6076.78,0,0
NO.744 0,0,350.898,0,0,0,-5808.65,0,0
NO.745 0,0,353.393,0,0,0,-5844.74,0,0
NO.746 0,0,353.885,0,0,0,-5817.09,0,0
NO.747 0,0,355.373,0,0,0,-5882.25,0,0
NO.748 0,0,356.998,0,0,0,-5907.56,0,0
NO.749 0,0,357.811,0,0,0,-5878.5,0,0
NO.750 0,0,358.818,0,0,0,-5789.9,0,0
NO.751 0,0,360.981,0,0,0,-5894.9,0,0
NO.752 0,0,361.404,0,0,0,-5785.68,0,0
NO.753 0,0,363.762,0,0,0,-5991.93,0,0
NO.754 0,0,364.185,0,0,0,-5794.12,0,0
NO.755 0,0,366.199,0,0,0,-5802.56,0,0
NO.756 0,0,366.897,0,0,0,-5819.44,0,0
NO.757 0,0,368.774,0,0,0,-5922.09,0,0
NO.758 0,0,369.861,0,0,0,-5853.18,0,0
NO.759 0,0,372.654,0,0,0,-5896.78,0,0
NO.760 0,0,371.544,0,0,0,-5781.47,0,0
NO.761 0,0,373.958,0,0,0,-5870.06,0,0
NO.762 0,0,374.096,0,0,0,-5867.72,0,0
NO.763 0,0,376.316,0,0,0,-5777.25,0,0
NO.764 0,0,377.918,0,0,0,-5945.53,0,0
NO.765 0,0,378.708,0,0,0,-5811,0,0
NO.766 0,0,379.268,0,0,0,-5938.97,0,0
NO.767 0,0,380.939,0,0,0,-5783.34,0,0
NO.768 0,0,382.267,0,0,0,-5989.59,0,0
NO.769 0,0,382.358,0,0,0,-5913.65,0,0
NO.770 0,0,383.022,0,0,0,-5926.31,0,0
NO.771 0,0,384.246,0,0,0,-5760.37,0,0
NO.772 0,0,385.46,0,0,0,-5800.22,0,0
NO.773 0,0,386.879,0,0,0,-5917.87,0,0
NO.774 0,0,388.71,0,0,0,-5768.81,0,0
NO.775 0,0,388.984,0,0,0,-5791.78,0,0
NO.776 0,0,390.461,0,0,0,-5773.03,0,0
NO.777 0,0,390.129,0,0,0,-5859.28,0,0
NO.778 0,0,391.536,0,0,0,-5764.59,0,0
NO.779 0,0,391.685,0,0,0,-5915.99,0,0
NO.780 0,0,393.058,0,0,0,-5766.93,0,0
NO.781 0,0,395.885,0,0,0,-5905.21,0,0
NO.782 0,0,396.652,0,0,0,-5876.15,0,0
NO.783 0,0,399.33,0,0,0,-5861.62,0,0
NO.784 0,0,402.019,0,0,0,-5981.15,0,0
NO.785 0,0,402.259,0,0,0,-5850.84,0,0
NO.786 0,0,402.866,0,0,0,-5857.4,0,0
NO.787 0,0,403.965,0,0,0,-5930.53,0,0
NO.788 0,0,405.292,0,0,0,-5899.12,0,0
NO.789 0,0,405.681,0,0,0,-5924.43,0,0
NO.790 0,0,406.791,0,0,0,-5888.34,0,0
NO.791 0,0,406.482,0,0,0,-5983.5,0,0
NO.792 0,0,406.711,0,0,0,-5890.68,0,0
NO.793 0,0,406.963,0,0,0,-5886.46,0,0
NO.794 0,0,407.169,0,0,0,-5812.87,0,0
NO.795 0,0,407.306,0,0,0,-5993.81,0,0
NO.796 0,0,407.718,0,0,0,-5998.03,0,0
NO.797 0,0,408.668,0,0,0,-5985.37,0,0
NO.798 0,0,408.176,0,0,0,-5972.72,0,0
NO.799 0,0,407.913,0,0,0,-5975.06,0,0
NO.800 0,0,408.245,0,0,0,-5964.28,0,0
NO.801 0,0,409.149,0,0,0,-5966.62,0,0
NO.802 0,0,408.107,0,0,0,-5962.4,0,0
NO.803 0,0,410.03,0,0,0,-5955.84,0,0
NO.804 0,0,408.268,0,0,0,-5958.19,0,0
NO.805 0,0,408.073,0,0,0,-5949.75,0,0
NO.806 0,0,408.462,0,0,0,-5953.97,0,0
NO.807 0,0,408.519,0,0,0,-5941.31,0,0
NO.808 0,0,407.741,0,0,0,-6164.9,0,0
NO.809 0,0,406.631,0,0,0,-6055.68,0,0
NO.810 0,0,409.412,0,0,0,-6141.93,0,0
NO.811 0,0,406.139,0,0,0,-6184.12,0,0
NO.812 0,0,406.631,0,0,0,-6192.56,0,0
NO.813 0,0,407.261,0,0,0,-6207.09,0,0
NO.814 0,0,405.567,0,0,0,-5832.09,0,0
NO.815 0,0,406.208,0,0,0,-6003.18,0,0
NO.816 0,0,404.148,0,0,0,-6177.56,0,0
NO.817 0,0,404.949,0,0,0,-6051.46,0,0
NO.818 0,0,404.686,0,0,0,-6053.34,0,0
NO.819 0,0,403.209,0,0,0,-6034.59,0,0
NO.820 0,0,403.289,0,0,0,-5825.99,0,0
NO.821 0,0,403.152,0,0,0,-5840.52,0,0
NO.822 0,0,401.184,0,0,0,-6160.68,0,0
NO.823 0,0,401.149,0,0,0,-6228.18,0,0
NO.824 0,0,401.184,0,0,0,-6139.59,0,0
NO.825 0,0,401.241,0,0,0,-6152.24,0,0
NO.826 0,0,400.394,0,0,0,-5827.87,0,0
NO.827 0,0,398.414,0,0,0,-6175.21,0,0
NO.828 0,0,397.613,0,0,0,-6133.49,0,0
NO.829 0,0,397.201,0,0,0,-6036.93,0,0
NO.830 0,0,395.954,0,0,0,-6028.49,0,0
NO.831 0,0,396.755,0,0,0,-6059.9,0,0
NO.832 0,0,393.493,0,0,0,-6156.46,0,0
NO.833 0,0,393.791,0,0,0,-6047.24,0,0
NO.834 0,0,392.692,0,0,0,-6131.15,0,0
NO.835 0,0,390.575,0,0,0,-6038.81,0,0
NO.836 0,0,390.461,0,0,0,-6181.78,0,0
NO.837 0,0,389.27,0,0,0,-6209.43,0,0
NO.838 0,0,387.828,0,0,0,-5834.43,0,0
NO.839 0,0,386.169,0,0,0,-6007.4,0,0
NO.840 0,0,384.979,0,0,0,-6166.77,0,0
NO.841 0,0,381.706,0,0,0,-6043.02,0,0
NO.842 0,0,382.53,0,0,0,-6030.37,0,0
NO.843 0,0,380.367,0,0,0,-6026.15,0,0
NO.844 0,0,379.612,0,0,0,-6169.12,0,0
NO.845 0,0,378.158,0,0,0,-5823.65,0,0
NO.846 0,0,378.078,0,0,0,-6143.8,0,0
NO.847 0,0,376.865,0,0,0,-6200.99,0,0
NO.848 0,0,376.064,0,0,0,-6017.71,0,0
NO.849 0,0,373.695,0,0,0,-6135.37,0,0
NO.850 0,0,373.455,0,0,0,-6020.06,0,0
NO.851 0,0,372.379,0,0,0,-6000.84,0,0
NO.852 0,0,370.674,0,0,0,-6202.87,0,0
NO.853 0,0,369.392,0,0,0,-6148.02,0,0
NO.854 0,0,368.087,0,0,0,-6122.71,0,0
NO.855 0,0,365.135,0,0,0,-6009.27,0,0
NO.856 0,0,364.311,0,0,0,-5924.44,0,0
NO.857 0,0,360.82,0,0,0,-5794.13,0,0
NO.858 0,0,359.481,0,0,0,-5989.6,0,0
NO.859 0,0,358.989,0,0,0,-5913.66,0,0
NO.860 0,0,357.25,0,0,0,-5844.75,0,0
NO.861 0,0,356.712,0,0,0,-5760.38,0,0
NO.862 0,0,354.068,0,0,0,-5811.01,0,0
NO.863 0,0,353.405,0,0,0,-5917.88,0,0
NO.864 0,0,352.375,0,0,0,-5777.25,0,0
NO.865 0,0,350.555,0,0,0,-5817.1,0,0
NO.866 0,0,348.175,0,0,0,-5789.91,0,0
NO.867 0,0,346.538,0,0,0,-5870.07,0,0
NO.868 0,0,344.066,0,0,0,-5781.47,0,0
NO.869 0,0,343.082,0,0,0,-5966.63,0,0
NO.870 0,0,341.297,0,0,0,-5985.38,0,0
NO.871 0,0,337.932,0,0,0,-5861.62,0,0
NO.872 0,0,336.467,0,0,0,-5991.94,0,0
NO.873 0,0,332.588,0,0,0,-5800.22,0,0
NO.874 0,0,331.924,0,0,0,-5764.6,0,0
NO.875 0,0,329.612,0,0,0,-5981.16,0,0
NO.876 0,0,325.996,0,0,0,-5859.29,0,0
NO.877 0,0,323.799,0,0,0,-5850.84,0,0
NO.878 0,0,322.334,0,0,0,-5812.88,0,0
NO.879 0,0,319.347,0,0,0,-5890.69,0,0
NO.880 0,0,317.367,0,0,0,-5983.51,0,0
NO.881 0,0,313.659,0,0,0,-5853.19,0,0
NO.882 0,0,312.034,0,0,0,-5899.13,0,0
NO.883 0,0,309.688,0,0,0,-5857.41,0,0
NO.884 0,0,308.384,0,0,0,-5768.82,0,0
NO.885 0,0,304.916,0,0,0,-5802.57,0,0
NO.886 0,0,302.925,0,0,0,-5972.72,0,0
NO.887 0,0,300.739,0,0,0,-5878.5,0,0
NO.888 0,0,297.386,0,0,0,-5975.07,0,0
NO.889 0,0,295.772,0,0,0,-5894.91,0,0
NO.890 0,0,293.735,0,0,0,-5819.44,0,0
NO.891 0,0,291.012,0,0,0,-5916,0,0
NO.892 0,0,288.894,0,0,0,-5783.35,0,0
NO.893 0,0,285.644,0,0,0,-5964.29,0,0
NO.894 0,0,283.424,0,0,0,-5905.22,0,0
NO.895 0,0,281.696,0,0,0,-5938.97,0,0
NO.896 0,0,278.835,0,0,0,-5766.94,0,0
NO.897 0,0,277.611,0,0,0,-5791.79,0,0
NO.898 0,0,273.662,0,0,0,-5922.1,0,0
NO.899 0,0,271.499,0,0,0,-5773.04,0,0
NO.900 0,0,269.989,0,0,0,-5808.66,0,0
NO.901 0,0,267.219,0,0,0,-5876.16,0,0
NO.902 0,0,264.381,0,0,0,-5926.32,0,0
NO.903 0,0,261.989,0,0,0,-5867.72,0,0
NO.904 0,0,259.403,0,0,0,-5930.54,0,0
NO.905 0,0,257.595,0,0,0,-5886.47,0,0
NO.906 0,0,255.272,0,0,0,-5896.78,0,0
NO.907 0,0,253.212,0,0,0,-5955.85,0,0
NO.908 0,0,250.934,0,0,0,-5907.57,0,0
NO.909 0,0,247.581,0,0,0,-5888.35,0,0
NO.910 0,0,246.036,0,0,0,-5882.25,0,0
NO.911 0,0,244.423,0,0,0,-5993.82,0,0
NO.912 0,0,239.273,0,0,0,-5998.03,0,0
NO.913 0,0,238.3,0,0,0,-5958.19,0,0
NO.914 0,0,235.039,0,0,0,-5962.41,0,0
NO.915 0,0,233.047,0,0,0,-5785.69,0,0
NO.916 0,0,230.484,0,0,0,-5949.76,0,0
NO.917 0,0,228.55,0,0,0,-5953.97,0,0
NO.918 0,0,225.471,0,0,0,-5941.32,0,0
NO.919 0,0,224.407,0,0,0,-5945.54,0,0
NO.920 0,0,222.278,0,0,0,-6152.25,0,0
NO.921 0,0,218.57,0,0,0,-6011.63,0,0
