 0,20,-20,4,18,11,46,
 1,19,-19,4,18,11,46,
 2,20,-19,5,18,10,46,
 3,20,-19,4,18,10,46,
 4,20,-20,5,17,11,46,
 5,21,-20,5,19,10,46,
 6,20,-20,5,18,10,47,
 7,20,-20,5,18,10,47,
 8,20,-20,5,18,10,46,
 9,20,-19,4,18,11,46,
 10,21,-20,5,17,11,46,
 11,20,-20,5,18,10,46,
 12,20,-20,5,18,11,46,
 13,20,-20,5,19,10,46,
 14,21,-20,5,18,11,46,
 15,20,-20,6,18,11,45,
 16,21,-20,6,19,11,45,
 17,20,-20,7,19,11,45,
 18,20,-20,8,20,11,45,
 19,21,-21,10,20,11,45,
 20,21,-21,11,21,11,44,
 21,20,-22,14,23,11,44,
 22,20,-22,18,25,11,44,
 23,20,-23,21,28,10,44,
 24,20,-24,25,31,10,43,
 25,19,-26,30,35,10,42,
 26,21,-27,36,41,10,40,
 27,20,-30,42,46,10,39,
 28,19,-29,48,51,9,37,
 29,20,-34,56,59,9,35,
 30,20,-36,62,57,8,32,
 31,18,-40,69,57,8,29,
 32,19,-42,77,58,7,25,
 33,18,-47,86,60,7,21,
 34,17,-51,96,61,6,17,
 35,16,-56,103,60,6,11,
 36,15,-59,113,58,5,5,
 37,13,-62,121,54,3,-2,
 38,12,-61,130,56,2,-10,
 39,9,-61,137,57,0,-18,
 40,9,-56,122,58,-1,-28,
 41,6,-52,118,61,-4,-39,
 42,4,-51,118,63,-5,-40,
 43,3,-51,125,63,-8,-50,
 44,2,-52,130,64,-9,-58,
 45,0,-53,130,63,-10,-62,
 46,0,-55,134,63,-12,-55,
 47,-4,-55,141,60,-12,-49,
 48,-5,-56,133,60,-14,-52,
 49,-6,-56,129,60,-15,-60,
 50,-7,-55,132,63,-16,-66,
 51,-10,-54,121,65,-17,-72,
 52,-11,-54,123,66,-18,-77,
 53,-12,-55,122,64,-19,-82,
 54,-13,-58,128,62,-20,-86,
 55,-14,-60,136,61,-22,-90,
 56,-15,-59,135,63,-24,-88,
 57,-15,-58,141,63,-25,-85,
 58,-15,-57,132,64,-26,-85,
 59,-16,-58,127,62,-27,-88,
 60,-16,-63,120,58,-28,-90,
 61,-18,-65,120,61,-29,-90,
 62,-17,-65,131,61,-29,-88,
 63,-18,-64,133,58,-29,-85,
 64,-19,-64,134,58,-30,-84,
 65,-21,-68,134,62,-32,-87,
 66,-23,-66,138,60,-33,-92,
 67,-22,-63,137,58,-35,-96,
 68,-22,-65,139,62,-35,-97,
 69,-24,-67,122,59,-36,-92,
 70,-24,-62,117,58,-38,-91,
 71,-23,-59,123,61,-41,-94,
 72,-23,-63,139,59,-44,-101,
 73,-21,-56,132,62,-45,-104,
 74,-21,-56,124,61,-46,-99,
 75,-22,-57,126,63,-47,-95,
 76,-22,-54,125,64,-47,-103,
 77,-24,-59,129,65,-47,-107,
 78,-24,-60,134,66,-47,-105,
 79,-25,-59,122,65,-50,-104,
 80,-25,-65,119,65,-53,-108,
 81,-23,-62,127,66,-56,-107,
 82,-22,-65,117,63,-60,-99,
 83,-22,-62,123,67,-61,-101,
 84,-22,-62,123,60,-62,-105,
 85,-25,-64,119,65,-60,-104,
 86,-27,-64,123,67,-58,-105,
 87,-27,-61,118,62,-58,-111,
 88,-28,-58,116,67,-58,-104,
 89,-29,-54,109,67,-60,-99,
 90,-30,-63,115,63,-61,-101,
 91,-32,-59,114,62,-61,-96,
 92,-35,-63,113,63,-59,-103,
 93,-38,-66,111,68,-60,-104,
 94,-39,-64,123,69,-64,-102,
 95,-41,-69,112,69,-65,-108,
 96,-41,-66,108,66,-63,-102,
 97,-43,-60,107,66,-61,-107,
 98,-45,-56,105,65,-60,-100,
 99,-45,-61,112,64,-62,-103,
 100,-42,-63,110,67,-62,-99,
 101,-41,-61,106,67,-60,-106,
 102,-42,-63,111,67,-61,-103,
 103,-45,-70,107,68,-64,-105,
 104,-45,-69,109,70,-62,-103,
 105,-42,-64,108,77,-59,-105,
 106,-40,-57,98,80,-63,-101,
 107,-42,-57,102,79,-66,-106,
 108,-43,-62,104,71,-60,-105,
 109,-41,-66,106,73,-61,-110,
 110,-44,-65,97,74,-63,-109,
 111,-48,-58,96,77,-59,-102,
 112,-45,-57,96,84,-60,-108,
 113,-43,-57,102,87,-61,-104,
 114,-44,-60,89,90,-57,-107,
 115,-46,-67,93,93,-63,-109,
 116,-43,-63,93,91,-64,-103,
 117,-42,-62,98,73,-64,-106,
 118,-49,-62,88,68,-68,-111,
 119,-46,-66,98,79,-63,-110,
 120,-45,-69,103,82,-64,-107,
 121,-49,-69,102,96,-59,-108,
 122,-47,-71,99,98,-64,-107,
 123,-47,-71,93,88,-66,-104,
 124,-50,-70,102,69,-63,-107,
 125,-47,-68,104,75,-65,-109,
 126,-46,-65,108,82,-65,-113,
 127,-51,-60,106,94,-68,-109,
 128,-47,-56,96,116,-64,-105,
 129,-49,-66,97,125,-65,-107,
 130,-50,-62,106,107,-71,-102,
 131,-47,-66,95,99,-67,-99,
 132,-53,-55,104,101,-75,-103,
 133,-48,-68,104,102,-73,-106,
 134,-52,-65,94,95,-70,-103,
 135,-50,-69,109,92,-72,-105,
 136,-50,-58,104,94,-67,-106,
 137,-53,-74,96,98,-74,-107,
 138,-50,-71,102,92,-80,-106,
 139,-57,-67,100,85,-75,-107,
 140,-52,-74,107,85,-75,-107,
 141,-56,-74,98,86,-78,-106,
 142,-50,-64,98,93,-80,-99,
 143,-56,-68,98,102,-74,-100,
 144,-52,-73,96,94,-70,-100,
 145,-58,-65,114,93,-75,-100,
 146,-54,-59,93,100,-80,-98,
 147,-58,-60,95,100,-80,-103,
 148,-52,-66,96,105,-79,-99,
 149,-58,-62,95,101,-72,-103,
 150,-49,-66,105,107,-69,-104,
 151,-56,-72,93,110,-74,-100,
 152,-53,-67,90,108,-72,-99,
 153,-58,-65,97,108,-71,-99,
 154,-57,-65,97,114,-73,-103,
 155,-54,-61,96,114,-78,-102,
 156,-58,-65,101,104,-75,-100,
 157,-53,-70,101,105,-74,-101,
 158,-55,-75,101,109,-82,-101,
 159,-58,-73,99,117,-80,-102,
 160,-53,-69,98,112,-73,-102,
 161,-57,-59,100,114,-85,-103,
 162,-53,-63,91,109,-85,-99,
 163,-51,-66,91,113,-82,-99,
 164,-54,-68,95,112,-84,-100,
 165,-52,-64,104,113,-84,-94,
 166,-52,-68,101,105,-81,-101,
 167,-58,-70,84,108,-87,-96,
 168,-56,-69,103,112,-84,-100,
 169,-56,-72,91,116,-76,-103,
 170,-62,-75,102,108,-85,-103,
 171,-59,-73,97,120,-81,-102,
 172,-53,-72,98,120,-77,-103,
 173,-53,-64,107,128,-85,-100,
 174,-59,-71,99,106,-79,-106,
 175,-61,-68,95,107,-91,-102,
 176,-56,-65,99,116,-79,-101,
 177,-51,-66,108,118,-84,-98,
 178,-53,-74,89,116,-82,-97,
 179,-55,-66,84,118,-76,-93,
 180,-55,-78,93,115,-79,-95,
 181,-56,-76,85,108,-89,-95,
 182,-54,-78,102,115,-77,-92,
 183,-52,-72,91,123,-86,-95,
 184,-55,-68,91,128,-84,-93,
 185,-55,-65,100,131,-88,-94,
 186,-58,-70,108,129,-80,-101,
 187,-57,-67,108,126,-92,-99,
 188,-53,-75,105,129,-89,-90,
 189,-52,-75,102,128,-91,-93,
 190,-55,-73,97,125,-88,-94,
 191,-55,-72,105,133,-92,-94,
 192,-58,-77,93,127,-83,-92,
 193,-59,-67,99,112,-87,-93,
 194,-58,-76,101,126,-88,-89,
 195,-61,-75,91,119,-88,-91,
 196,-57,-73,100,144,-95,-89,
 197,-57,-69,107,120,-93,-97,
 198,-55,-76,100,125,-93,-92,
 199,-56,-79,105,142,-92,-93,
 200,-54,-81,98,137,-98,-89,
 201,-57,-77,105,143,-93,-91,
 202,-54,-72,106,131,-88,-90,
 203,-58,-79,101,121,-92,-93,
 204,-57,-77,106,117,-90,-91,
 205,-57,-78,101,122,-91,-94,
 206,-59,-73,104,128,-95,-93,
 207,-61,-80,108,128,-93,-91,
 208,-61,-84,107,128,-84,-96,
 209,-62,-74,100,129,-87,-89,
 210,-58,-82,105,143,-100,-95,
 211,-59,-68,102,139,-91,-94,
 212,-58,-78,114,139,-88,-92,
 213,-58,-81,98,123,-92,-94,
 214,-56,-75,109,114,-95,-95,
 215,-60,-82,103,126,-96,-90,
 216,-64,-82,103,122,-91,-90,
 217,-63,-84,108,125,-89,-93,
 218,-66,-79,107,136,-99,-93,
 219,-59,-87,106,143,-106,-95,
 220,-58,-80,106,133,-104,-96,
 221,-57,-76,111,135,-92,-94,
 222,-62,-71,105,131,-97,-98,
 223,-61,-73,109,134,-100,-100,
 224,-56,-86,115,134,-96,-99,
 225,-58,-81,99,128,-99,-98,
 226,-64,-76,103,124,-95,-97,
 227,-64,-77,106,127,-104,-99,
 228,-62,-72,110,136,-110,-104,
 229,-58,-83,119,139,-95,-101,
 230,-64,-84,121,134,-99,-107,
 231,-66,-88,122,131,-107,-112,
 232,-58,-87,118,128,-105,-106,
 233,-66,-90,109,135,-99,-107,
 234,-64,-89,113,125,-94,-102,
 235,-56,-82,108,130,-104,-106,
 236,-62,-83,111,143,-95,-108,
 237,-65,-82,109,128,-99,-107,
 238,-58,-88,104,129,-119,-104,
 239,-60,-86,114,123,-105,-100,
 240,-62,-86,102,139,-90,-98,
 241,-57,-84,113,125,-99,-105,
 242,-64,-88,113,135,-104,-100,
 243,-61,-86,113,139,-92,-102,
 244,-61,-85,100,124,-103,-100,
 245,-62,-91,105,122,-108,-105,
 246,-60,-85,114,121,-99,-107,
 247,-66,-88,104,132,-100,-104,
 248,-57,-89,111,133,-103,-103,
 249,-62,-88,109,135,-93,-102,
 250,-63,-81,113,143,-103,-109,
 251,-63,-85,118,146,-99,-102,
 252,-63,-86,112,126,-90,-102,
 253,-59,-86,109,145,-108,-100,
 254,-66,-91,106,135,-104,-107,
 255,-62,-87,108,132,-95,-101,
 256,-64,-87,115,142,-112,-102,
 257,-60,-88,113,145,-100,-104,
 258,-68,-92,109,151,-92,-111,
 259,-65,-93,107,148,-109,-107,
 260,-64,-90,118,135,-89,-106,
 261,-65,-81,103,144,-108,-107,
 262,-64,-86,110,143,-101,-100,
 263,-70,-89,118,144,-107,-96,
 264,-63,-86,108,140,-112,-103,
 265,-67,-89,108,145,-100,-102,
 266,-67,-89,116,154,-112,-98,
 267,-64,-92,109,138,-104,-100,
 268,-66,-92,117,146,-110,-106,
 269,-61,-93,114,153,-111,-100,
 270,-64,-93,111,156,-90,-100,
 271,-66,-89,115,169,-110,-108,
 272,-61,-95,114,170,-100,-101,
 273,-68,-93,109,158,-115,-100,
 274,-70,-87,115,143,-102,-102,
 275,-59,-84,115,150,-117,-99,
 276,-68,-87,116,156,-108,-102,
 277,-64,-91,114,172,-107,-100,
 278,-63,-91,106,166,-107,-106,
 279,-60,-92,119,155,-114,-101,
 280,-64,-93,112,159,-117,-101,
 281,-62,-94,106,151,-93,-108,
 282,-59,-94,111,164,-115,-101,
 283,-67,-100,110,169,-88,-100,
 284,-60,-97,118,150,-117,-96,
 285,-62,-94,105,164,-112,-96,
 286,-59,-94,101,158,-117,-95,
 287,-64,-91,115,156,-102,-101,
 288,-67,-97,112,161,-121,-94,
 289,-62,-101,119,154,-112,-97,
 290,-60,-94,119,160,-106,-102,
 291,-62,-99,105,164,-110,-98,
 292,-69,-92,112,168,-108,-99,
 293,-65,-98,116,163,-111,-96,
 294,-68,-99,105,152,-102,-101,
 295,-63,-97,108,159,-114,-96,
 296,-70,-98,113,159,-102,-96,
 297,-69,-94,110,164,-117,-98,
 298,-69,-89,119,167,-112,-96,
 299,-63,-96,105,166,-117,-96,
 300,-69,-98,111,166,-112,-98,
 301,-65,-96,109,156,-108,-96,
 302,-68,-96,107,160,-110,-98,
 303,-66,-101,100,156,-111,-101,
 304,-64,-95,112,156,-115,-97,
 305,-63,-103,109,150,-118,-98,
 306,-63,-102,116,153,-114,-103,
 307,-72,-100,107,154,-120,-96,
 308,-69,-102,109,165,-105,-94,
 309,-69,-103,106,165,-114,-99,
 310,-69,-99,112,164,-114,-93,
 311,-70,-101,105,160,-109,-93,
 312,-67,-104,104,160,-113,-93,
 313,-65,-102,110,162,-119,-101,
 314,-61,-101,116,159,-111,-98,
 315,-66,-100,118,157,-119,-97,
 316,-63,-106,108,157,-114,-96,
 317,-62,-107,109,165,-113,-100,
 318,-61,-98,121,182,-128,-96,
 319,-62,-98,102,168,-112,-96,
 320,-63,-105,105,141,-119,-94,
 321,-61,-102,112,154,-117,-99,
 322,-63,-105,115,180,-114,-94,
 323,-61,-104,123,183,-108,-92,
 324,-63,-97,113,170,-124,-96,
 325,-67,-99,109,150,-123,-96,
 326,-63,-103,120,171,-115,-93,
 327,-66,-103,116,189,-113,-95,
 328,-71,-104,113,186,-112,-95,
 329,-68,-104,107,148,-115,-101,
 330,-62,-105,115,158,-112,-96,
 331,-72,-97,111,186,-113,-93,
 332,-71,-103,113,171,-124,-88,
 333,-71,-102,100,167,-112,-88,
 334,-69,-101,111,178,-118,-91,
 335,-69,-102,102,175,-115,-88,
 336,-68,-103,101,165,-113,-89,
 337,-69,-107,100,161,-120,-88,
 338,-67,-105,110,168,-123,-94,
 339,-66,-108,118,175,-124,-94,
 340,-70,-106,108,169,-121,-86,
 341,-67,-101,108,162,-119,-86,
 342,-62,-107,120,165,-124,-86,
 343,-63,-104,120,172,-129,-86,
 344,-62,-103,108,157,-128,-89,
 345,-63,-110,101,154,-133,-90,
 346,-66,-106,119,164,-128,-83,
 347,-67,-112,120,171,-123,-84,
 348,-69,-104,111,167,-121,-84,
 349,-65,-102,113,153,-126,-87,
 350,-64,-109,116,168,-126,-85,
 351,-72,-104,114,170,-140,-88,
 352,-68,-104,113,176,-132,-84,
 353,-71,-107,113,162,-132,-91,
 354,-72,-104,124,154,-140,-92,
 355,-71,-107,120,176,-135,-94,
 356,-74,-104,111,170,-124,-90,
 357,-73,-107,111,157,-126,-90,
 358,-63,-106,116,163,-116,-86,
 359,-66,-112,116,186,-119,-85,
 360,-69,-106,114,179,-130,-84,
 361,-73,-107,113,155,-127,-85,
 362,-71,-108,113,166,-124,-88,
 363,-70,-109,115,186,-125,-86,
 364,-70,-107,109,174,-124,-85,
 365,-72,-106,110,150,-139,-85,
 366,-71,-111,113,181,-133,-88,
 367,-73,-111,105,185,-128,-87,
 368,-63,-109,108,173,-130,-90,
 369,-66,-114,108,165,-129,-91,
 370,-69,-118,114,185,-128,-89,
 371,-68,-115,107,187,-136,-83,
 372,-70,-111,103,161,-121,-84,
 373,-66,-108,113,169,-132,-88,
 374,-65,-111,119,188,-118,-88,
 375,-70,-104,114,173,-129,-84,
 376,-64,-107,100,158,-130,-83,
 377,-69,-104,107,185,-125,-88,
 378,-66,-113,113,183,-123,-88,
 379,-71,-108,113,173,-133,-86,
 380,-74,-112,109,168,-125,-84,
 381,-69,-116,101,173,-129,-84,
 382,-68,-109,111,182,-128,-83,
 383,-73,-113,114,160,-124,-86,
 384,-76,-116,107,167,-125,-87,
 385,-67,-114,110,179,-126,-85,
 386,-67,-110,119,164,-124,-84,
 387,-73,-113,116,171,-121,-84,
 388,-74,-110,120,180,-133,-88,
 389,-70,-116,108,162,-136,-84,
 390,-69,-112,113,164,-129,-82,
 391,-71,-119,119,181,-127,-81,
 392,-67,-118,114,184,-134,-82,
 393,-69,-113,104,151,-133,-79,
 394,-74,-111,110,183,-129,-78,
 395,-70,-114,115,181,-126,-84,
 396,-68,-110,111,180,-139,-78,
 397,-69,-111,110,183,-135,-77,
 398,-69,-118,116,198,-129,-79,
 399,-71,-121,115,185,-129,-80,
 400,-64,-118,113,167,-128,-77,
 401,-69,-110,102,195,-134,-81,
 402,-73,-117,114,208,-129,-82,
 403,-69,-111,114,171,-132,-82,
 404,-68,-113,117,189,-143,-77,
 405,-74,-116,110,197,-132,-78,
 406,-73,-114,111,175,-132,-79,
 407,-75,-112,105,184,-124,-77,
 408,-71,-114,110,190,-128,-76,
 409,-73,-123,113,179,-143,-73,
 410,-75,-113,110,169,-144,-74,
 411,-70,-117,103,195,-128,-77,
 412,-74,-115,97,175,-131,-77,
 413,-72,-119,112,166,-143,-74,
 414,-66,-121,109,182,-142,-73,
 415,-72,-116,99,187,-137,-75,
 416,-73,-121,114,166,-129,-76,
 417,-71,-115,103,194,-136,-75,
 418,-72,-121,102,186,-128,-74,
 419,-69,-122,111,167,-130,-73,
 420,-75,-120,111,172,-126,-76,
 421,-64,-120,110,190,-140,-75,
 422,-73,-119,108,166,-133,-70,
 423,-74,-114,102,172,-127,-72,
 424,-67,-119,100,194,-130,-73,
 425,-70,-113,110,172,-133,-71,
 426,-71,-126,108,189,-131,-78,
 427,-65,-124,109,183,-127,-74,
 428,-66,-120,112,181,-140,-78,
 429,-72,-124,108,190,-141,-71,
 430,-68,-118,113,212,-131,-77,
 431,-67,-118,106,191,-117,-74,
 432,-69,-118,102,177,-140,-80,
 433,-69,-111,106,211,-134,-77,
 434,-69,-121,107,191,-125,-72,
 435,-67,-117,112,181,-129,-78,
 436,-73,-120,100,196,-131,-73,
 437,-74,-123,107,181,-138,-73,
 438,-69,-125,106,185,-141,-76,
 439,-69,-128,110,208,-128,-76,
 440,-68,-125,115,184,-130,-75,
 441,-67,-126,113,178,-127,-73,
 442,-67,-120,103,183,-136,-74,
 443,-73,-112,107,180,-123,-77,
 444,-73,-113,103,180,-134,-78,
 445,-74,-124,105,195,-155,-80,
 446,-72,-117,108,175,-135,-81,
 447,-72,-121,105,189,-137,-78,
 448,-74,-126,108,190,-128,-75,
 449,-65,-125,109,170,-144,-66,
 450,-70,-124,101,188,-150,-52,
 451,-73,-126,108,182,-139,-34,
 452,-69,-125,97,172,-123,-12,
 453,-63,-123,101,198,-132,12,
 454,-66,-117,110,195,-150,32,
 455,-65,-115,103,171,-141,56,
 456,-69,-121,100,208,-132,57,
 457,-70,-117,108,183,-145,64,
 458,-65,-126,105,178,-133,71,
 459,-73,-123,106,213,-135,68,
 460,-70,-122,101,210,-138,67,
 461,-70,-118,112,183,-140,64,
 462,-76,-115,107,211,-141,61,
 463,-75,-117,100,212,-128,64,
 464,-67,-123,101,193,-139,64,
 465,-73,-129,100,209,-138,66,
 466,-74,-128,98,175,-140,67,
 467,-76,-126,99,188,-126,67,
 468,-74,-125,103,202,-125,70,
 469,-72,-126,102,186,-137,67,
 470,-76,-124,104,202,-154,72,
 471,-73,-120,108,201,-133,71,
 472,-68,-127,109,178,-126,71,
 473,-69,-128,104,207,-140,71,
 474,-74,-120,101,186,-138,73,
 475,-74,-119,99,180,-142,72,
 476,-69,-121,107,193,-149,77,
 477,-67,-131,104,186,-134,75,
 478,-67,-126,101,184,-146,75,
 479,-70,-135,107,187,-135,75,
 480,-60,-130,106,173,-137,79,
 481,-64,-132,105,193,-137,77,
 482,-63,-130,105,178,-124,78,
 483,-66,-125,112,175,-132,76,
 484,-70,-121,113,205,-148,84,
 485,-72,-130,102,182,-144,82,
 486,-71,-125,100,183,-126,85,
 487,-70,-125,109,221,-142,81,
 488,-72,-121,105,193,-141,83,
 489,-74,-124,96,198,-119,85,
 490,-67,-121,107,221,-141,83,
 491,-68,-127,106,184,-148,85,
 492,-71,-126,105,198,-122,81,
 493,-68,-131,103,189,-129,85,
 494,-72,-123,105,177,-139,88,
 495,-70,-122,110,202,-141,84,
 496,-68,-120,105,193,-137,86,
 497,-69,-126,102,197,-125,88,
 498,-70,-131,100,208,-144,93,
 499,-67,-130,96,173,-140,88,
 500,-70,-121,102,189,-119,90,
 501,-65,-117,108,199,-141,88,
 502,-71,-130,101,185,-147,87,
 503,-68,-129,103,199,-117,91,
 504,-70,-127,102,173,-136,84,
 505,-71,-130,97,183,-138,88,
 506,-66,-129,98,198,-126,88,
 507,-64,-133,101,169,-141,87,
 508,-65,-130,108,195,-136,89,
 509,-68,-134,109,181,-136,94,
 510,-64,-136,102,163,-130,90,
 511,-72,-129,103,211,-121,92,
 512,-72,-134,104,192,-140,93,
 513,-67,-131,104,195,-143,92,
 514,-67,-131,98,217,-117,89,
 515,-64,-126,102,177,-121,91,
 516,-66,-129,97,209,-142,93,
 517,-68,-123,99,213,-126,89,
 518,-69,-130,94,192,-153,93,
 519,-73,-127,101,206,-145,94,
 520,-73,-128,100,170,-120,96,
 521,-73,-133,90,209,-128,96,
 522,-69,-128,97,200,-144,87,
 523,-68,-136,91,173,-137,88,
 524,-67,-132,96,209,-130,87,
 525,-68,-134,101,190,-139,81,
 526,-72,-122,96,186,-151,89,
 527,-68,-131,93,195,-130,90,
 528,-72,-132,90,183,-141,91,
 529,-70,-131,95,204,-138,94,
 530,-67,-134,86,186,-124,90,
 531,-64,-133,90,188,-133,90,
 532,-64,-133,96,193,-140,96,
 533,-63,-123,99,182,-133,88,
 534,-65,-127,97,201,-138,87,
 535,-64,-129,98,190,-133,84,
 536,-62,-133,94,183,-118,92,
 537,-64,-135,94,206,-119,86,
 538,-63,-134,95,181,-129,87,
 539,-64,-129,93,205,-151,87,
 540,-62,-130,93,211,-110,90,
 541,-62,-135,100,184,-124,88,
 542,-62,-131,88,210,-148,88,
 543,-68,-123,91,205,-137,96,
 544,-67,-131,98,205,-120,87,
 545,-68,-130,86,207,-153,95,
 546,-67,-119,90,183,-130,89,
 547,-65,-130,96,202,-128,93,
 548,-64,-131,93,191,-142,96,
 549,-64,-135,96,197,-144,91,
 550,-67,-120,96,195,-129,95,
 551,-64,-127,96,172,-124,92,
 552,-64,-122,91,203,-152,99,
 553,-66,-121,98,177,-124,92,
 554,-69,-123,101,189,-132,93,
 555,-65,-129,97,199,-133,90,
 556,-68,-128,96,168,-123,98,
 557,-66,-136,94,199,-141,94,
 558,-71,-129,91,187,-126,91,
 559,-67,-133,91,185,-129,94,
 560,-64,-127,99,199,-126,92,
 561,-66,-122,96,176,-136,96,
 562,-59,-130,95,194,-122,97,
 563,-61,-131,94,198,-118,99,
 564,-64,-133,98,188,-138,102,
 565,-61,-132,90,221,-138,103,
 566,-60,-136,98,179,-131,97,
 567,-67,-123,94,212,-140,101,
 568,-69,-133,100,208,-126,93,
 569,-67,-133,97,182,-127,98,
 570,-62,-134,94,219,-140,99,
 571,-61,-124,94,190,-128,102,
 572,-66,-130,96,204,-123,100,
 573,-67,-139,93,188,-139,98,
 574,-66,-125,91,175,-134,99,
 575,-64,-121,93,202,-119,97,
 576,-67,-125,86,181,-116,92,
 577,-63,-121,97,205,-132,97,
 578,-67,-125,92,187,-122,96,
 579,-65,-124,93,185,-115,100,
 580,-70,-132,89,199,-133,107,
 581,-70,-133,90,180,-125,98,
 582,-70,-134,91,189,-125,98,
 583,-69,-129,90,192,-136,101,
 584,-63,-132,91,195,-123,100,
 585,-67,-133,94,201,-127,108,
 586,-68,-135,85,176,-145,109,
 587,-66,-137,99,215,-140,113,
 588,-69,-137,92,186,-125,106,
 589,-69,-139,90,187,-131,100,
 590,-61,-139,96,217,-138,104,
 591,-67,-139,94,202,-127,106,
 592,-68,-140,96,204,-137,110,
 593,-68,-131,97,213,-129,107,
 594,-67,-127,92,182,-125,104,
 595,-64,-129,89,212,-138,111,
 596,-63,-133,91,179,-130,109,
 597,-62,-140,87,204,-122,107,
 598,-60,-137,87,192,-120,105,
 599,-64,-142,95,183,-128,109,
 600,-68,-142,84,207,-123,109,
 601,-66,-141,87,176,-108,106,
 602,-59,-144,89,192,-121,111,
 603,-63,-146,87,170,-120,109,
 604,-64,-143,86,185,-123,105,
 605,-68,-139,83,183,-139,111,
 606,-65,-142,86,178,-110,109,
 607,-68,-142,81,205,-141,113,
 608,-66,-133,83,185,-151,104,
 609,-71,-132,85,181,-118,105,
 610,-65,-131,81,198,-126,105,
 611,-63,-135,84,167,-136,108,
 612,-61,-139,85,194,-131,108,
 613,-70,-140,88,198,-115,108,
 614,-66,-139,80,195,-122,108,
 615,-63,-141,86,221,-140,111,
 616,-63,-143,77,186,-115,107,
 617,-69,-141,86,218,-118,109,
 618,-62,-145,86,199,-136,109,
 619,-66,-141,89,184,-118,107,
 620,-67,-138,88,215,-129,110,
 621,-65,-133,84,170,-129,111,
 622,-61,-140,84,194,-122,107,
 623,-68,-141,83,203,-122,109,
 624,-67,-143,83,165,-126,108,
 625,-60,-139,86,200,-133,116,
 626,-61,-143,84,168,-112,110,
 627,-63,-135,84,193,-121,108,
 628,-65,-148,79,191,-139,106,
 629,-60,-143,78,178,-122,116,
 630,-62,-138,78,184,-120,112,
 631,-67,-151,80,176,-129,115,
 632,-58,-148,77,199,-119,108,
 633,-64,-150,76,193,-129,108,
 634,-63,-148,84,185,-121,110,
 635,-60,-142,75,189,-112,109,
 636,-66,-136,82,172,-119,110,
 637,-67,-145,80,202,-118,111,
 638,-66,-145,80,189,-128,113,
 639,-59,-141,82,186,-117,108,
 640,-67,-139,79,202,-113,107,
 641,-63,-143,85,183,-132,117,
 642,-62,-147,87,212,-115,110,
 643,-66,-148,80,190,-111,116,
 644,-62,-153,85,177,-132,121,
 645,-62,-144,80,218,-117,116,
 646,-65,-144,82,176,-126,113,
 647,-62,-142,77,186,-122,114,
 648,-67,-145,84,194,-110,116,
 649,-62,-146,84,173,-116,111,
 650,-62,-147,78,197,-135,115,
 651,-67,-147,85,184,-124,115,
 652,-60,-149,88,187,-116,111,
 653,-62,-153,80,188,-114,113,
 654,-67,-146,80,167,-122,107,
 655,-61,-147,83,195,-114,117,
 656,-67,-147,81,155,-106,117,
 657,-60,-140,83,183,-113,117,
 658,-61,-142,81,193,-114,121,
 659,-68,-142,79,182,-111,113,
 660,-59,-149,81,193,-130,108,
 661,-60,-147,85,185,-120,106,
 662,-60,-149,84,193,-106,109,
 663,-61,-150,81,180,-117,121,
 664,-59,-152,80,180,-121,122,
 665,-60,-154,81,207,-125,116,
 666,-64,-144,81,194,-104,119,
 667,-59,-150,81,191,-90,116,
 668,-65,-149,81,209,-129,112,
 669,-56,-149,78,172,-120,126,
 670,-63,-149,78,197,-105,121,
 671,-59,-150,79,177,-110,122,
 672,-66,-151,80,170,-119,122,
 673,-62,-147,79,197,-123,114,
 674,-59,-151,84,161,-123,118,
 675,-65,-156,89,186,-111,111,
 676,-58,-155,84,188,-109,124,
 677,-64,-157,84,163,-111,115,
 678,-61,-146,83,178,-105,115,
 679,-67,-155,77,172,-104,115,
 680,-63,-154,84,170,-101,120,
 681,-64,-150,79,191,-113,111,
 682,-60,-150,80,169,-134,118,
 683,-64,-145,81,175,-120,117,
 684,-60,-154,76,178,-109,114,
 685,-65,-161,83,179,-117,109,
 686,-60,-152,80,186,-115,117,
 687,-66,-155,85,158,-102,112,
 688,-60,-154,82,191,-119,119,
 689,-63,-153,85,199,-121,113,
 690,-58,-152,84,162,-110,113,
 691,-65,-151,84,210,-106,113,
 692,-61,-153,88,198,-114,111,
 693,-67,-154,84,179,-110,110,
 694,-62,-157,92,200,-117,118,
 695,-68,-158,88,170,-108,116,
 696,-60,-155,86,186,-103,119,
 697,-66,-151,82,188,-129,111,
 698,-63,-151,83,175,-105,110,
 699,-62,-154,86,191,-92,115,
 700,-59,-150,84,172,-103,108,
 701,-63,-147,90,188,-119,121,
 702,-64,-142,95,182,-106,116,
 703,-62,-153,94,171,-103,116,
 704,-61,-154,99,188,-118,110,
 705,-59,-140,99,177,-116,111,
 706,-62,-151,93,157,-103,116,
 707,-58,-146,93,178,-97,116,
 708,-64,-149,83,162,-100,111,
 709,-56,-156,85,184,-111,118,
 710,-62,-150,77,186,-108,112,
 711,-58,-157,85,166,-99,116,
 712,-63,-149,86,184,-87,108,
 713,-61,-150,88,177,-111,111,
 714,-57,-145,95,151,-115,115,
 715,-63,-156,97,184,-96,112,
 716,-57,-153,93,183,-89,106,
 717,-63,-157,94,171,-123,117,
 718,-63,-163,89,189,-113,119,
 719,-66,-155,94,157,-103,115,
 720,-66,-158,91,184,-101,119,
 721,-58,-157,93,203,-120,115,
 722,-61,-147,93,166,-124,113,
 723,-58,-161,92,200,-99,113,
 724,-65,-161,89,187,-104,113,
 725,-58,-153,88,170,-110,117,
 726,-62,-156,86,184,-104,113,
 727,-62,-153,95,171,-98,114,
 728,-59,-152,103,170,-101,115,
 729,-60,-153,105,180,-104,114,
 730,-61,-150,110,173,-101,119,
 731,-59,-166,104,167,-111,113,
 732,-65,-167,94,174,-101,124,
 733,-61,-161,92,161,-94,117,
 734,-64,-154,90,183,-95,114,
 735,-60,-155,91,171,-109,118,
 736,-57,-157,96,167,-98,117,
 737,-65,-162,99,182,-95,112,
 738,-57,-167,97,174,-85,118,
 739,-62,-155,100,161,-96,118,
 740,-58,-156,101,187,-99,116,
 741,-58,-153,97,158,-93,117,
 742,-63,-158,95,180,-92,122,
 743,-56,-152,100,188,-94,121,
 744,-59,-161,104,156,-96,118,
 745,-59,-156,108,186,-95,118,
 746,-56,-157,107,198,-95,128,
 747,-60,-150,105,157,-89,116,
 748,-58,-156,104,192,-91,115,
 749,-60,-159,101,196,-103,110,
 750,-63,-156,97,157,-101,112,
 751,-57,-156,92,196,-90,113,
 752,-63,-153,100,179,-96,115,
 753,-60,-158,98,161,-97,113,
 754,-56,-150,101,182,-88,108,
 755,-64,-148,105,176,-93,112,
 756,-59,-159,106,162,-99,108,
 757,-58,-160,107,185,-106,110,
 758,-64,-162,108,172,-93,112,
 759,-56,-157,106,164,-93,111,
 760,-57,-157,103,179,-101,111,
 761,-61,-160,106,154,-108,116,
 762,-56,-156,101,159,-98,110,
 763,-61,-159,102,160,-95,112,
 764,-65,-155,111,146,-98,111,
 765,-57,-153,109,159,-99,103,
 766,-64,-149,113,163,-92,104,
 767,-65,-164,109,155,-96,110,
 768,-61,-167,108,170,-98,110,
 769,-63,-163,104,170,-89,102,
 770,-59,-162,104,154,-87,113,
 771,-57,-161,104,179,-85,107,
 772,-63,-160,99,178,-97,116,
 773,-58,-157,104,154,-94,119,
 774,-64,-162,104,194,-92,110,
 775,-63,-160,106,191,-90,112,
 776,-58,-150,105,145,-91,107,
 777,-65,-157,107,190,-77,107,
 778,-58,-157,109,192,-87,104,
 779,-58,-162,113,160,-93,104,
 780,-65,-157,111,171,-83,103,
 781,-61,-155,114,186,-96,106,
 782,-56,-160,111,158,-94,104,
 783,-64,-163,109,165,-98,102,
 784,-61,-167,112,177,-87,105,
 785,-60,-156,112,153,-82,102,
 786,-63,-159,115,166,-84,106,
 787,-55,-155,112,170,-83,105,
 788,-57,-164,117,151,-78,108,
 789,-60,-166,117,159,-90,112,
 790,-62,-150,120,170,-89,108,
 791,-54,-162,118,149,-87,111,
 792,-61,-166,119,171,-73,103,
 793,-54,-161,118,166,-86,99,
 794,-62,-161,112,145,-85,102,
 795,-56,-160,118,164,-71,103,
 796,-56,-171,117,158,-78,106,
 797,-59,-168,116,145,-91,107,
 798,-56,-157,117,169,-67,113,
 799,-55,-158,118,165,-85,100,
 800,-60,-164,121,144,-70,108,
 801,-56,-171,117,169,-77,105,
 802,-61,-167,119,164,-90,106,
 803,-63,-156,112,154,-78,110,
 804,-57,-154,118,159,-87,115,
 805,-58,-157,113,182,-74,108,
 806,-62,-169,119,157,-76,107,
 807,-58,-158,122,161,-65,109,
 808,-61,-165,112,182,-78,104,
 809,-59,-159,121,158,-62,104,
 810,-57,-166,123,149,-69,104,
 811,-65,-175,123,183,-65,101,
 812,-59,-163,113,166,-71,104,
 813,-56,-169,125,138,-69,111,
 814,-59,-162,127,167,-84,100,
 815,-56,-167,122,158,-79,100,
 816,-64,-159,117,145,-73,101,
 817,-63,-158,128,156,-77,106,
 818,-56,-156,127,164,-62,101,
 819,-56,-164,131,148,-76,103,
 820,-58,-168,129,139,-62,100,
 821,-62,-159,119,167,-70,102,
 822,-58,-157,136,158,-60,103,
 823,-62,-174,134,148,-56,102,
 824,-56,-164,128,167,-59,94,
 825,-57,-163,128,152,-66,96,
 826,-60,-164,127,137,-60,95,
 827,-54,-166,119,167,-61,96,
 828,-56,-169,130,158,-72,99,
 829,-64,-162,126,151,-56,95,
 830,-54,-166,122,161,-54,98,
 831,-56,-165,129,169,-51,102,
 832,-61,-163,128,150,-64,99,
 833,-59,-161,132,145,-55,94,
 834,-59,-171,137,176,-49,92,
 835,-61,-176,133,168,-56,100,
 836,-52,-175,132,137,-47,93,
 837,-57,-155,131,159,-47,103,
 838,-61,-167,139,169,-40,96,
 839,-55,-161,133,150,-43,101,
 840,-56,-167,133,150,-45,96,
 841,-63,-163,136,184,-48,105,
 842,-56,-168,135,178,-44,99,
 843,-59,-166,134,142,-45,104,
 844,-61,-161,127,162,-44,94,
 845,-54,-166,130,174,-43,90,
 846,-57,-168,136,145,-45,93,
 847,-60,-164,132,160,-41,93,
 848,-57,-159,142,165,-36,93,
 849,-62,-160,133,142,-42,91,
 850,-58,-178,141,140,-42,92,
 851,-57,-169,140,164,-32,94,
 852,-63,-161,131,153,6,93,
 853,-59,-167,132,147,31,95,
 854,-56,-165,135,154,38,89,
 855,-64,-157,132,158,56,87,
 856,-58,-158,141,142,56,94,
 857,-65,-164,136,136,52,87,
 858,-62,-173,145,164,43,88,
 859,-57,-163,142,157,60,91,
 860,-62,-166,145,134,61,91,
 861,-57,-173,141,144,60,93,
 862,-57,-173,149,161,59,95,
 863,-63,-163,136,151,64,88,
 864,-59,-167,144,128,63,87,
 865,-60,-177,142,147,66,86,
 866,-65,-162,146,158,66,87,
 867,-56,-176,147,143,73,83,
 868,-62,-176,135,141,69,85,
 869,-64,-166,139,152,58,82,
 870,-59,-163,142,159,69,90,
 871,-57,-169,145,142,76,83,
 872,-58,-168,146,152,77,83,
 873,-63,-165,151,175,71,83,
 874,-60,-166,146,164,76,85,
 875,-58,-177,144,143,84,87,
 876,-61,-165,147,165,73,87,
 877,-59,-169,147,167,79,82,
 878,-59,-170,147,149,79,85,
 879,-56,-158,144,147,78,83,
 880,-59,-156,143,176,75,91,
 881,-58,-177,148,152,80,89,
 882,-55,-167,153,138,85,88,
 883,-59,-175,149,144,83,88,
 884,-58,-175,145,165,87,84,
 885,-54,-178,149,154,80,86,
 886,-62,-154,151,146,94,84,
 887,-56,-161,149,144,91,89,
 888,-56,-161,143,158,96,86,
 889,-62,-162,149,157,94,86,
 890,-55,-168,145,135,85,80,
 891,-61,-171,151,153,80,81,
 892,-56,-164,152,148,92,81,
 893,-60,-162,146,134,85,81,
 894,-57,-173,149,142,96,84,
 895,-59,-180,142,152,89,81,
 896,-65,-165,157,152,89,80,
 897,-55,-178,151,144,92,82,
 898,-59,-171,157,144,97,81,
 899,-65,-162,162,155,97,79,
 900,-60,-174,154,148,88,78,
 901,-63,-172,149,124,91,79,
 902,-59,-168,153,148,100,77,
 903,-65,-170,149,153,96,80,
 904,-60,-180,151,139,99,81,
 905,-60,-173,150,126,95,80,
 906,-61,-171,152,146,94,81,
 907,-55,-173,153,152,96,78,
 908,-62,-164,158,139,95,77,
 909,-60,-171,158,139,96,81,
 910,-57,-176,151,142,94,84,
 911,-63,-171,162,167,100,80,
 912,-61,-171,162,170,99,80,
 913,-65,-179,158,151,97,78,
 914,-55,-169,151,148,90,77,
 915,-62,-170,150,158,100,79,
 916,-64,-165,163,177,92,80,
 917,-61,-166,168,150,92,81,
 918,-54,-166,158,138,98,83,
 919,-56,-180,152,160,98,84,
 920,-62,-174,156,156,93,80,
 921,-54,-157,149,145,101,82,
 922,-60,-178,152,141,96,79,
 923,-55,-174,157,150,96,79,
 924,-59,-157,163,151,110,84,
 925,-60,-179,157,146,106,77,
 926,-57,-175,159,139,104,75,
 927,-61,-177,164,157,92,80,
 928,-53,-171,157,155,98,77,
 929,-59,-181,168,137,102,79,
 930,-63,-170,159,129,100,75,
 931,-57,-178,154,133,105,80,
 932,-55,-167,153,150,110,79,
 933,-61,-164,156,139,112,77,
 934,-59,-174,163,121,91,81,
 935,-56,-172,160,131,89,81,
 936,-61,-168,167,137,98,77,
 937,-65,-175,167,125,102,84,
 938,-62,-174,170,127,99,87,
 939,-57,-178,160,135,91,82,
 940,-61,-171,159,145,93,86,
 941,-58,-163,158,132,103,83,
 942,-58,-162,171,128,103,84,
 943,-56,-163,161,129,105,85,
 944,-61,-169,158,146,91,85,
 945,-55,-174,164,144,105,80,
 946,-60,-170,157,129,98,83,
 947,-55,-174,170,142,116,83,
 948,-64,-181,168,154,115,85,
 949,-60,-174,173,152,108,82,
 950,-60,-175,165,132,104,84,
 951,-58,-177,168,129,108,90,
 952,-60,-167,172,153,103,84,
 953,-63,-169,175,164,110,85,
 954,-56,-173,175,151,123,89,
 955,-60,-163,175,128,113,91,
 956,-54,-168,178,141,113,90,
 957,-62,-164,171,168,97,93,
 958,-57,-161,167,150,110,90,
 959,-57,-171,172,135,115,91,
 960,-56,-166,169,130,106,88,
 961,-61,-161,169,158,109,88,
 962,-53,-176,167,155,113,84,
 963,-59,-172,165,133,112,83,
 964,-51,-170,166,125,114,90,
 965,-59,-178,165,141,104,83,
 966,-55,-174,174,138,111,82,
 967,-60,-179,173,153,109,84,
 968,-52,-186,176,140,125,86,
 969,-60,-177,166,137,102,84,
 970,-56,-176,165,139,103,84,
 971,-59,-179,164,145,101,83,
 972,-55,-175,166,136,109,87,
 973,-60,-177,175,128,103,85,
 974,-56,-186,176,136,107,84,
 975,-54,-177,172,141,108,87,
 976,-55,-174,174,143,113,85,
 977,-62,-171,169,132,95,88,
 978,-58,-162,175,130,95,87,
 979,-53,-172,178,141,107,84,
 980,-62,-180,175,142,107,84,
 981,-60,-179,174,128,106,89,
 982,-64,-182,174,126,113,87,
 983,-58,-181,173,133,110,85,
 984,-59,-168,176,137,111,87,
 985,-61,-180,168,142,114,84,
 986,-57,-175,172,127,111,86,
 987,-61,-168,163,117,94,89,
 988,-54,-180,164,137,107,88,
 989,-62,-168,177,145,105,87,
 990,-57,-167,180,140,103,90,
 991,-58,-170,177,134,107,86,
 992,-55,-165,175,115,119,84,
 993,-63,-172,166,126,110,85,
 994,-59,-171,173,136,111,79,
 995,-55,-171,180,142,111,81,
 996,-56,-178,177,142,111,85,
 997,-61,-183,176,126,115,79,
 998,-58,-180,177,142,109,81,
 999,-53,-176,180,144,111,87,
 1000,-55,-185,183,160,120,83,
 1001,-59,-175,191,146,104,84,
 1002,-60,-180,180,128,102,89,
 1003,-61,-186,174,152,123,86,
 1004,-54,-175,167,156,104,84,
 1005,-58,-180,173,153,103,82,
 1006,-55,-180,183,137,110,89,
 1007,-59,-174,181,127,104,82,
 1008,-58,-185,170,151,116,85,
 1009,-54,-174,185,149,124,82,
 1010,-55,-171,178,137,110,80,
 1011,-62,-174,178,129,111,79,
 1012,-52,-172,171,126,110,79,
 1013,-62,-173,181,136,111,83,
 1014,-57,-179,169,149,126,80,
 1015,-63,-179,185,136,113,75,
 1016,-56,-169,183,125,109,83,
 1017,-61,-180,172,127,109,83,
 1018,-59,-176,180,127,107,77,
 1019,-57,-169,177,140,114,79,
 1020,-57,-169,188,128,110,81,
 1021,-57,-178,188,124,112,83,
 1022,-57,-180,176,127,118,79,
 1023,-56,-183,178,137,113,83,
 1024,-63,-175,182,126,120,80,
 1025,-59,-174,172,137,107,84,
 1026,-60,-180,184,122,116,82,
 1027,-61,-174,186,128,113,79,
 1028,-56,-176,191,134,111,78,
 1029,-57,-172,173,137,144,82,
 1030,-61,-178,173,127,120,83,
 1031,-57,-183,182,125,108,80,
 1032,-65,-172,177,123,111,86,
 1033,-57,-178,181,128,108,81,
 1034,-58,-177,177,130,112,83,
 1035,-56,-176,183,136,119,85,
 1036,-62,-170,182,123,109,85,
 1037,-54,-179,188,126,110,85,
 1038,-59,-186,183,120,114,84,
 1039,-57,-181,174,128,121,88,
 1040,-60,-168,189,128,93,89,
 1041,-54,-189,193,128,109,91,
 1042,-57,-178,194,122,110,84,
 1043,-54,-176,195,126,102,86,
 1044,-62,-184,184,141,117,82,
 1045,-53,-184,182,130,110,84,
 1046,-60,-175,181,124,113,82,
 1047,-53,-184,196,128,106,81,
 1048,-61,-174,190,140,108,80,
 1049,-56,-171,187,141,111,86,
 1050,-58,-176,184,150,112,88,
 1051,-55,-177,187,127,119,89,
 1052,-60,-167,187,122,88,87,
 1053,-59,-179,186,141,107,92,
 1054,-60,-184,186,152,112,83,
 1055,-55,-164,180,153,130,81,
 1056,-63,-179,177,140,117,85,
 1057,-61,-184,184,119,114,84,
 1058,-56,-172,195,128,116,84,
 1059,-57,-177,188,149,114,84,
 1060,-63,-170,186,149,120,85,
 1061,-59,-178,191,145,116,79,
 1062,-57,-179,196,120,132,88,
 1063,-61,-188,189,126,102,87,
 1064,-63,-177,178,139,115,82,
 1065,-63,-175,186,137,114,91,
 1066,-53,-186,182,133,112,87,
 1067,-56,-174,190,126,110,87,
 1068,-61,-177,182,117,104,92,
 1069,-64,-183,185,136,117,88,
 1070,-58,-186,189,139,109,89,
 1071,-61,-172,194,128,114,88,
 1072,-57,-171,198,123,106,89,
 1073,-64,-183,189,127,118,86,
 1074,-55,-180,177,140,101,87,
 1075,-59,-183,185,144,105,86,
 1076,-57,-181,187,122,102,93,
 1077,-63,-164,187,128,104,90,
 1078,-52,-176,193,117,107,89,
 1079,-57,-181,197,123,102,88,
 1080,-54,-183,191,131,111,89,
 1081,-60,-170,188,136,115,91,
 1082,-55,-186,199,130,124,89,
 1083,-59,-188,190,109,102,92,
 1084,-58,-181,181,118,116,92,
 1085,-61,-171,182,125,111,93,
 1086,-52,-182,185,134,133,103,
 1087,-58,-176,192,130,101,94,
 1088,-60,-164,191,115,111,101,
 1089,-55,-182,185,121,117,95,
 1090,-60,-176,176,128,120,96,
 1091,-53,-170,190,133,108,95,
 1092,-60,-179,192,127,118,100,
 1093,-56,-181,189,126,112,99,
 1094,-61,-179,185,127,117,97,
 1095,-55,-177,186,128,89,106,
 1096,-62,-180,191,134,112,106,
 1097,-56,-180,192,135,107,102,
 1098,-60,-174,189,129,113,104,
 1099,-54,-176,188,125,112,102,
 1100,-62,-182,193,135,115,101,
 1101,-56,-178,194,155,119,102,
 1102,-60,-166,189,157,122,102,
 1103,-54,-179,196,127,118,106,
 1104,-62,-176,193,125,116,103,
 1105,-58,-175,191,132,103,95,
 1106,-58,-172,188,149,115,101,
 1107,-60,-188,203,150,115,108,
 1108,-58,-180,193,141,122,103,
 1109,-57,-177,185,131,105,109,
 1110,-56,-181,184,134,116,100,
 1111,-58,-182,192,148,105,105,
 1112,-56,-171,194,153,124,109,
 1113,-57,-178,189,131,115,103,
 1114,-54,-183,188,128,124,107,
 1115,-61,-179,192,127,107,103,
 1116,-53,-175,187,136,116,110,
 1117,-59,-177,187,140,96,105,
 1118,-54,-188,191,126,124,107,
 1119,-59,-185,193,128,110,103,
 1120,-53,-166,196,124,125,104,
 1121,-57,-176,194,131,98,109,
 1122,-53,-180,193,136,109,98,
 1123,-56,-176,190,128,110,104,
 1124,-57,-174,181,131,114,99,
 1125,-58,-184,186,120,100,101,
 1126,-55,-183,185,133,109,106,
 1127,-51,-170,194,137,90,105,
 1128,-60,-173,189,137,107,107,
 1129,-55,-178,188,131,106,105,
 1130,-57,-183,181,113,117,106,
 1131,-52,-186,178,121,123,104,
 1132,-61,-164,183,143,100,111,
 1133,-55,-170,195,143,97,113,
 1134,-61,-179,180,139,122,118,
 1135,-54,-179,184,133,113,108,
 1136,-58,-166,178,129,116,109,
 1137,-57,-181,181,132,102,109,
 1138,-55,-175,194,136,106,113,
 1139,-56,-172,190,133,112,108,
 1140,-59,-173,196,119,115,110,
 1141,-61,-177,187,125,122,101,
 1142,-54,-172,197,127,105,109,
 1143,-59,-182,194,133,113,108,
 1144,-55,-171,187,131,102,106,
 1145,-61,-173,196,123,111,108,
 1146,-53,-166,190,123,99,111,
 1147,-55,-172,188,131,105,103,
 1148,-63,-172,191,134,105,107,
 1149,-59,-174,201,143,115,106,
 1150,-54,-166,201,132,114,119,
 1151,-60,-172,183,113,115,113,
 1152,-63,-177,184,129,92,106,
 1153,-56,-168,189,153,97,109,
 1154,-59,-171,189,154,99,105,
 1155,-56,-176,191,143,121,105,
 1156,-63,-181,196,133,109,106,
 1157,-53,-174,182,128,107,112,
 1158,-58,-173,194,141,97,112,
 1159,-57,-176,192,161,117,112,
 1160,-58,-182,202,161,95,117,
 1161,-57,-177,195,137,109,117,
 1162,-51,-174,192,124,116,118,
 1163,-59,-166,192,139,103,109,
 1164,-50,-167,187,140,100,113,
 1165,-53,-182,203,148,108,121,
 1166,-53,-175,191,135,108,123,
 1167,-59,-171,199,128,111,116,
 1168,-58,-167,181,135,113,111,
 1169,-54,-173,191,148,98,119,
 1170,-61,-182,196,138,112,112,
 1171,-55,-185,188,139,99,118,
 1172,-57,-178,191,126,114,119,
 1173,-58,-175,184,133,93,112,
 1174,-55,-178,193,140,109,114,
 1175,-59,-175,193,146,79,121,
 1176,-55,-176,185,139,105,120,
 1177,-61,-172,187,134,101,116,
 1178,-59,-169,201,125,117,116,
 1179,-54,-179,191,140,113,121,
 1180,-61,-179,190,140,96,120,
 1181,-55,-181,190,127,110,120,
 1182,-59,-170,181,133,119,113,
 1183,-59,-177,186,129,105,123,
 1184,-52,-167,192,134,97,126,
 1185,-59,-175,193,139,101,119,
 1186,-60,-170,185,132,104,122,
 1187,-54,-177,190,130,102,127,
 1188,-58,-177,196,117,111,127,
 1189,-55,-174,194,138,107,124,
 1190,-54,-173,199,141,104,119,
 1191,-60,-173,184,145,91,131,
 1192,-58,-172,190,138,111,127,
 1193,-59,-182,192,125,98,136,
 1194,-55,-180,192,131,89,122,
 1195,-55,-171,197,141,97,128,
 1196,-61,-168,195,147,95,123,
 1197,-50,-167,180,133,120,125,
 1198,-53,-171,188,130,126,121,
 1199,-59,-170,181,121,120,131,
 1200,-54,-166,197,148,84,128,
 1201,-57,-174,184,139,108,134,
 1202,-52,-171,187,135,103,124,
 1203,-56,-168,181,135,103,126,
 1204,-57,-169,192,131,95,128,
 1205,-53,-168,195,140,95,127,
 1206,-57,-172,193,143,97,125,
 1207,-56,-165,193,150,102,119,
 1208,-55,-159,197,146,104,128,
 1209,-53,-163,200,137,115,122,
 1210,-54,-170,195,148,108,126,
 1211,-50,-166,198,151,96,124,
 1212,-56,-175,195,146,102,127,
 1213,-53,-169,196,149,91,128,
 1214,-52,-168,193,140,93,127,
 1215,-57,-159,195,131,100,130,
 1216,-53,-173,185,151,108,124,
 1217,-54,-164,196,153,102,132,
 1218,-58,-169,197,142,110,131,
 1219,-54,-163,188,128,91,126,
 1220,-53,-171,202,127,97,119,
 1221,-58,-163,200,138,89,123,
 1222,-58,-168,185,146,99,123,
 1223,-54,-173,196,142,90,120,
 1224,-55,-177,196,139,106,123,
 1225,-59,-177,200,127,99,128,
 1226,-58,-173,191,135,110,124,
 1227,-61,-170,195,147,97,122,
 1228,-58,-172,188,147,109,123,
 1229,-57,-164,189,133,106,126,
 1230,-52,-177,195,118,115,122,
 1231,-59,-176,188,136,93,129,
 1232,-53,-178,191,142,99,127,
 1233,-58,-179,198,127,95,132,
 1234,-57,-177,203,133,102,134,
 1235,-59,-179,193,117,106,122,
 1236,-53,-167,198,145,110,126,
 1237,-57,-167,197,146,103,131,
 1238,-58,-170,188,137,101,129,
 1239,-57,-168,195,130,96,140,
 1240,-53,-180,205,129,94,138,
 1241,-57,-176,197,135,86,124,
 1242,-57,-172,187,145,90,126,
 1243,-55,-172,190,147,91,135,
 1244,-55,-172,193,126,99,133,
 1245,-58,-175,199,124,109,130,
 1246,-55,-176,195,137,109,130,
 1247,-48,-171,193,146,99,134,
 1248,-54,-173,187,136,72,129,
 1249,-56,-180,186,129,104,136,
 1250,-51,-174,196,127,102,132,
 1251,-52,-178,200,138,106,129,
 1252,-56,-171,197,137,88,130,
 1253,-55,-178,187,145,91,125,
 1254,-50,-172,182,135,87,126,
 1255,-51,-172,193,130,100,131,
 1256,-53,-168,199,130,99,134,
 1257,-56,-177,187,145,112,133,
 1258,-49,-179,192,155,89,129,
 1259,-50,-177,193,146,100,129,
 1260,-56,-164,199,136,95,127,
 1261,-53,-176,183,127,89,134,
 1262,-50,-173,188,147,87,130,
 1263,-50,-173,194,163,102,126,
 1264,-57,-172,194,156,95,127,
 1265,-59,-168,208,142,99,131,
 1266,-52,-175,206,123,100,132,
 1267,-50,-165,196,134,110,124,
 1268,-49,-172,192,143,97,135,
 1269,-56,-168,192,160,98,124,
 1270,-55,-177,190,141,83,125,
 1271,-49,-172,183,129,91,137,
 1272,-50,-170,201,130,99,132,
 1273,-60,-165,188,140,94,124,
 1274,-58,-170,203,141,107,130,
 1275,-51,-166,193,142,102,120,
 1276,-52,-169,196,137,88,128,
 1277,-56,-172,191,131,115,125,
 1278,-59,-175,193,145,102,133,
 1279,-56,-169,200,147,101,124,
 1280,-50,-168,193,127,88,119,
 1281,-51,-180,195,126,89,129,
 1282,-56,-166,189,117,96,135,
 1283,-59,-173,194,134,82,126,
 1284,-54,-167,192,138,102,117,
 1285,-56,-174,192,133,93,121,
 1286,-52,-167,183,132,102,120,
 1287,-52,-164,197,120,89,121,
 1288,-60,-168,201,129,87,125,
 1289,-59,-164,202,132,84,124,
 1290,-56,-170,188,134,101,121,
 1291,-53,-175,190,131,86,119,
 1292,-51,-170,198,123,97,125,
 1293,-57,-175,194,123,87,128,
 1294,-58,-169,190,142,105,127,
 1295,-59,-168,195,142,98,119,
 1296,-49,-169,198,132,118,127,
 1297,-51,-173,193,139,84,128,
 1298,-50,-163,179,123,92,125,
 1299,-56,-172,187,140,85,122,
 1300,-57,-164,191,138,107,126,
 1301,-52,-167,197,129,89,134,
 1302,-51,-173,201,134,100,124,
 1303,-49,-170,193,134,94,133,
 1304,-51,-173,191,135,79,128,
 1305,-49,-177,193,143,98,128,
 1306,-54,-174,193,143,93,122,
 1307,-54,-174,196,139,89,124,
 1308,-53,-173,188,125,88,120,
 1309,-55,-175,185,127,102,124,
 1310,-50,-173,191,140,92,124,
 1311,-50,-163,195,157,98,124,
 1312,-49,-162,197,156,85,125,
 1313,-51,-167,194,141,93,129,
 1314,-57,-172,194,133,79,125,
 1315,-57,-175,183,147,88,131,
 1316,-54,-173,192,158,85,122,
 1317,-52,-167,196,161,81,123,
 1318,-49,-173,193,150,93,127,
 1319,-51,-181,199,127,89,126,
 1320,-53,-178,197,123,82,132,
 1321,-56,-178,198,145,79,132,
 1322,-54,-171,196,161,94,124,
 1323,-58,-177,197,143,82,125,
 1324,-55,-168,206,129,95,121,
 1325,-55,-171,193,126,88,128,
 1326,-52,-166,186,135,83,133,
 1327,-52,-176,186,138,95,127,
 1328,-52,-178,186,151,74,126,
 1329,-51,-169,196,132,107,119,
 1330,-57,-165,202,121,103,121,
 1331,-55,-176,205,135,107,120,
 1332,-57,-172,201,140,75,123,
 1333,-53,-178,192,127,87,119,
 1334,-56,-172,193,138,89,116,
 1335,-53,-174,187,127,85,114,
 1336,-51,-185,188,121,93,119,
 1337,-51,-176,204,133,86,121,
 1338,-52,-167,204,130,103,124,
 1339,-54,-175,200,133,69,124,
 1340,-51,-172,204,121,91,118,
 1341,-56,-176,192,121,72,115,
 1342,-57,-176,190,127,86,112,
 1343,-54,-173,199,140,80,118,
 1344,-54,-170,203,128,79,118,
 1345,-53,-168,203,127,98,123,
 1346,-50,-176,200,125,80,118,
 1347,-52,-178,206,126,91,116,
 1348,-50,-177,196,138,84,120,
 1349,-50,-185,204,133,95,123,
 1350,-49,-178,212,140,100,121,
 1351,-50,-186,211,137,89,116,
 1352,-52,-181,202,117,94,118,
 1353,-53,-178,201,136,82,115,
 1354,-52,-180,195,140,99,115,
 1355,-53,-174,193,127,85,121,
 1356,-57,-172,201,131,101,116,
 1357,-51,-181,205,127,83,116,
 1358,-56,-176,208,124,84,118,
 1359,-54,-184,203,131,93,119,
 1360,-53,-182,199,139,81,116,
 1361,-54,-177,201,137,86,117,
 1362,-53,-180,202,133,99,129,
 1363,-48,-174,198,112,80,125,
 1364,-50,-166,209,124,91,123,
 1365,-50,-181,202,139,78,116,
 1366,-50,-173,201,160,82,119,
 1367,-49,-188,186,156,70,123,
 1368,-50,-185,204,141,88,115,
 1369,-53,-183,191,117,90,113,
 1370,-53,-186,202,128,86,113,
 1371,-54,-177,207,136,83,116,
 1372,-52,-170,211,146,85,121,
 1373,-53,-180,200,145,87,121,
 1374,-52,-179,201,136,76,115,
 1375,-54,-182,199,122,81,121,
 1376,-53,-183,206,133,88,121,
 1377,-54,-185,195,136,89,116,
 1378,-55,-185,209,141,88,108,
 1379,-56,-184,210,141,84,110,
 1380,-54,-176,202,138,69,108,
 1381,-57,-186,205,126,88,103,
 1382,-54,-182,198,138,82,108,
 1383,-57,-188,196,139,89,106,
 1384,-56,-184,190,134,89,107,
 1385,-58,-180,206,122,81,105,
 1386,-54,-183,209,131,94,102,
 1387,-58,-175,203,128,83,108,
 1388,-53,-180,202,128,94,106,
 1389,-55,-179,203,133,93,107,
 1390,-53,-181,189,134,88,107,
 1391,-55,-175,190,130,84,110,
 1392,-53,-183,196,118,88,111,
 1393,-58,-175,196,117,79,104,
 1394,-56,-185,198,127,95,98,
 1395,-57,-182,193,132,77,104,
 1396,-55,-190,193,132,77,105,
 1397,-54,-192,204,129,87,102,
 1398,-53,-187,202,125,89,105,
 1399,-57,-190,200,119,81,101,
 1400,-57,-188,211,120,77,101,
 1401,-55,-184,203,133,65,100,
 1402,-53,-186,192,124,79,105,
 1403,-54,-184,204,132,82,99,
 1404,-54,-193,204,117,84,97,
 1405,-57,-191,204,119,91,102,
 1406,-53,-189,205,134,75,94,
 1407,-56,-191,214,135,77,106,
 1408,-51,-195,197,131,86,105,
 1409,-53,-196,210,126,79,100,
 1410,-53,-196,202,128,87,99,
 1411,-53,-198,212,124,81,93,
 1412,-52,-196,211,131,84,92,
 1413,-52,-192,211,134,84,89,
 1414,-51,-194,199,131,86,91,
 1415,-53,-196,208,123,76,90,
 1416,-50,-196,212,122,85,90,
 1417,-52,-194,219,121,89,96,
 1418,-54,-193,213,132,82,97,
 1419,-55,-197,208,131,96,89,
 1420,-53,-187,200,134,89,88,
 1421,-53,-196,213,137,75,90,
 1422,-51,-194,204,130,88,87,
 1423,-54,-193,201,118,78,92,
 1424,-54,-201,212,126,83,85,
 1425,-55,-199,206,133,96,88,
 1426,-51,-190,202,140,81,94,
 1427,-53,-194,210,148,77,87,
 1428,-51,-195,206,146,85,87,
 1429,-55,-200,214,130,86,95,
 1430,-55,-191,209,130,88,92,
 1431,-54,-185,206,125,86,84,
 1432,-53,-194,215,136,83,87,
 1433,-55,-195,207,138,76,83,
 1434,-53,-189,206,142,75,80,
 1435,-56,-197,195,139,76,87,
 1436,-54,-196,210,132,91,80,
 1437,-55,-190,209,125,85,80,
 1438,-53,-197,198,129,72,81,
 1439,-51,-191,200,148,79,77,
 1440,-53,-194,217,149,76,80,
 1441,-55,-188,195,137,68,80,
 1442,-53,-198,201,127,82,77,
 1443,-51,-190,205,120,78,79,
 1444,-50,-193,205,118,76,77,
 1445,-50,-193,203,136,77,77,
 1446,-50,-196,199,132,80,78,
 1447,-51,-191,206,136,69,77,
 1448,-50,-187,209,128,86,74,
 1449,-52,-188,213,119,83,76,
 1450,-51,-191,211,124,86,77,
 1451,-52,-200,211,124,86,75,
 1452,-51,-196,209,123,80,71,
 1453,-53,-200,199,136,86,76,
 1454,-53,-199,205,130,86,71,
 1455,-52,-204,207,123,91,73,
 1456,-51,-204,212,131,78,73,
 1457,-53,-198,203,109,87,76,
 1458,-51,-194,207,122,85,73,
 1459,-54,-200,214,130,98,72,
 1460,-54,-204,217,128,95,72,
 1461,-51,-201,200,123,89,74,
 1462,-51,-204,211,125,84,72,
 1463,-53,-205,202,121,85,70,
 1464,-55,-196,208,121,79,70,
 1465,-55,-193,206,116,77,67,
 1466,-55,-201,202,116,74,69,
 1467,-54,-201,215,126,77,72,
 1468,-55,-199,208,113,77,69,
 1469,-54,-204,204,119,66,65,
 1470,-56,-205,211,110,87,67,
 1471,-53,-201,202,120,82,63,
 1472,-53,-199,207,126,75,61,
 1473,-51,-189,216,124,71,64,
 1474,-56,-191,212,127,68,67,
 1475,-48,-198,214,127,76,64,
 1476,-50,-199,207,118,70,58,
 1477,-48,-197,210,110,88,61,
 1478,-49,-194,211,113,71,58,
 1479,-51,-201,219,121,75,56,
 1480,-47,-201,215,121,67,55,
 1481,-54,-207,211,132,67,60,
 1482,-49,-203,199,128,72,58,
 1483,-51,-208,214,120,89,60,
 1484,-52,-211,217,127,83,61,
 1485,-55,-208,211,121,88,57,
 1486,-52,-205,202,119,81,58,
 1487,-57,-204,210,128,82,62,
 1488,-54,-209,207,128,69,61,
 1489,-55,-205,218,133,83,60,
 1490,-54,-211,209,124,82,59,
 1491,-53,-215,215,120,81,58,
 1492,-51,-213,213,125,86,53,
 1493,-55,-203,215,122,94,44,
 1494,-52,-200,222,117,87,27,
 1495,-52,-209,213,131,85,4,
 1496,-51,-207,219,136,86,-24,
 1497,-53,-217,213,140,84,-56,
 1498,-53,-211,210,130,77,-55,
 1499,-55,-212,212,131,75,-53,
 1500,-58,-207,207,133,88,-66,
 1501,-57,-205,211,113,90,-66,
 1502,-59,-200,213,128,82,-71,
 1503,-53,-208,217,135,86,-69,
 1504,-59,-214,211,140,87,-75,
 1505,-53,-204,203,145,83,-72,
 1506,-53,-211,214,143,79,-72,
 1507,-52,-215,224,134,87,-74,
 1508,-56,-215,215,118,87,-71,
 1509,-59,-218,217,122,74,-72,
 1510,-59,-203,220,133,75,-75,
 1511,-60,-219,209,129,86,-77,
 1512,-53,-212,221,130,87,-78,
 1513,-57,-200,219,137,74,-78,
 1514,-53,-211,216,137,80,-80,
 1515,-53,-214,223,125,77,-81,
 1516,-55,-211,209,122,83,-81,
 1517,-56,-199,209,119,84,-83,
 1518,-57,-204,221,123,89,-86,
 1519,-57,-221,204,125,81,-87,
 1520,-55,-210,217,135,77,-83,
 1521,-51,-214,216,125,88,-83,
 1522,-52,-219,218,122,84,-82,
 1523,-51,-220,212,115,86,-87,
 1524,-55,-215,209,112,71,-85,
 1525,-59,-215,222,120,79,-82,
 1526,-55,-219,223,123,86,-86,
 1527,-58,-220,219,123,69,-82,
 1528,-51,-212,220,131,84,-83,
 1529,-52,-207,212,126,88,-88,
 1530,-53,-211,230,119,79,-86,
 1531,-58,-224,226,117,83,-87,
 1532,-58,-210,222,118,86,-84,
 1533,-56,-209,221,116,70,-91,
 1534,-53,-212,211,111,64,-89,
 1535,-52,-218,214,113,88,-88,
 1536,-58,-211,218,120,88,-95,
 1537,-57,-211,217,123,88,-94,
 1538,-52,-218,208,113,82,-88,
 1539,-52,-221,219,113,75,-89,
 1540,-54,-214,220,115,75,-95,
 1541,-60,-220,213,117,87,-95,
 1542,-56,-213,208,101,88,-91,
 1543,-52,-217,228,109,84,-97,
 1544,-57,-217,214,114,90,-94,
 1545,-55,-222,221,114,89,-91,
 1546,-58,-217,221,120,80,-97,
 1547,-53,-218,227,120,81,-98,
 1548,-52,-215,221,116,89,-98,
 1549,-60,-221,222,115,83,-94,
 1550,-59,-221,218,110,83,-93,
 1551,-54,-222,215,103,92,-94,
 1552,-57,-215,224,114,83,-99,
 1553,-61,-219,219,117,82,-96,
 1554,-52,-212,225,120,75,-103,
 1555,-57,-221,235,107,85,-104,
 1556,-59,-220,217,112,78,-96,
 1557,-53,-228,209,114,87,-95,
 1558,-54,-223,213,123,88,-95,
 1559,-62,-214,224,111,78,-98,
 1560,-59,-231,219,103,87,-102,
 1561,-58,-228,217,115,86,-96,
 1562,-61,-218,219,114,81,-97,
 1563,-61,-223,224,117,80,-96,
 1564,-58,-227,233,113,88,-105,
 1565,-59,-230,227,119,85,-97,
 1566,-58,-218,227,118,79,-100,
 1567,-58,-234,225,108,82,-102,
 1568,-62,-228,227,110,89,-101,
 1569,-56,-225,221,115,86,-103,
 1570,-55,-216,215,124,89,-100,
 1571,-60,-226,227,112,80,-102,
 1572,-52,-227,221,118,86,-107,
 1573,-56,-225,223,122,87,-103,
 1574,-59,-225,217,106,88,-107,
 1575,-52,-238,229,106,92,-109,
 1576,-60,-227,225,109,84,-108,
 1577,-56,-216,214,111,80,-108,
 1578,-60,-225,220,117,91,-109,
 1579,-57,-224,222,124,90,-106,
 1580,-55,-229,228,121,74,-106,
 1581,-62,-223,218,141,73,-106,
 1582,-54,-228,218,134,80,-105,
 1583,-59,-228,225,137,90,-108,
 1584,-56,-227,232,116,87,-111,
 1585,-61,-221,214,110,82,-112,
 1586,-60,-232,221,113,87,-117,
 1587,-59,-214,218,121,92,-113,
 1588,-57,-220,229,129,86,-114,
 1589,-62,-227,222,126,74,-121,
 1590,-59,-208,223,132,82,-115,
 1591,-60,-216,222,138,81,-115,
 1592,-60,-235,234,134,88,-122,
 1593,-59,-227,220,122,86,-117,
 1594,-62,-216,235,120,85,-124,
 1595,-59,-222,237,115,84,-119,
 1596,-62,-224,223,120,93,-124,
 1597,-59,-214,207,120,85,-130,
 1598,-58,-217,242,131,88,-122,
 1599,-62,-220,232,130,84,-119,
 1600,-56,-227,226,128,88,-117,
 1601,-63,-231,228,128,89,-116,
 1602,-64,-227,237,114,85,-122,
 1603,-56,-234,221,125,88,-117,
 1604,-62,-228,210,120,90,-119,
 1605,-59,-239,225,122,92,-117,
 1606,-65,-221,222,117,91,-121,
 1607,-62,-234,222,117,83,-114,
 1608,-63,-239,220,127,79,-115,
 1609,-65,-230,237,124,90,-115,
 1610,-57,-221,229,112,91,-124,
 1611,-63,-237,215,123,89,-120,
 1612,-63,-230,216,121,93,-117,
 1613,-57,-219,229,116,96,-116,
 1614,-56,-230,230,109,87,-115,
 1615,-63,-227,222,115,86,-115,
 1616,-61,-237,230,125,95,-116,
 1617,-57,-233,234,122,89,-116,
 1618,-62,-219,219,118,77,-122,
 1619,-54,-211,212,118,88,-114,
 1620,-65,-218,226,113,84,-116,
 1621,-62,-216,231,120,81,-117,
 1622,-65,-227,222,116,92,-118,
 1623,-65,-236,245,114,94,-114,
 1624,-59,-226,228,121,92,-116,
 1625,-60,-236,229,121,90,-119,
 1626,-60,-228,226,123,79,-116,
 1627,-66,-223,231,121,90,-119,
 1628,-61,-240,224,108,89,-117,
 1629,-61,-228,224,113,98,-127,
 1630,-66,-237,236,108,103,-117,
 1631,-62,-245,224,114,103,-108,
 1632,-59,-223,226,109,94,-114,
 1633,-60,-236,227,110,94,-112,
 1634,-64,-249,238,124,100,-116,
 1635,-63,-231,231,124,99,-122,
 1636,-68,-244,222,111,99,-112,
 1637,-63,-245,240,121,101,-113,
 1638,-61,-218,241,119,93,-115,
 1639,-63,-242,236,113,88,-116,
 1640,-64,-231,231,109,95,-119,
 1641,-66,-225,238,115,98,-110,
 1642,-68,-244,230,122,100,-118,
 1643,-66,-227,237,123,91,-112,
 1644,-61,-237,234,121,88,-117,
 1645,-61,-246,235,118,90,-114,
 1646,-60,-224,222,121,95,-113,
 1647,-59,-240,231,114,92,-110,
 1648,-60,-224,230,120,86,-110,
 1649,-60,-228,230,105,100,-112,
 1650,-60,-242,229,128,81,-112,
 1651,-64,-222,239,128,90,-120,
 1652,-60,-225,233,121,97,-112,
 1653,-60,-223,222,109,82,-112,
 1654,-66,-224,224,121,83,-113,
 1655,-61,-241,235,110,83,-110,
 1656,-64,-232,218,113,89,-117,
 1657,-64,-235,223,121,95,-113,
 1658,-64,-223,235,121,94,-122,
 1659,-66,-229,226,120,91,-119,
 1660,-63,-237,228,124,88,-113,
 1661,-65,-219,238,122,94,-112,
 1662,-65,-228,224,133,106,-108,
 1663,-64,-235,235,123,92,-111,
 1664,-70,-225,229,126,104,-109,
 1665,-65,-240,245,119,100,-111,
 1666,-71,-223,223,120,94,-112,
 1667,-71,-232,222,126,90,-117,
 1668,-68,-228,233,131,105,-113,
 1669,-67,-233,240,128,100,-118,
 1670,-72,-241,218,131,97,-108,
 1671,-65,-240,233,144,96,-109,
 1672,-66,-245,235,134,103,-109,
 1673,-67,-240,231,124,96,-113,
 1674,-62,-230,229,130,95,-115,
 1675,-68,-238,242,119,102,-119,
 1676,-68,-225,229,129,101,-122,
 1677,-62,-248,234,132,105,-120,
 1678,-63,-235,225,142,97,-111,
 1679,-67,-232,230,147,98,-110,
 1680,-66,-223,233,133,99,-113,
 1681,-68,-231,223,127,100,-115,
 1682,-63,-242,231,127,109,-121,
 1683,-65,-234,237,121,103,-118,
 1684,-70,-236,228,124,99,-115,
 1685,-68,-230,228,129,100,-113,
 1686,-71,-229,234,138,99,-115,
 1687,-65,-245,224,138,93,-119,
 1688,-73,-226,227,132,87,-120,
 1689,-71,-243,232,130,98,-114,
 1690,-67,-233,233,127,95,-121,
 1691,-68,-231,217,122,101,-119,
 1692,-69,-233,246,124,97,-114,
 1693,-63,-234,236,138,103,-110,
 1694,-64,-235,224,138,102,-113,
 1695,-68,-234,233,135,103,-118,
 1696,-69,-248,238,122,101,-111,
 1697,-68,-237,235,122,92,-111,
 1698,-69,-248,224,120,97,-112,
 1699,-64,-234,226,125,88,-117,
 1700,-70,-241,221,127,107,-116,
 1701,-66,-229,214,127,95,-109,
 1702,-70,-226,239,135,92,-111,
 1703,-68,-244,236,133,89,-106,
 1704,-64,-225,226,134,97,-107,
 1705,-68,-236,239,132,94,-107,
 1706,-66,-225,242,126,94,-105,
 1707,-65,-224,225,120,101,-113,
 1708,-67,-229,211,130,95,-115,
 1709,-67,-240,222,133,99,-113,
 1710,-71,-226,233,137,104,-117,
 1711,-73,-230,229,129,94,-111,
 1712,-71,-232,236,121,93,-107,
 1713,-67,-218,243,122,110,-101,
 1714,-69,-244,222,120,95,-102,
 1715,-71,-223,246,122,93,-108,
 1716,-73,-237,225,126,108,-104,
 1717,-71,-225,225,132,111,-106,
 1718,-71,-245,217,131,100,-104,
 1719,-69,-227,228,130,91,-104,
 1720,-71,-243,232,130,87,-105,
 1721,-73,-222,219,126,104,-102,
 1722,-65,-227,228,123,108,-98,
 1723,-69,-232,232,122,99,-103,
 1724,-67,-241,220,130,103,-99,
 1725,-65,-233,226,133,87,-99,
 1726,-68,-232,241,127,106,-100,
 1727,-71,-234,223,126,111,-106,
 1728,-66,-234,228,127,97,-104,
 1729,-72,-237,234,125,94,-99,
 1730,-72,-223,224,127,103,-103,
 1731,-72,-243,229,128,92,-98,
 1732,-73,-227,238,136,100,-100,
 1733,-73,-243,248,135,101,-95,
 1734,-72,-228,220,129,99,-92,
 1735,-73,-235,230,125,100,-98,
 1736,-77,-216,234,126,100,-97,
 1737,-76,-234,231,131,94,-93,
 1738,-77,-228,220,143,107,-90,
 1739,-69,-229,232,141,97,-97,
 1740,-76,-222,240,145,91,-96,
 1741,-69,-241,223,135,104,-91,
 1742,-75,-230,228,122,91,-89,
 1743,-75,-238,238,128,101,-93,
 1744,-77,-222,231,145,99,-90,
 1745,-76,-237,226,142,91,-86,
 1746,-66,-232,235,155,102,-86,
 1747,-70,-237,221,138,114,-86,
 1748,-66,-229,216,133,103,-85,
 1749,-69,-233,232,133,100,-88,
 1750,-63,-229,230,126,97,-91,
 1751,-69,-233,218,147,109,-90,
 1752,-71,-220,231,146,103,-92,
 1753,-71,-231,232,148,110,-94,
 1754,-70,-242,227,155,112,-91,
 1755,-75,-234,224,144,104,-92,
 1756,-72,-232,228,133,108,-90,
 1757,-69,-232,224,140,104,-86,
 1758,-77,-238,222,147,98,-87,
 1759,-72,-225,229,153,110,-83,
 1760,-77,-224,250,154,99,-81,
 1761,-71,-225,222,135,102,-82,
 1762,-76,-227,229,138,117,-80,
 1763,-75,-209,233,131,110,-80,
 1764,-70,-237,223,139,104,-80,
 1765,-74,-223,229,154,104,-79,
 1766,-78,-237,228,154,110,-85,
 1767,-73,-221,244,149,117,-78,
 1768,-68,-241,222,147,111,-83,
 1769,-74,-223,227,134,103,-80,
 1770,-70,-249,236,140,109,-81,
 1771,-70,-222,235,149,98,-80,
 1772,-67,-242,220,151,109,-83,
 1773,-76,-222,240,149,102,-78,
 1774,-76,-235,241,135,109,-80,
 1775,-74,-230,224,132,100,-78,
 1776,-74,-239,224,131,105,-77,
 1777,-77,-224,235,141,116,-80,
 1778,-77,-235,233,151,104,-79,
 1779,-78,-218,218,150,107,-74,
 1780,-71,-230,219,132,104,-75,
 1781,-75,-213,239,133,103,-74,
 1782,-78,-223,229,132,120,-77,
 1783,-78,-218,234,146,104,-79,
 1784,-75,-224,234,140,98,-80,
 1785,-72,-220,227,150,100,-79,
 1786,-72,-231,218,134,97,-77,
 1787,-76,-221,227,135,106,-78,
 1788,-74,-227,226,128,97,-77,
 1789,-74,-223,218,125,108,-75,
 1790,-74,-236,220,143,98,-77,
 1791,-77,-222,230,136,99,-78,
 1792,-68,-228,232,148,116,-78,
 1793,-74,-230,222,133,93,-76,
 1794,-75,-225,222,135,97,-78,
 1795,-75,-219,231,139,91,-77,
 1796,-79,-227,223,134,97,-74,
 1797,-80,-222,209,139,90,-76,
 1798,-78,-224,235,135,93,-78,
 1799,-76,-234,229,145,109,-75,
 1800,-74,-221,222,135,105,-75,
 1801,-73,-228,223,130,105,-72,
 1802,-77,-220,233,144,97,-72,
 1803,-79,-231,234,144,112,-76,
 1804,-80,-218,223,148,108,-71,
 1805,-75,-231,221,136,81,-78,
 1806,-69,-216,231,133,98,-80,
 1807,-70,-226,213,145,106,-77,
 1808,-73,-208,228,154,112,-76,
 1809,-67,-214,230,164,99,-79,
 1810,-70,-208,228,137,100,-80,
 1811,-74,-219,231,141,91,-79,
 1812,-73,-204,216,145,75,-78,
 1813,-72,-210,210,155,96,-76,
 1814,-73,-205,216,162,78,-74,
 1815,-80,-202,225,146,92,-69,
 1816,-77,-207,238,135,115,-60,
 1817,-76,-227,218,135,92,-45,
 1818,-73,-220,223,145,95,-26,
 1819,-81,-220,219,153,95,-3,
 1820,-76,-209,234,147,106,34,
 1821,-79,-219,227,142,105,53,
 1822,-75,-215,224,137,98,69,
 1823,-70,-220,221,139,93,52,
 1824,-68,-214,222,145,89,64,
 1825,-70,-231,222,147,112,65,
 1826,-80,-212,230,144,91,71,
 1827,-77,-220,233,146,106,66,
 1828,-81,-203,236,129,103,71,
 1829,-71,-224,232,138,94,68,
 1830,-82,-208,230,138,91,70,
 1831,-82,-216,233,136,87,66,
 1832,-78,-207,233,137,93,68,
 1833,-79,-215,230,133,104,71,
 1834,-74,-197,227,131,103,65,
 1835,-79,-201,229,140,113,68,
 1836,-81,-220,235,142,91,71,
 1837,-77,-211,218,142,104,70,
 1838,-80,-214,224,150,97,72,
 1839,-82,-194,233,137,114,74,
 1840,-78,-211,231,127,103,73,
 1841,-78,-198,228,140,93,74,
 1842,-78,-210,214,137,95,71,
 1843,-71,-203,229,140,97,74,
 1844,-73,-220,228,141,104,74,
 1845,-69,-198,234,135,101,73,
 1846,-78,-217,208,140,105,68,
 1847,-76,-202,230,139,93,70,
 1848,-76,-219,234,145,100,72,
 1849,-77,-209,238,139,92,75,
 1850,-83,-206,224,132,92,79,
 1851,-69,-201,219,134,100,81,
 1852,-78,-204,224,144,88,78,
 1853,-71,-199,221,137,100,76,
 1854,-80,-197,227,144,95,79,
 1855,-82,-214,221,138,99,81,
 1856,-76,-211,219,131,97,78,
 1857,-72,-213,220,138,106,82,
 1858,-78,-204,226,150,108,78,
 1859,-78,-216,229,150,91,78,
 1860,-73,-190,224,141,95,85,
 1861,-70,-207,226,137,83,84,
 1862,-76,-191,213,125,101,80,
 1863,-70,-211,219,144,97,79,
 1864,-75,-203,226,152,94,84,
 1865,-80,-205,227,157,97,80,
 1866,-71,-194,226,156,87,78,
 1867,-76,-197,213,147,101,81,
 1868,-80,-207,214,138,94,82,
 1869,-78,-197,220,153,97,86,
 1870,-76,-209,227,157,96,85,
 1871,-78,-188,231,165,103,86,
 1872,-79,-204,221,157,96,85,
 1873,-79,-195,224,137,94,86,
 1874,-81,-202,221,141,103,85,
 1875,-83,-199,220,145,90,86,
 1876,-79,-202,215,160,96,84,
 1877,-71,-196,210,149,96,87,
 1878,-72,-194,217,137,102,91,
 1879,-78,-196,231,133,94,89,
 1880,-67,-200,230,142,98,88,
 1881,-74,-209,227,154,102,89,
 1882,-76,-189,209,147,93,90,
 1883,-76,-200,213,145,97,87,
 1884,-75,-182,238,140,93,91,
 1885,-77,-194,230,128,93,88,
 1886,-80,-186,225,154,85,91,
 1887,-79,-192,220,149,94,94,
 1888,-76,-195,224,137,90,88,
 1889,-75,-196,224,134,87,89,
 1890,-78,-203,222,133,96,89,
 1891,-82,-196,207,143,99,88,
 1892,-76,-193,227,144,86,91,
 1893,-81,-187,224,149,86,94,
 1894,-80,-199,217,143,102,92,
 1895,-72,-190,211,124,97,91,
 1896,-74,-201,217,129,99,89,
 1897,-77,-202,220,142,83,93,
 1898,-72,-185,218,141,89,94,
 1899,-73,-197,227,144,94,98,
 1900,-72,-196,224,148,77,96,
 1901,-71,-200,211,114,99,96,
 1902,-73,-186,216,128,95,99,
 1903,-79,-194,220,139,105,96,
 1904,-77,-199,216,138,83,100,
 1905,-76,-192,209,135,83,93,
 1906,-74,-198,214,132,91,94,
 1907,-74,-187,212,134,81,95,
 1908,-77,-194,222,133,91,99,
 1909,-78,-179,223,132,74,94,
 1910,-82,-189,218,133,93,96,
 1911,-77,-185,212,138,87,102,
 1912,-74,-187,214,130,97,96,
 1913,-70,-200,212,128,106,95,
 1914,-71,-185,221,139,108,99,
 1915,-74,-195,217,141,89,96,
 1916,-68,-183,218,139,77,95,
 1917,-71,-184,208,129,89,102,
 1918,-72,-197,203,130,82,100,
 1919,-74,-182,219,141,90,100,
 1920,-73,-192,221,157,97,103,
 1921,-71,-178,224,154,77,101,
 1922,-68,-188,222,152,85,101,
 1923,-75,-193,220,149,87,109,
 1924,-73,-178,222,123,91,103,
 1925,-78,-192,226,136,86,104,
 1926,-71,-174,218,146,82,101,
 1927,-76,-184,219,163,82,99,
 1928,-77,-186,213,160,75,104,
 1929,-73,-186,205,150,99,99,
 1930,-75,-192,223,133,85,105,
 1931,-70,-189,208,138,88,102,
 1932,-71,-185,214,149,82,99,
 1933,-76,-187,219,156,66,99,
 1934,-69,-177,219,138,88,100,
 1935,-71,-186,221,135,76,100,
 1936,-63,-175,229,131,89,99,
 1937,-70,-177,218,140,89,98,
 1938,-72,-183,218,142,70,100,
 1939,-70,-186,218,147,86,105,
 1940,-65,-181,217,137,75,100,
 1941,-71,-183,212,120,89,104,
 1942,-68,-167,214,126,87,101,
 1943,-70,-178,220,133,65,108,
 1944,-71,-176,222,143,81,106,
 1945,-70,-168,214,145,77,109,
 1946,-65,-189,220,132,81,105,
 1947,-71,-168,224,131,89,107,
 1948,-75,-179,219,119,84,103,
 1949,-71,-180,224,132,96,105,
 1950,-73,-175,212,140,81,102,
 1951,-75,-175,221,139,83,106,
 1952,-69,-181,213,137,87,103,
 1953,-66,-165,218,132,80,105,
 1954,-66,-183,217,128,104,103,
 1955,-71,-165,220,138,73,104,
 1956,-66,-172,219,128,77,103,
 1957,-69,-184,219,136,82,105,
 1958,-71,-172,217,138,82,102,
 1959,-69,-179,212,131,77,104,
 1960,-73,-178,222,128,80,107,
 1961,-69,-170,221,126,78,102,
 1962,-71,-164,220,128,85,102,
 1963,-74,-161,217,132,81,107,
 1964,-68,-153,212,123,74,106,
 1965,-72,-164,211,128,69,108,
 1966,-70,-160,205,117,63,110,
 1967,-68,-159,213,124,82,103,
 1968,-75,-174,220,126,71,108,
 1969,-72,-180,210,129,71,100,
 1970,-70,-165,217,129,73,109,
 1971,-68,-167,214,130,75,103,
 1972,-67,-168,209,127,71,106,
 1973,-65,-169,207,116,80,100,
 1974,-70,-167,216,122,69,104,
 1975,-67,-172,215,144,86,106,
 1976,-65,-164,213,132,79,102,
 1977,-67,-169,214,129,83,107,
 1978,-62,-171,215,137,88,100,
 1979,-64,-154,213,122,69,105,
 1980,-69,-161,204,116,73,103,
 1981,-68,-174,215,123,86,105,
 1982,-62,-155,212,131,75,97,
 1983,-71,-162,220,146,70,105,
 1984,-66,-171,211,147,77,102,
 1985,-70,-162,222,145,63,107,
 1986,-64,-163,216,127,66,98,
 1987,-68,-172,211,121,76,99,
 1988,-65,-167,212,134,63,94,
 1989,-68,-159,208,132,76,95,
 1990,-70,-163,218,149,85,101,
 1991,-67,-165,216,151,68,98,
 1992,-64,-158,219,146,74,96,
 1993,-64,-161,217,131,70,97,
 1994,-65,-169,209,124,67,97,
 1995,-67,-154,211,133,70,98,
 1996,-64,-164,213,132,73,95,
 1997,-67,-161,213,142,57,100,
 1998,-61,-163,221,142,61,101,
 1999,-64,-148,205,130,73,101,
 2000,-62,-158,218,124,75,103,
 2001,-67,-147,215,113,63,101,
 2002,-62,-160,212,125,73,101,
 2003,-67,-157,203,126,64,100,
 2004,-66,-152,217,123,66,107,
 2005,-63,-166,215,130,72,100,
 2006,-66,-153,217,131,73,101,
 2007,-63,-159,220,112,74,96,
 2008,-60,-160,216,116,74,97,
 2009,-61,-161,221,113,65,102,
 2010,-64,-158,213,120,67,95,
 2011,-65,-152,206,120,83,99,
 2012,-68,-152,204,128,60,96,
 2013,-62,-154,200,130,56,102,
 2014,-62,-149,203,115,69,97,
 2015,-65,-154,205,114,75,105,
 2016,-64,-146,212,115,57,98,
 2017,-59,-160,209,111,71,99,
 2018,-64,-155,209,117,58,95,
 2019,-66,-158,219,115,66,96,
 2020,-66,-141,219,121,72,103,
 2021,-64,-145,210,118,72,99,
 2022,-64,-149,194,112,69,96,
 2023,-61,-158,203,115,67,103,
 2024,-60,-158,196,117,67,103,
 2025,-60,-147,207,109,79,107,
 2026,-56,-145,214,111,76,102,
 2027,-61,-155,210,112,71,97,
 2028,-58,-155,216,114,67,95,
 2029,-60,-145,214,114,67,99,
 2030,-61,-161,204,107,65,95,
 2031,-62,-145,212,118,66,98,
 2032,-61,-163,209,112,80,96,
 2033,-61,-149,210,114,70,96,
 2034,-63,-144,204,108,55,95,
 2035,-61,-157,204,102,55,103,
 2036,-61,-154,205,109,58,97,
 2037,-57,-155,209,110,70,94,
 2038,-55,-151,202,114,71,96,
 2039,-59,-151,209,102,66,94,
 2040,-56,-152,206,98,68,97,
 2041,-58,-150,203,102,59,96,
 2042,-62,-146,202,104,65,98,
 2043,-56,-144,211,107,58,95,
 2044,-56,-149,200,97,71,97,
 2045,-53,-151,207,109,61,96,
 2046,-56,-151,206,106,52,101,
 2047,-61,-152,203,117,63,99,
 2048,-55,-140,204,107,63,99,
 2049,-56,-143,209,101,60,100,
 2050,-62,-152,207,106,55,96,
 2051,-59,-136,213,101,61,93,
 2052,-57,-142,213,104,67,94,
 2053,-59,-144,210,102,75,92,
 2054,-55,-142,207,100,64,90,
 2055,-57,-150,209,102,60,95,
 2056,-58,-145,205,111,57,94,
 2057,-52,-144,199,108,51,95,
 2058,-55,-136,190,110,69,88,
 2059,-54,-141,198,104,70,88,
 2060,-54,-142,199,110,65,90,
 2061,-56,-147,205,106,67,89,
 2062,-52,-137,208,107,66,89,
 2063,-52,-139,210,106,69,88,
 2064,-50,-136,205,91,60,87,
 2065,-52,-145,210,106,65,85,
 2066,-52,-143,207,103,67,84,
 2067,-54,-145,207,110,75,92,
 2068,-53,-150,202,108,64,87,
 2069,-48,-145,203,111,57,87,
 2070,-55,-133,201,110,58,85,
 2071,-51,-144,189,125,52,85,
 2072,-56,-138,202,127,54,86,
 2073,-53,-145,202,116,56,86,
 2074,-54,-138,197,115,55,85,
 2075,-57,-135,206,105,57,89,
 2076,-48,-133,200,111,67,85,
 2077,-52,-141,201,108,64,85,
 2078,-59,-141,210,106,56,86,
 2079,-52,-146,204,103,52,85,
 2080,-52,-137,205,112,49,81,
 2081,-56,-138,206,116,53,82,
 2082,-50,-138,206,110,55,87,
 2083,-51,-128,202,120,64,82,
 2084,-49,-139,193,121,57,79,
 2085,-53,-133,201,117,51,85,
 2086,-54,-134,192,122,56,83,
 2087,-49,-136,204,115,62,80,
 2088,-52,-135,199,114,64,81,
 2089,-53,-133,201,100,67,86,
 2090,-54,-138,201,96,59,79,
 2091,-51,-135,197,103,53,79,
 2092,-47,-139,203,107,61,81,
 2093,-49,-134,196,97,65,77,
 2094,-49,-139,192,100,65,82,
 2095,-48,-137,200,104,59,82,
 2096,-53,-131,197,99,61,79,
 2097,-50,-135,206,107,57,81,
 2098,-54,-135,203,113,51,77,
