 0,7,3,5,-27,-41,-11,
 1,7,3,5,-28,-41,-11,
 2,6,3,4,-27,-41,-10,
 3,7,4,5,-28,-41,-11,
 4,6,3,4,-27,-41,-11,
 5,6,3,5,-28,-41,-11,
 6,6,3,4,-27,-41,-11,
 7,7,3,5,-27,-40,-11,
 8,7,3,5,-27,-41,-11,
 9,6,4,4,-28,-41,-11,
 10,6,2,4,-27,-41,-12,
 11,7,4,4,-27,-40,-12,
 12,6,3,5,-28,-41,-12,
 13,7,4,4,-27,-41,-12,
 14,6,3,4,-28,-41,-12,
 15,7,4,5,-27,-40,-13,
 16,7,2,4,-27,-40,-13,
 17,7,3,5,-28,-41,-13,
 18,7,3,5,-27,-41,-14,
 19,7,2,6,-27,-41,-14,
 20,7,2,6,-27,-41,-14,
 21,7,2,7,-27,-40,-14,
 22,7,2,8,-25,-40,-15,
 23,6,1,10,-25,-40,-15,
 24,7,1,12,-26,-39,-16,
 25,7,0,14,-25,-39,-17,
 26,7,0,17,-25,-39,-18,
 27,6,-3,19,-23,-38,-20,
 28,6,-4,20,-21,-38,-22,
 29,7,-6,21,-21,-38,-25,
 30,7,-8,25,-17,-36,-28,
 31,7,-10,28,-14,-34,-32,
 32,7,-10,31,-12,-33,-36,
 33,6,-10,35,-8,-31,-40,
 34,7,-11,38,-5,-28,-46,
 35,6,-11,40,-2,-26,-50,
 36,5,-12,43,0,-24,-58,
 37,5,-12,46,5,-21,-66,
 38,4,-12,48,6,-17,-74,
 39,4,-12,51,10,-15,-81,
 40,2,-12,56,13,-11,-92,
 41,2,-11,57,15,-8,-104,
 42,1,-10,54,15,-5,-115,
 43,0,-11,47,16,-3,-127,
 44,-2,-13,45,16,-1,-139,
 45,-4,-14,49,18,0,-148,
 46,-6,-16,51,20,4,-154,
 47,-9,-17,54,19,6,-146,
 48,-11,-19,57,18,8,-133,
 49,-11,-20,63,23,10,-131,
 50,-11,-21,67,27,12,-130,
 51,-11,-21,67,31,12,-130,
 52,-12,-19,68,35,15,-129,
 53,-14,-17,77,36,16,-128,
 54,-15,-17,78,37,17,-126,
 55,-15,-17,74,37,17,-127,
 56,-16,-20,80,38,18,-125,
 57,-16,-29,78,37,17,-124,
 58,-15,-38,85,37,18,-125,
 59,-15,-41,90,37,19,-126,
 60,-15,-41,91,37,19,-128,
 61,-15,-35,99,39,19,-129,
 62,-15,-35,94,42,20,-128,
 63,-16,-37,97,45,20,-126,
 64,-16,-42,93,46,22,-123,
 65,-15,-51,89,46,23,-121,
 66,-16,-55,93,43,25,-124,
 67,-15,-59,93,43,26,-129,
 68,-17,-58,92,47,29,-133,
 69,-18,-59,97,50,30,-133,
 70,-20,-62,99,52,31,-128,
 71,-20,-61,94,52,32,-126,
 72,-22,-61,97,51,32,-129,
 73,-22,-64,99,50,33,-133,
 74,-24,-65,98,53,32,-134,
 75,-23,-63,97,56,32,-128,
 76,-23,-62,101,56,30,-123,
 77,-23,-67,102,54,30,-127,
 78,-22,-66,100,56,31,-131,
 79,-21,-63,103,61,32,-125,
 80,-20,-68,103,62,34,-124,
 81,-20,-64,99,59,35,-128,
 82,-20,-63,98,60,36,-131,
 83,-21,-68,98,63,37,-124,
 84,-22,-67,97,64,37,-119,
 85,-22,-68,91,59,36,-126,
 86,-23,-69,97,65,35,-126,
 87,-24,-65,95,63,32,-122,
 88,-24,-70,93,60,31,-127,
 89,-22,-64,98,62,32,-126,
 90,-21,-70,90,61,33,-117,
 91,-21,-64,94,60,34,-121,
 92,-21,-65,97,66,35,-119,
 93,-23,-56,98,62,37,-117,
 94,-27,-63,91,64,32,-124,
 95,-29,-62,91,62,32,-122,
 96,-28,-63,92,64,34,-122,
 97,-29,-64,93,66,35,-121,
 98,-30,-65,91,61,37,-112,
 99,-32,-71,90,65,38,-120,
 100,-35,-63,89,62,37,-114,
 101,-37,-66,91,66,34,-125,
 102,-38,-61,89,63,31,-120,
 103,-37,-58,95,68,30,-124,
 104,-36,-64,97,64,31,-121,
 105,-38,-59,102,68,32,-120,
 106,-41,-62,94,67,33,-118,
 107,-41,-71,92,65,34,-123,
 108,-40,-66,89,70,34,-123,
 109,-37,-65,95,65,33,-130,
 110,-38,-67,95,66,32,-123,
 111,-40,-63,91,67,30,-125,
 112,-43,-56,93,62,31,-116,
 113,-40,-59,90,65,34,-122,
 114,-39,-63,92,68,37,-124,
 115,-37,-69,91,63,35,-121,
 116,-39,-74,85,66,35,-128,
 117,-41,-65,92,71,33,-122,
 118,-40,-58,88,68,31,-122,
 119,-38,-60,92,68,30,-129,
 120,-40,-62,90,69,30,-124,
 121,-45,-66,91,68,32,-124,
 122,-44,-69,88,72,35,-126,
 123,-41,-67,91,75,34,-123,
 124,-40,-64,92,72,35,-117,
 125,-42,-61,92,70,33,-123,
 126,-42,-65,87,67,30,-130,
 127,-39,-67,88,71,28,-127,
 128,-43,-70,86,70,30,-122,
 129,-46,-70,86,70,34,-117,
 130,-46,-69,84,70,35,-120,
 131,-42,-69,94,70,36,-123,
 132,-44,-74,92,72,35,-121,
 133,-47,-69,94,78,35,-124,
 134,-42,-64,96,76,32,-127,
 135,-44,-65,98,73,30,-123,
 136,-47,-63,85,73,30,-114,
 137,-43,-68,85,71,30,-117,
 138,-41,-65,89,71,32,-117,
 139,-46,-69,94,77,34,-116,
 140,-42,-64,97,75,35,-115,
 141,-41,-58,100,70,35,-117,
 142,-45,-66,94,72,36,-116,
 143,-41,-64,96,71,36,-114,
 144,-44,-62,95,66,36,-111,
 145,-47,-61,91,72,36,-113,
 146,-43,-62,92,71,34,-115,
 147,-47,-76,86,69,33,-115,
 148,-46,-63,86,70,32,-115,
 149,-43,-69,85,63,32,-120,
 150,-47,-67,89,67,32,-113,
 151,-43,-75,94,68,31,-117,
 152,-48,-65,91,73,31,-121,
 153,-49,-60,88,85,31,-115,
 154,-45,-67,101,89,30,-113,
 155,-48,-63,91,95,29,-112,
 156,-42,-63,99,88,29,-117,
 157,-48,-64,98,87,28,-117,
 158,-44,-63,86,86,24,-119,
 159,-48,-59,91,82,17,-114,
 160,-46,-58,85,81,7,-115,
 161,-47,-70,95,78,0,-116,
 162,-46,-69,90,74,-8,-110,
 163,-44,-61,92,80,-14,-108,
 164,-47,-66,99,79,-16,-116,
 165,-46,-71,96,78,-16,-107,
 166,-46,-68,96,81,-22,-114,
 167,-47,-75,94,82,-25,-113,
 168,-48,-78,99,82,-22,-108,
 169,-47,-76,91,73,-25,-109,
 170,-47,-73,94,74,-30,-108,
 171,-47,-76,92,75,-32,-116,
 172,-46,-69,89,77,-32,-113,
 173,-49,-66,92,81,-31,-105,
 174,-45,-65,90,80,-29,-115,
 175,-50,-61,96,80,-29,-113,
 176,-44,-63,90,79,-32,-119,
 177,-48,-69,97,78,-45,-111,
 178,-48,-66,89,79,-59,-116,
 179,-46,-70,93,87,-57,-117,
 180,-48,-70,88,86,-62,-110,
 181,-44,-67,98,86,-68,-111,
 182,-51,-78,95,83,-69,-109,
 183,-48,-67,92,89,-67,-111,
 184,-46,-67,97,85,-66,-109,
 185,-52,-69,95,79,-64,-105,
 186,-47,-59,94,89,-62,-105,
 187,-49,-66,91,86,-64,-105,
 188,-51,-67,94,82,-66,-103,
 189,-44,-67,98,88,-61,-107,
 190,-45,-72,105,84,-67,-111,
 191,-50,-66,99,80,-64,-106,
 192,-46,-72,95,84,-69,-102,
 193,-48,-70,97,87,-68,-103,
 194,-54,-83,96,83,-65,-104,
 195,-48,-79,97,86,-70,-102,
 196,-46,-75,99,83,-70,-104,
 197,-53,-84,86,87,-74,-102,
 198,-52,-77,91,80,-76,-100,
 199,-46,-72,97,89,-75,-107,
 200,-50,-67,100,94,-80,-104,
 201,-53,-75,98,95,-71,-108,
 202,-53,-71,99,95,-77,-107,
 203,-47,-77,89,97,-79,-108,
 204,-44,-66,97,93,-76,-104,
 205,-50,-77,94,95,-84,-102,
 206,-50,-73,86,84,-82,-99,
 207,-49,-77,96,87,-75,-105,
 208,-46,-73,94,87,-74,-101,
 209,-45,-74,95,95,-81,-105,
 210,-49,-71,94,98,-82,-108,
 211,-50,-78,91,101,-77,-105,
 212,-50,-75,101,102,-77,-107,
 213,-48,-80,97,97,-78,-106,
 214,-47,-73,100,96,-79,-111,
 215,-49,-71,100,95,-80,-105,
 216,-51,-80,99,98,-79,-109,
 217,-51,-81,93,97,-81,-111,
 218,-51,-68,100,104,-83,-109,
 219,-51,-77,101,102,-78,-110,
 220,-49,-73,101,106,-81,-107,
 221,-46,-82,102,113,-81,-107,
 222,-48,-72,104,109,-75,-106,
 223,-48,-80,109,110,-73,-106,
 224,-48,-78,103,111,-86,-111,
 225,-47,-83,105,114,-86,-109,
 226,-47,-74,99,104,-81,-111,
 227,-47,-79,98,105,-80,-113,
 228,-49,-78,106,101,-83,-116,
 229,-54,-74,101,100,-86,-119,
 230,-54,-76,102,102,-87,-117,
 231,-55,-77,96,110,-83,-116,
 232,-52,-84,103,112,-82,-117,
 233,-51,-75,100,97,-86,-114,
 234,-52,-85,110,108,-88,-115,
 235,-57,-82,104,122,-88,-117,
 236,-52,-77,102,124,-81,-126,
 237,-54,-78,102,128,-88,-127,
 238,-52,-81,106,124,-87,-117,
 239,-49,-64,107,112,-91,-119,
 240,-51,-85,110,106,-88,-122,
 241,-51,-78,107,110,-85,-121,
 242,-53,-77,108,118,-85,-116,
 243,-49,-79,99,115,-86,-120,
 244,-56,-72,109,112,-87,-114,
 245,-53,-83,101,107,-88,-113,
 246,-58,-74,113,128,-87,-118,
 247,-55,-83,112,134,-91,-115,
 248,-56,-88,112,121,-90,-114,
 249,-53,-80,109,115,-90,-113,
 250,-52,-88,103,104,-86,-121,
 251,-51,-88,102,100,-91,-121,
 252,-55,-87,101,101,-86,-117,
 253,-57,-80,102,110,-87,-115,
 254,-55,-74,106,113,-89,-113,
 255,-52,-82,101,113,-88,-115,
 256,-51,-85,107,116,-88,-114,
 257,-54,-86,100,123,-89,-113,
 258,-58,-83,105,113,-87,-116,
 259,-54,-89,102,108,-88,-115,
 260,-52,-88,107,105,-91,-111,
 261,-52,-83,101,107,-88,-113,
 262,-57,-86,103,108,-89,-122,
 263,-57,-87,108,112,-88,-120,
 264,-52,-88,114,109,-94,-116,
 265,-50,-94,110,110,-92,-112,
 266,-57,-93,103,114,-91,-120,
 267,-57,-91,107,111,-91,-109,
 268,-56,-88,110,112,-93,-109,
 269,-51,-84,109,107,-98,-114,
 270,-57,-83,108,110,-88,-112,
 271,-55,-88,112,111,-95,-114,
 272,-49,-90,103,109,-94,-112,
 273,-52,-87,98,111,-108,-120,
 274,-56,-78,102,115,-96,-116,
 275,-52,-89,103,116,-97,-115,
 276,-52,-88,105,109,-86,-113,
 277,-58,-89,97,103,-93,-113,
 278,-51,-89,101,114,-93,-114,
 279,-56,-95,99,113,-95,-110,
 280,-56,-96,110,104,-92,-114,
 281,-53,-96,108,109,-101,-113,
 282,-57,-87,108,115,-98,-113,
 283,-54,-92,99,106,-100,-119,
 284,-55,-85,108,106,-101,-111,
 285,-56,-85,109,115,-95,-110,
 286,-53,-88,109,112,-101,-111,
 287,-60,-90,111,112,-100,-112,
 288,-58,-90,102,121,-110,-108,
 289,-56,-89,113,118,-105,-110,
 290,-56,-88,105,110,-103,-108,
 291,-51,-90,111,110,-112,-105,
 292,-59,-95,111,122,-100,-105,
 293,-54,-94,105,109,-92,-108,
 294,-61,-88,110,106,-111,-103,
 295,-51,-94,106,112,-102,-104,
 296,-61,-90,102,122,-94,-112,
 297,-58,-88,107,122,-105,-105,
 298,-63,-92,97,117,-96,-104,
 299,-53,-92,101,125,-102,-105,
 300,-59,-92,99,119,-110,-109,
 301,-58,-90,103,116,-96,-105,
 302,-62,-86,108,108,-106,-110,
 303,-55,-92,107,121,-106,-107,
 304,-60,-93,101,122,-97,-104,
 305,-57,-96,107,127,-106,-103,
 306,-56,-95,100,121,-94,-105,
 307,-58,-98,105,125,-96,-105,
 308,-51,-88,115,120,-103,-105,
 309,-60,-82,104,133,-90,-110,
 310,-54,-93,108,133,-114,-109,
 311,-57,-98,111,144,-96,-102,
 312,-56,-96,99,130,-104,-107,
 313,-54,-90,105,131,-104,-105,
 314,-53,-96,106,118,-94,-101,
 315,-53,-95,105,124,-112,-102,
 316,-60,-104,101,131,-93,-110,
 317,-61,-98,109,145,-113,-102,
 318,-55,-97,103,134,-99,-106,
 319,-60,-104,110,132,-115,-108,
 320,-59,-95,106,128,-100,-107,
 321,-60,-94,109,119,-117,-104,
 322,-62,-87,93,134,-107,-103,
 323,-60,-92,113,137,-110,-107,
 324,-63,-95,109,134,-104,-110,
 325,-63,-100,105,130,-116,-103,
 326,-57,-94,110,126,-103,-104,
 327,-57,-98,113,119,-109,-107,
 328,-63,-97,111,140,-106,-107,
 329,-59,-100,109,141,-112,-104,
 330,-57,-106,109,133,-104,-101,
 331,-62,-99,107,119,-108,-104,
 332,-61,-99,106,125,-109,-109,
 333,-58,-97,110,134,-111,-102,
 334,-59,-96,110,133,-102,-104,
 335,-64,-96,108,128,-116,-105,
 336,-60,-94,104,125,-99,-100,
 337,-58,-100,103,125,-97,-104,
 338,-61,-91,107,126,-99,-101,
 339,-62,-98,108,141,-100,-96,
 340,-62,-99,100,139,-120,-94,
 341,-60,-104,108,130,-104,-100,
 342,-54,-115,107,125,-124,-105,
 343,-58,-111,102,121,-103,-100,
 344,-62,-109,112,127,-111,-98,
 345,-59,-98,105,138,-120,-95,
 346,-52,-100,103,130,-109,-98,
 347,-60,-101,101,122,-116,-98,
 348,-59,-102,111,129,-115,-94,
 349,-60,-109,100,137,-115,-100,
 350,-63,-97,102,140,-115,-94,
 351,-59,-101,106,131,-112,-90,
 352,-57,-97,108,138,-111,-91,
 353,-59,-100,104,136,-113,-91,
 354,-64,-103,101,141,-102,-98,
 355,-63,-107,98,134,-100,-93,
 356,-62,-103,96,137,-110,-93,
 357,-65,-103,100,130,-124,-100,
 358,-58,-100,100,137,-114,-95,
 359,-57,-103,108,143,-108,-98,
 360,-64,-98,100,151,-110,-101,
 361,-66,-103,102,137,-111,-100,
 362,-65,-107,104,139,-113,-100,
 363,-61,-104,96,139,-114,-93,
 364,-65,-106,110,163,-113,-91,
 365,-66,-110,108,141,-105,-92,
 366,-67,-101,102,138,-109,-91,
 367,-65,-104,104,136,-124,-91,
 368,-59,-108,104,160,-113,-94,
 369,-60,-94,105,155,-117,-94,
 370,-60,-102,105,146,-117,-99,
 371,-61,-110,105,144,-118,-98,
 372,-60,-107,103,147,-112,-100,
 373,-62,-105,97,154,-100,-102,
 374,-55,-109,104,148,-118,-105,
 375,-58,-107,110,132,-120,-105,
 376,-57,-110,109,148,-115,-100,
 377,-59,-111,102,151,-113,-99,
 378,-57,-109,108,148,-112,-102,
 379,-63,-112,112,135,-113,-102,
 380,-59,-103,109,148,-110,-99,
 381,-63,-106,104,159,-122,-102,
 382,-60,-108,109,146,-109,-100,
 383,-66,-101,113,143,-116,-105,
 384,-62,-109,107,136,-114,-97,
 385,-62,-105,106,142,-104,-100,
 386,-65,-109,100,149,-112,-98,
 387,-60,-110,107,133,-118,-97,
 388,-63,-109,109,140,-109,-96,
 389,-66,-110,100,147,-108,-98,
 390,-60,-106,107,149,-116,-95,
 391,-64,-108,109,139,-124,-97,
 392,-67,-110,101,126,-122,-102,
 393,-66,-104,103,148,-133,-101,
 394,-66,-101,104,145,-126,-97,
 395,-62,-103,113,140,-127,-93,
 396,-60,-101,110,146,-116,-97,
 397,-66,-102,100,157,-129,-96,
 398,-64,-106,97,145,-122,-93,
 399,-60,-106,101,131,-112,-91,
 400,-66,-113,104,147,-119,-88,
 401,-60,-119,111,156,-135,-91,
 402,-63,-120,107,143,-123,-86,
 403,-62,-116,109,141,-126,-87,
 404,-57,-104,99,157,-132,-87,
 405,-57,-110,103,165,-125,-92,
 406,-63,-112,93,150,-124,-92,
 407,-63,-109,90,141,-120,-89,
 408,-63,-106,94,161,-124,-90,
 409,-58,-106,104,151,-118,-85,
 410,-58,-112,108,135,-115,-87,
 411,-59,-109,104,160,-122,-89,
 412,-64,-106,102,176,-117,-87,
 413,-59,-116,103,148,-112,-88,
 414,-60,-108,108,145,-114,-86,
 415,-61,-116,105,164,-123,-83,
 416,-64,-114,106,147,-127,-86,
 417,-65,-109,104,129,-119,-84,
 418,-67,-115,105,155,-120,-86,
 419,-65,-116,105,152,-117,-81,
 420,-61,-112,115,146,-115,-81,
 421,-61,-113,107,135,-120,-83,
 422,-63,-110,105,160,-113,-83,
 423,-60,-116,109,140,-127,-79,
 424,-60,-115,108,137,-123,-83,
 425,-69,-119,114,163,-123,-86,
 426,-64,-110,98,149,-117,-80,
 427,-67,-110,103,146,-120,-81,
 428,-61,-96,105,162,-127,-85,
 429,-65,-113,104,157,-120,-78,
 430,-60,-116,106,147,-115,-80,
 431,-62,-116,103,151,-117,-77,
 432,-67,-118,107,158,-142,-82,
 433,-62,-113,110,150,-133,-80,
 434,-63,-110,111,138,-126,-85,
 435,-58,-117,113,161,-117,-80,
 436,-59,-116,99,160,-138,-84,
 437,-62,-115,109,142,-123,-82,
 438,-61,-114,109,171,-122,-77,
 439,-62,-112,107,178,-122,-84,
 440,-61,-104,106,151,-119,-83,
 441,-60,-111,104,163,-114,-81,
 442,-62,-113,100,174,-125,-83,
 443,-60,-111,98,160,-126,-87,
 444,-59,-109,104,159,-117,-91,
 445,-67,-115,107,166,-126,-86,
 446,-66,-112,100,157,-119,-84,
 447,-68,-109,101,150,-127,-82,
 448,-63,-115,99,166,-120,-81,
 449,-62,-112,101,151,-122,-79,
 450,-61,-119,107,148,-132,-74,
 451,-65,-120,106,169,-128,-65,
 452,-65,-118,92,161,-122,-48,
 453,-68,-116,107,150,-118,-32,
 454,-65,-116,101,159,-132,-10,
 455,-61,-112,99,150,-130,19,
 456,-68,-114,94,155,-120,42,
 457,-70,-114,100,168,-122,69,
 458,-61,-116,101,156,-121,64,
 459,-67,-114,104,147,-115,75,
 460,-60,-117,101,159,-135,76,
 461,-65,-115,96,143,-137,76,
 462,-68,-125,101,143,-123,76,
 463,-66,-132,97,166,-118,74,
 464,-64,-131,98,156,-128,76,
 465,-60,-128,97,154,-125,76,
 466,-59,-123,99,171,-127,76,
 467,-61,-123,92,166,-130,78,
 468,-66,-126,97,166,-127,76,
 469,-62,-124,105,180,-118,78,
 470,-61,-121,101,152,-114,75,
 471,-63,-117,93,184,-125,79,
 472,-61,-120,103,183,-136,80,
 473,-68,-129,97,148,-125,75,
 474,-63,-116,97,179,-120,76,
 475,-64,-121,110,170,-116,83,
 476,-63,-129,96,139,-135,84,
 477,-67,-127,98,180,-128,85,
 478,-70,-127,96,161,-121,82,
 479,-63,-120,95,159,-123,85,
 480,-59,-123,103,165,-132,86,
 481,-66,-123,94,160,-114,86,
 482,-67,-117,105,169,-127,85,
 483,-62,-123,106,155,-139,91,
 484,-64,-126,94,155,-126,86,
 485,-62,-125,93,173,-128,88,
 486,-64,-124,99,159,-126,87,
 487,-64,-118,103,157,-139,92,
 488,-62,-127,102,173,-137,93,
 489,-61,-125,97,154,-115,90,
 490,-60,-123,97,166,-119,92,
 491,-66,-128,95,179,-137,92,
 492,-65,-116,98,154,-122,94,
 493,-62,-118,97,175,-111,94,
 494,-59,-116,92,178,-130,94,
 495,-59,-121,90,155,-130,96,
 496,-64,-130,97,182,-125,101,
 497,-65,-128,93,179,-127,100,
 498,-58,-115,99,168,-127,97,
 499,-60,-124,104,192,-123,96,
 500,-61,-120,105,164,-127,104,
 501,-67,-125,98,181,-140,96,
 502,-66,-124,99,173,-137,95,
 503,-64,-123,92,163,-126,93,
 504,-61,-126,98,186,-112,92,
 505,-63,-124,92,169,-129,98,
 506,-68,-123,97,189,-144,104,
 507,-64,-125,102,173,-117,105,
 508,-64,-121,100,148,-126,103,
 509,-65,-124,100,179,-130,95,
 510,-63,-120,94,167,-124,98,
 511,-72,-127,95,171,-142,99,
 512,-72,-128,95,179,-123,98,
 513,-68,-128,104,165,-122,97,
 514,-63,-129,93,176,-135,99,
 515,-59,-127,93,169,-138,99,
 516,-66,-133,94,164,-136,97,
 517,-68,-133,95,168,-132,95,
 518,-60,-129,96,167,-133,97,
 519,-68,-129,95,178,-129,97,
 520,-59,-122,95,183,-132,98,
 521,-63,-129,97,176,-133,103,
 522,-68,-132,102,185,-140,102,
 523,-65,-131,104,154,-117,95,
 524,-65,-121,96,188,-127,95,
 525,-64,-118,98,179,-147,98,
 526,-61,-128,94,166,-117,94,
 527,-69,-128,104,193,-130,103,
 528,-69,-131,94,157,-134,105,
 529,-64,-137,98,175,-135,100,
 530,-65,-139,103,171,-119,102,
 531,-62,-130,107,170,-119,98,
 532,-64,-128,95,173,-137,95,
 533,-71,-133,102,151,-136,94,
 534,-69,-136,97,168,-118,93,
 535,-65,-122,103,167,-137,101,
 536,-65,-125,105,165,-123,95,
 537,-66,-130,98,171,-125,94,
 538,-69,-136,102,160,-142,102,
 539,-69,-130,102,179,-116,96,
 540,-62,-135,97,150,-113,99,
 541,-64,-133,98,171,-134,101,
 542,-61,-133,98,172,-130,98,
 543,-63,-132,101,159,-110,104,
 544,-62,-138,94,184,-115,100,
 545,-69,-130,102,159,-146,95,
 546,-66,-137,101,189,-112,98,
 547,-65,-128,104,183,-105,97,
 548,-65,-134,99,174,-137,108,
 549,-64,-137,91,189,-124,104,
 550,-69,-137,96,160,-133,101,
 551,-68,-128,99,201,-131,101,
 552,-67,-132,98,168,-124,101,
 553,-67,-131,101,180,-130,97,
 554,-61,-127,101,168,-135,108,
 555,-64,-136,104,167,-137,112,
 556,-64,-135,104,182,-123,105,
 557,-73,-136,100,164,-136,105,
 558,-72,-130,91,175,-141,101,
 559,-69,-128,92,163,-113,103,
 560,-71,-124,96,178,-144,111,
 561,-70,-139,93,172,-125,102,
 562,-63,-135,102,177,-123,103,
 563,-62,-133,98,187,-133,112,
 564,-67,-127,101,159,-119,110,
 565,-64,-130,98,183,-118,108,
 566,-70,-132,102,166,-128,105,
 567,-69,-134,100,187,-119,113,
 568,-64,-133,91,187,-104,112,
 569,-66,-135,98,176,-115,109,
 570,-60,-138,97,199,-137,110,
 571,-65,-137,92,168,-110,107,
 572,-63,-133,95,201,-139,105,
 573,-61,-135,97,168,-125,111,
 574,-66,-132,101,194,-114,107,
 575,-62,-135,92,178,-139,109,
 576,-58,-133,103,174,-134,109,
 577,-63,-133,101,182,-135,109,
 578,-66,-138,101,162,-131,116,
 579,-69,-143,97,184,-129,117,
 580,-67,-139,97,155,-117,110,
 581,-68,-140,98,176,-132,110,
 582,-61,-135,91,165,-135,118,
 583,-62,-136,90,183,-114,115,
 584,-64,-136,96,173,-129,119,
 585,-63,-136,94,166,-127,119,
 586,-61,-127,93,175,-121,123,
 587,-64,-136,87,163,-135,122,
 588,-62,-135,97,180,-116,121,
 589,-67,-132,96,153,-128,122,
 590,-70,-138,92,188,-130,116,
 591,-69,-139,94,173,-113,117,
 592,-70,-137,97,184,-110,120,
 593,-67,-135,96,190,-132,123,
 594,-62,-137,97,183,-127,117,
 595,-67,-152,93,192,-110,117,
 596,-62,-137,94,167,-129,111,
 597,-64,-141,94,194,-119,117,
 598,-68,-133,94,168,-127,118,
 599,-64,-128,93,190,-121,119,
 600,-67,-136,96,167,-110,117,
 601,-61,-136,99,180,-123,123,
 602,-66,-137,97,174,-128,116,
 603,-63,-138,95,182,-128,107,
 604,-63,-131,90,181,-116,108,
 605,-61,-138,89,158,-137,111,
 606,-63,-132,89,177,-121,119,
 607,-61,-139,89,167,-118,113,
 608,-58,-143,84,183,-131,115,
 609,-60,-134,90,168,-120,118,
 610,-63,-141,89,188,-123,128,
 611,-59,-138,98,167,-117,124,
 612,-66,-135,94,185,-109,116,
 613,-60,-138,92,181,-117,116,
 614,-61,-139,96,176,-129,118,
 615,-65,-143,91,198,-113,117,
 616,-66,-142,89,168,-121,117,
 617,-67,-144,95,200,-131,116,
 618,-64,-145,90,168,-119,117,
 619,-65,-138,92,190,-124,113,
 620,-70,-142,86,167,-113,117,
 621,-68,-144,85,185,-111,119,
 622,-60,-143,93,163,-128,120,
 623,-64,-141,89,169,-117,111,
 624,-67,-136,90,177,-119,118,
 625,-67,-142,96,169,-113,120,
 626,-68,-147,91,170,-131,119,
 627,-64,-147,92,169,-114,118,
 628,-64,-152,97,182,-109,117,
 629,-58,-140,89,167,-116,115,
 630,-65,-145,94,190,-118,118,
 631,-61,-141,99,159,-136,109,
 632,-63,-140,95,180,-106,117,
 633,-65,-142,92,179,-127,115,
 634,-62,-148,95,186,-129,113,
 635,-65,-147,98,189,-114,115,
 636,-63,-143,92,176,-127,120,
 637,-63,-144,97,194,-130,120,
 638,-65,-150,89,171,-122,119,
 639,-66,-144,87,198,-105,122,
 640,-63,-149,89,166,-122,124,
 641,-64,-149,92,191,-125,126,
 642,-66,-140,88,178,-105,120,
 643,-64,-142,91,186,-128,120,
 644,-67,-136,87,168,-110,115,
 645,-67,-147,91,163,-115,119,
 646,-65,-150,91,179,-121,125,
 647,-67,-155,90,161,-109,132,
 648,-69,-152,95,170,-118,126,
 649,-67,-157,91,160,-123,129,
 650,-69,-147,91,172,-125,120,
 651,-67,-149,91,153,-107,120,
 652,-65,-148,93,177,-125,125,
 653,-63,-151,89,158,-113,127,
 654,-67,-149,88,175,-101,125,
 655,-67,-150,95,159,-128,128,
 656,-64,-157,89,175,-109,124,
 657,-62,-155,92,179,-120,121,
 658,-64,-153,95,174,-130,123,
 659,-62,-152,93,198,-109,118,
 660,-61,-143,98,164,-110,132,
 661,-61,-154,89,204,-111,121,
 662,-61,-148,93,167,-114,124,
 663,-61,-152,96,195,-101,125,
 664,-62,-150,95,166,-114,130,
 665,-58,-154,91,180,-119,130,
 666,-59,-146,93,166,-101,121,
 667,-64,-146,92,173,-108,121,
 668,-60,-157,94,166,-112,122,
 669,-67,-149,95,161,-105,122,
 670,-67,-143,95,165,-123,126,
 671,-66,-145,95,166,-114,114,
 672,-66,-154,95,177,-109,124,
 673,-62,-157,98,154,-112,124,
 674,-60,-147,92,174,-112,123,
 675,-61,-155,101,161,-101,118,
 676,-65,-151,100,173,-106,117,
 677,-63,-146,98,168,-126,118,
 678,-67,-138,99,162,-114,110,
 679,-68,-151,97,169,-103,112,
 680,-66,-155,101,168,-123,118,
 681,-62,-155,97,187,-108,110,
 682,-62,-150,93,164,-97,117,
 683,-63,-153,97,199,-114,114,
 684,-59,-148,99,175,-101,122,
 685,-63,-154,93,177,-92,115,
 686,-61,-147,99,172,-104,115,
 687,-66,-158,98,164,-115,118,
 688,-65,-155,98,180,-106,120,
 689,-60,-153,99,156,-77,121,
 690,-60,-146,95,170,-93,122,
 691,-62,-148,101,153,-126,111,
 692,-59,-153,96,171,-100,116,
 693,-55,-153,98,150,-107,113,
 694,-58,-153,101,177,-102,116,
 695,-57,-156,102,173,-116,120,
 696,-63,-157,99,156,-124,124,
 697,-62,-154,99,166,-96,123,
 698,-66,-143,100,155,-97,116,
 699,-61,-153,98,173,-104,117,
 700,-59,-145,96,158,-112,122,
 701,-60,-153,99,184,-104,112,
 702,-59,-154,97,154,-99,110,
 703,-63,-147,99,176,-104,107,
 704,-65,-156,97,172,-128,111,
 705,-66,-154,94,177,-90,117,
 706,-63,-148,102,183,-99,116,
 707,-63,-145,97,161,-123,122,
 708,-59,-154,93,181,-103,117,
 709,-64,-155,97,149,-99,115,
 710,-58,-153,103,187,-117,117,
 711,-61,-151,105,159,-115,122,
 712,-61,-155,105,169,-99,123,
 713,-59,-153,103,166,-98,118,
 714,-63,-153,105,149,-110,125,
 715,-65,-160,96,172,-104,120,
 716,-60,-156,102,152,-94,115,
 717,-64,-146,96,180,-97,116,
 718,-62,-145,105,159,-110,113,
 719,-58,-155,105,166,-104,119,
 720,-64,-153,99,153,-88,114,
 721,-66,-162,106,154,-90,123,
 722,-58,-166,106,169,-108,120,
 723,-57,-155,104,152,-100,114,
 724,-60,-146,108,169,-89,119,
 725,-65,-146,105,165,-100,117,
 726,-62,-148,108,171,-104,123,
 727,-55,-156,107,169,-93,120,
 728,-57,-157,107,152,-98,114,
 729,-63,-151,109,182,-95,117,
 730,-64,-161,104,153,-109,113,
 731,-60,-151,115,188,-110,117,
 732,-59,-155,109,165,-83,118,
 733,-64,-159,107,161,-76,116,
 734,-60,-152,107,176,-99,119,
 735,-65,-159,111,148,-113,122,
 736,-58,-151,110,168,-92,117,
 737,-59,-165,112,152,-94,129,
 738,-59,-171,104,161,-105,115,
 739,-64,-158,113,145,-102,115,
 740,-61,-148,110,151,-92,122,
 741,-61,-158,112,171,-83,115,
 742,-62,-165,101,144,-104,110,
 743,-65,-156,109,173,-105,119,
 744,-57,-155,110,163,-86,122,
 745,-59,-159,112,155,-96,110,
 746,-63,-154,107,169,-103,107,
 747,-65,-159,110,154,-102,116,
 748,-60,-168,112,167,-96,115,
 749,-62,-159,102,157,-89,110,
 750,-60,-162,105,168,-91,113,
 751,-66,-150,109,176,-99,110,
 752,-60,-147,106,156,-99,114,
 753,-61,-157,109,181,-92,106,
 754,-65,-159,109,173,-90,112,
 755,-64,-161,109,170,-90,112,
 756,-58,-148,115,180,-102,117,
 757,-58,-149,114,148,-97,108,
 758,-63,-159,119,181,-91,109,
 759,-57,-155,111,150,-83,105,
 760,-55,-153,112,154,-88,120,
 761,-59,-159,114,161,-93,115,
 762,-63,-158,117,146,-90,118,
 763,-60,-160,116,168,-86,116,
 764,-57,-159,113,138,-84,123,
 765,-58,-147,115,159,-86,113,
 766,-61,-156,107,156,-101,118,
 767,-56,-159,113,147,-88,112,
 768,-58,-153,110,158,-75,111,
 769,-59,-157,118,141,-71,117,
 770,-62,-153,116,159,-87,122,
 771,-55,-152,107,148,-83,114,
 772,-59,-166,120,152,-79,110,
 773,-66,-159,112,166,-88,115,
 774,-66,-148,117,182,-84,115,
 775,-65,-161,122,151,-89,113,
 776,-59,-163,121,144,-85,113,
 777,-62,-162,122,171,-74,114,
 778,-63,-156,122,142,-79,111,
 779,-61,-158,121,168,-83,109,
 780,-61,-156,122,159,-80,109,
 781,-64,-165,110,137,-77,114,
 782,-59,-166,116,159,-84,114,
 783,-55,-157,114,136,-85,117,
 784,-61,-159,115,152,-76,118,
 785,-58,-154,121,158,-89,119,
 786,-61,-163,114,137,-80,127,
 787,-62,-159,121,154,-78,131,
 788,-59,-153,125,150,-83,130,
 789,-59,-170,123,131,-86,131,
 790,-56,-157,127,155,-86,124,
 791,-56,-157,127,148,-79,120,
 792,-60,-157,119,143,-77,115,
 793,-62,-164,128,157,-65,114,
 794,-57,-164,119,124,-77,114,
 795,-62,-156,119,141,-87,113,
 796,-56,-160,128,147,-81,115,
 797,-61,-166,124,140,-70,107,
 798,-60,-166,126,155,-74,106,
 799,-56,-159,126,158,-75,111,
 800,-56,-154,125,138,-65,108,
 801,-62,-157,132,154,-78,108,
 802,-57,-174,122,155,-77,112,
 803,-63,-157,131,137,-72,105,
 804,-63,-158,133,169,-72,105,
 805,-54,-159,125,148,-73,104,
 806,-60,-177,131,151,-77,110,
 807,-60,-167,133,163,-74,102,
 808,-58,-161,125,129,-73,106,
 809,-58,-173,130,166,-64,103,
 810,-60,-172,135,163,-74,106,
 811,-56,-159,128,132,-68,97,
 812,-61,-162,129,151,-73,96,
 813,-59,-156,130,138,-63,98,
 814,-58,-164,130,129,-73,104,
 815,-59,-154,122,152,-63,98,
 816,-61,-153,129,149,-79,102,
 817,-55,-157,125,135,-64,103,
 818,-61,-170,126,139,-67,99,
 819,-61,-152,126,131,-65,99,
 820,-54,-155,136,143,-72,107,
 821,-62,-154,124,144,-62,106,
 822,-61,-172,138,135,-65,101,
 823,-54,-164,134,147,-71,104,
 824,-62,-163,137,142,-62,104,
 825,-57,-158,134,127,-66,110,
 826,-61,-158,129,153,-65,103,
 827,-60,-162,125,154,-64,101,
 828,-59,-167,133,127,-62,100,
 829,-57,-158,134,151,-64,100,
 830,-52,-166,138,153,-60,93,
 831,-56,-176,136,139,-74,94,
 832,-58,-168,137,160,-53,99,
 833,-53,-155,142,169,-54,95,
 834,-57,-161,140,135,-48,94,
 835,-59,-180,133,146,-58,97,
 836,-58,-166,138,153,-47,94,
 837,-65,-172,133,135,-50,97,
 838,-60,-173,127,146,-39,91,
 839,-61,-182,136,155,-47,97,
 840,-58,-170,140,140,-55,94,
 841,-56,-172,144,137,-49,97,
 842,-61,-178,136,149,-41,88,
 843,-63,-173,144,127,-55,90,
 844,-62,-172,152,125,-53,94,
 845,-62,-173,142,139,-43,93,
 846,-57,-175,138,132,-50,91,
 847,-64,-164,141,128,-48,96,
 848,-59,-169,132,146,-53,93,
 849,-61,-176,151,127,-57,92,
 850,-60,-171,143,121,-57,98,
 851,-61,-170,145,143,-26,88,
 852,-56,-169,151,128,35,94,
 853,-59,-157,148,129,55,93,
 854,-61,-162,141,143,57,94,
 855,-58,-162,146,138,68,92,
 856,-60,-177,139,129,64,95,
 857,-61,-170,141,141,51,94,
 858,-58,-168,146,132,60,97,
 859,-63,-169,148,126,52,99,
 860,-57,-163,144,146,59,97,
 861,-61,-168,148,151,70,97,
 862,-54,-162,145,149,63,98,
 863,-54,-166,141,142,65,94,
 864,-59,-168,147,114,59,91,
 865,-53,-158,138,126,58,96,
 866,-53,-168,146,152,68,102,
 867,-55,-176,149,135,66,101,
 868,-57,-159,151,127,62,95,
 869,-53,-158,151,151,73,95,
 870,-56,-163,139,127,78,96,
 871,-53,-167,143,126,80,95,
 872,-57,-164,150,133,79,95,
 873,-58,-178,144,135,83,91,
 874,-55,-161,148,122,70,90,
 875,-61,-158,153,123,79,94,
 876,-58,-170,155,131,82,90,
 877,-56,-170,155,128,72,92,
 878,-54,-173,156,121,73,96,
 879,-57,-175,152,143,83,95,
 880,-58,-173,151,133,70,94,
 881,-53,-160,148,122,73,97,
 882,-56,-172,154,120,83,96,
 883,-56,-174,161,140,92,93,
 884,-63,-167,152,128,78,95,
 885,-54,-155,161,108,68,95,
 886,-61,-184,152,136,91,93,
 887,-59,-168,154,136,90,96,
 888,-63,-162,152,127,88,94,
 889,-60,-178,148,136,83,91,
 890,-53,-164,161,135,91,96,
 891,-59,-172,159,135,94,96,
 892,-55,-173,153,123,88,93,
 893,-58,-168,157,133,88,98,
 894,-52,-172,150,156,83,95,
 895,-62,-176,153,139,90,99,
 896,-55,-163,159,119,84,101,
 897,-58,-172,162,129,94,103,
 898,-55,-166,158,145,89,101,
 899,-55,-169,160,138,103,99,
 900,-55,-167,163,113,99,96,
 901,-55,-173,157,135,101,97,
 902,-59,-173,147,152,101,92,
 903,-55,-170,155,122,90,94,
 904,-56,-169,155,114,90,98,
 905,-54,-172,161,143,95,102,
 906,-60,-169,165,130,102,99,
 907,-52,-169,162,120,97,102,
 908,-57,-167,161,118,99,100,
 909,-52,-177,159,139,100,98,
 910,-57,-177,164,130,101,101,
 911,-55,-181,167,121,96,105,
 912,-59,-172,160,121,101,98,
 913,-60,-172,165,133,96,99,
 914,-55,-166,155,122,87,104,
 915,-57,-162,162,113,92,101,
 916,-58,-181,159,126,96,101,
 917,-51,-169,154,135,91,106,
 918,-60,-175,166,112,92,108,
 919,-55,-182,164,114,90,106,
 920,-61,-170,157,122,98,105,
 921,-58,-176,169,131,98,105,
 922,-59,-173,158,127,102,111,
 923,-55,-174,165,113,101,108,
 924,-61,-175,162,125,104,103,
 925,-52,-182,161,120,99,107,
 926,-54,-172,165,119,100,109,
 927,-56,-178,166,116,95,104,
 928,-55,-179,165,124,101,100,
 929,-58,-169,154,123,103,110,
 930,-55,-177,166,129,110,108,
 931,-59,-181,168,127,109,106,
 932,-55,-168,169,119,101,105,
 933,-60,-179,176,142,112,105,
 934,-55,-178,171,135,106,103,
 935,-59,-161,170,117,111,105,
 936,-54,-169,171,108,113,107,
 937,-60,-168,172,136,109,111,
 938,-58,-175,170,140,106,109,
 939,-50,-178,178,130,98,105,
 940,-56,-168,172,124,99,110,
 941,-55,-174,167,129,105,101,
 942,-58,-174,167,144,101,102,
 943,-58,-166,170,122,105,100,
 944,-51,-184,171,115,108,106,
 945,-56,-185,166,122,111,99,
 946,-56,-175,169,135,106,101,
 947,-58,-177,169,137,104,110,
 948,-56,-175,166,127,108,104,
 949,-59,-175,173,118,116,100,
 950,-54,-175,166,137,111,107,
 951,-57,-171,177,126,106,102,
 952,-57,-175,166,125,97,100,
 953,-55,-181,173,117,94,99,
 954,-58,-175,172,120,103,104,
 955,-52,-174,165,132,104,106,
 956,-62,-190,170,120,92,98,
 957,-54,-172,167,113,100,106,
 958,-51,-180,165,120,114,101,
 959,-57,-186,168,138,102,101,
 960,-61,-174,173,120,103,104,
 961,-55,-171,174,117,110,97,
 962,-56,-177,169,118,109,96,
 963,-59,-176,167,127,105,100,
 964,-55,-177,167,125,108,99,
 965,-61,-178,170,112,107,101,
 966,-54,-165,167,109,106,104,
 967,-60,-185,174,118,110,100,
 968,-56,-186,171,125,118,102,
 969,-58,-174,161,116,107,96,
 970,-55,-177,173,123,103,97,
 971,-57,-169,171,113,113,95,
 972,-58,-168,170,120,104,96,
 973,-56,-182,162,131,113,101,
 974,-58,-172,167,117,119,94,
 975,-59,-171,167,130,109,92,
 976,-59,-179,176,121,111,100,
 977,-55,-181,177,122,112,98,
 978,-60,-167,180,140,100,94,
 979,-59,-178,181,134,117,90,
 980,-58,-169,180,133,110,91,
 981,-53,-167,176,124,104,93,
 982,-57,-186,182,129,117,91,
 983,-50,-177,184,131,111,95,
 984,-56,-180,165,125,96,94,
 985,-55,-179,173,117,123,94,
 986,-53,-166,165,123,104,100,
 987,-58,-171,170,134,93,90,
 988,-53,-184,177,132,103,90,
 989,-58,-172,179,114,104,92,
 990,-54,-178,170,106,111,96,
 991,-61,-177,167,127,115,91,
 992,-53,-166,182,132,101,87,
 993,-57,-177,184,126,110,93,
 994,-54,-179,181,119,105,95,
 995,-58,-164,180,111,118,86,
 996,-63,-175,177,120,114,88,
 997,-53,-168,180,120,107,91,
 998,-60,-173,175,122,107,97,
 999,-59,-177,171,118,98,98,
 1000,-52,-170,182,114,104,97,
 1001,-54,-183,178,125,97,97,
 1002,-57,-189,187,114,106,98,
 1003,-60,-172,188,116,111,101,
 1004,-56,-175,187,105,111,102,
 1005,-55,-177,182,116,121,97,
 1006,-57,-159,177,120,107,95,
 1007,-62,-172,170,114,120,91,
 1008,-52,-176,179,113,108,99,
 1009,-58,-176,175,109,106,95,
 1010,-55,-176,182,112,118,94,
 1011,-62,-171,185,128,112,98,
 1012,-53,-172,180,123,105,98,
 1013,-58,-169,176,110,108,98,
 1014,-56,-173,176,109,111,97,
 1015,-55,-177,177,119,108,103,
 1016,-52,-182,179,129,104,105,
 1017,-56,-165,181,118,110,106,
 1018,-57,-177,186,116,123,101,
 1019,-52,-186,189,108,116,102,
 1020,-58,-174,189,122,101,95,
 1021,-51,-170,187,128,107,96,
 1022,-57,-177,184,124,109,95,
 1023,-54,-173,191,112,110,94,
 1024,-52,-167,180,118,103,93,
 1025,-55,-181,187,131,106,95,
 1026,-53,-168,184,138,108,98,
 1027,-55,-174,185,134,102,96,
 1028,-55,-171,175,120,114,98,
 1029,-59,-174,183,107,112,100,
 1030,-54,-161,182,124,122,97,
 1031,-51,-183,191,131,92,93,
 1032,-55,-174,179,139,104,97,
 1033,-58,-174,186,123,108,98,
 1034,-59,-182,181,115,121,102,
 1035,-55,-172,187,114,116,102,
 1036,-59,-170,189,129,101,101,
 1037,-57,-174,190,114,103,94,
 1038,-57,-178,188,119,114,95,
 1039,-50,-174,192,110,107,97,
 1040,-58,-168,190,125,92,98,
 1041,-58,-164,176,122,96,95,
 1042,-60,-179,173,109,98,95,
 1043,-54,-169,187,107,109,96,
 1044,-57,-174,191,113,113,97,
 1045,-52,-185,190,124,108,103,
 1046,-54,-180,185,121,121,107,
 1047,-57,-177,185,108,108,106,
 1048,-59,-176,191,114,106,105,
 1049,-54,-180,197,108,93,104,
 1050,-57,-183,192,133,129,102,
 1051,-61,-172,186,108,102,101,
 1052,-52,-182,184,107,100,100,
 1053,-55,-180,182,109,91,106,
 1054,-51,-173,195,110,109,105,
 1055,-57,-175,192,124,97,100,
 1056,-56,-184,189,118,111,102,
 1057,-50,-172,191,115,110,105,
 1058,-56,-188,186,117,112,115,
 1059,-54,-173,198,109,95,113,
 1060,-54,-170,185,118,108,112,
 1061,-49,-190,187,120,92,108,
 1062,-57,-184,186,122,123,114,
 1063,-54,-183,186,111,116,111,
 1064,-60,-178,191,107,111,112,
 1065,-51,-189,193,104,102,110,
 1066,-59,-186,191,114,117,117,
 1067,-55,-167,195,115,108,115,
 1068,-57,-181,200,121,126,110,
 1069,-51,-180,197,115,114,111,
 1070,-57,-173,189,112,112,115,
 1071,-60,-184,199,127,98,120,
 1072,-61,-186,199,118,100,112,
 1073,-51,-173,194,123,97,116,
 1074,-59,-178,187,116,111,116,
 1075,-58,-172,203,120,112,121,
 1076,-58,-179,199,129,109,115,
 1077,-52,-176,206,141,108,113,
 1078,-58,-176,204,136,114,117,
 1079,-59,-179,203,115,123,120,
 1080,-54,-160,193,122,99,114,
 1081,-58,-172,191,132,109,114,
 1082,-51,-189,190,134,107,118,
 1083,-57,-187,193,130,120,116,
 1084,-54,-173,200,130,104,123,
 1085,-58,-179,192,122,106,114,
 1086,-49,-189,197,127,97,119,
 1087,-59,-183,188,137,123,115,
 1088,-53,-184,187,128,110,112,
 1089,-58,-192,193,125,118,108,
 1090,-50,-182,192,114,94,119,
 1091,-58,-179,182,128,113,114,
 1092,-52,-171,195,128,94,120,
 1093,-55,-181,201,133,111,131,
 1094,-53,-181,197,128,126,116,
 1095,-58,-179,192,113,116,121,
 1096,-55,-186,193,125,103,120,
 1097,-58,-186,191,125,99,112,
 1098,-59,-175,194,126,122,120,
 1099,-56,-165,185,126,100,120,
 1100,-54,-179,194,113,109,123,
 1101,-52,-188,196,123,90,124,
 1102,-51,-180,194,125,102,115,
 1103,-53,-179,195,132,103,117,
 1104,-51,-183,191,117,113,114,
 1105,-53,-186,191,115,109,127,
 1106,-53,-183,191,120,101,120,
 1107,-50,-178,188,129,113,119,
 1108,-56,-186,183,128,107,117,
 1109,-52,-177,193,116,124,126,
 1110,-55,-175,196,120,97,114,
 1111,-52,-184,199,112,105,110,
 1112,-57,-176,184,124,84,114,
 1113,-59,-183,196,131,111,113,
 1114,-59,-172,189,122,108,109,
 1115,-53,-178,186,117,99,114,
 1116,-52,-189,195,125,111,109,
 1117,-54,-174,191,123,94,110,
 1118,-60,-171,195,124,99,109,
 1119,-55,-173,195,121,87,105,
 1120,-57,-174,191,114,102,108,
 1121,-54,-181,198,122,102,108,
 1122,-62,-177,187,130,118,111,
 1123,-54,-169,198,124,114,111,
 1124,-57,-169,196,129,106,109,
 1125,-54,-179,197,118,103,114,
 1126,-61,-174,204,118,102,115,
 1127,-55,-174,201,143,103,115,
 1128,-59,-170,192,138,111,107,
 1129,-56,-180,197,145,120,112,
 1130,-60,-181,197,131,95,116,
 1131,-52,-174,201,109,109,111,
 1132,-50,-175,191,135,114,114,
 1133,-54,-186,191,146,96,113,
 1134,-51,-179,202,134,115,112,
 1135,-57,-170,197,124,91,112,
 1136,-53,-172,198,128,103,121,
 1137,-50,-172,193,144,104,112,
 1138,-53,-183,196,138,113,115,
 1139,-54,-173,192,123,115,117,
 1140,-48,-171,200,126,94,115,
 1141,-57,-172,195,124,104,116,
 1142,-52,-179,196,129,95,115,
 1143,-57,-184,197,127,112,120,
 1144,-50,-178,199,127,93,108,
 1145,-57,-175,196,119,93,119,
 1146,-53,-171,198,125,97,115,
 1147,-58,-181,194,125,90,116,
 1148,-51,-176,191,128,109,118,
 1149,-53,-175,195,116,118,115,
 1150,-56,-177,192,121,100,120,
 1151,-59,-182,197,124,105,117,
 1152,-51,-175,191,125,106,119,
 1153,-58,-174,194,119,121,126,
 1154,-54,-176,195,124,110,122,
 1155,-59,-173,199,125,108,123,
 1156,-54,-181,193,125,94,122,
 1157,-57,-170,199,131,104,123,
 1158,-53,-181,202,125,104,126,
 1159,-59,-164,194,126,100,121,
 1160,-53,-177,190,117,102,130,
 1161,-59,-179,199,123,89,126,
 1162,-53,-173,198,124,96,132,
 1163,-61,-181,190,117,87,127,
 1164,-50,-176,199,109,104,125,
 1165,-53,-173,196,116,98,125,
 1166,-57,-176,193,114,102,133,
 1167,-60,-179,205,129,111,126,
 1168,-53,-173,196,124,82,132,
 1169,-54,-172,193,122,98,123,
 1170,-55,-172,195,119,94,129,
 1171,-56,-166,197,132,106,120,
 1172,-54,-172,203,135,92,122,
 1173,-50,-177,196,124,99,130,
 1174,-52,-185,206,120,113,131,
 1175,-56,-175,203,125,96,125,
 1176,-49,-172,198,141,108,124,
 1177,-56,-170,199,142,99,124,
 1178,-59,-174,194,134,96,123,
 1179,-55,-179,185,132,97,123,
 1180,-48,-178,198,139,83,126,
 1181,-52,-174,191,141,108,126,
 1182,-57,-174,189,144,98,133,
 1183,-59,-169,196,133,107,125,
 1184,-49,-178,200,129,100,125,
 1185,-56,-177,191,142,89,128,
 1186,-53,-165,199,143,97,130,
 1187,-52,-177,194,128,82,131,
 1188,-50,-178,197,125,94,127,
 1189,-55,-185,199,133,94,125,
 1190,-55,-182,200,146,86,130,
 1191,-59,-174,193,128,114,118,
 1192,-50,-170,203,128,96,127,
 1193,-57,-175,198,118,99,121,
 1194,-53,-175,200,125,87,116,
 1195,-58,-174,192,137,100,117,
 1196,-51,-178,199,133,108,121,
 1197,-51,-181,204,119,77,123,
 1198,-53,-175,192,119,93,120,
 1199,-58,-171,195,125,91,121,
 1200,-53,-172,187,129,105,130,
 1201,-58,-181,200,113,86,126,
 1202,-59,-171,199,136,112,130,
 1203,-48,-177,184,128,70,123,
 1204,-54,-171,192,118,84,122,
 1205,-55,-178,197,120,66,135,
 1206,-52,-180,201,121,91,128,
 1207,-54,-190,205,128,97,127,
 1208,-51,-185,189,130,109,131,
 1209,-60,-178,200,125,101,126,
 1210,-51,-185,202,119,73,130,
 1211,-53,-186,203,117,91,136,
 1212,-56,-171,199,123,91,128,
 1213,-49,-180,203,128,98,123,
 1214,-56,-179,210,131,93,120,
 1215,-51,-178,209,115,101,122,
 1216,-57,-182,215,126,102,124,
 1217,-50,-181,201,130,94,133,
 1218,-51,-183,198,131,93,128,
 1219,-56,-172,208,131,89,127,
 1220,-47,-183,201,119,106,128,
 1221,-53,-185,201,122,86,131,
 1222,-51,-180,193,148,91,127,
 1223,-57,-182,195,138,87,129,
 1224,-54,-172,199,133,97,137,
 1225,-52,-174,202,115,95,129,
 1226,-51,-171,199,142,92,125,
 1227,-50,-178,200,151,99,122,
 1228,-54,-178,192,137,75,131,
 1229,-49,-185,206,126,98,127,
 1230,-53,-184,198,124,78,134,
 1231,-55,-180,204,130,92,122,
 1232,-52,-173,193,136,81,126,
 1233,-58,-182,204,127,97,127,
 1234,-52,-171,206,120,108,125,
 1235,-52,-176,201,129,94,121,
 1236,-57,-177,206,128,91,120,
 1237,-50,-185,197,120,88,122,
 1238,-56,-191,193,128,99,128,
 1239,-55,-176,207,124,98,130,
 1240,-59,-180,195,125,84,122,
 1241,-55,-184,198,126,67,121,
 1242,-52,-176,187,124,99,123,
 1243,-59,-181,197,116,82,125,
 1244,-58,-178,198,125,95,131,
 1245,-57,-176,204,131,97,126,
 1246,-53,-179,194,129,77,129,
 1247,-60,-185,199,114,93,121,
 1248,-57,-184,190,117,69,119,
 1249,-51,-173,201,128,92,123,
 1250,-53,-178,196,130,85,124,
 1251,-51,-178,203,121,99,114,
 1252,-57,-176,203,114,102,118,
 1253,-54,-186,203,118,102,122,
 1254,-52,-186,196,127,82,125,
 1255,-54,-183,204,132,77,114,
 1256,-54,-182,192,125,99,122,
 1257,-55,-177,207,109,92,116,
 1258,-53,-184,197,126,96,120,
 1259,-54,-173,199,130,89,115,
 1260,-50,-177,206,129,90,125,
 1261,-56,-182,205,118,91,116,
 1262,-50,-181,210,128,105,116,
 1263,-55,-177,205,125,91,118,
 1264,-52,-181,201,129,93,120,
 1265,-50,-187,200,130,87,129,
 1266,-54,-175,195,136,89,128,
 1267,-56,-172,205,129,74,128,
 1268,-52,-171,205,140,88,125,
 1269,-50,-171,203,135,74,128,
 1270,-55,-178,202,130,98,126,
 1271,-55,-182,196,118,98,129,
 1272,-54,-183,200,128,97,134,
 1273,-56,-189,202,133,79,132,
 1274,-50,-181,197,117,57,124,
 1275,-56,-177,192,131,82,118,
 1276,-54,-179,206,145,64,123,
 1277,-49,-175,189,132,73,121,
 1278,-52,-169,198,124,73,122,
 1279,-57,-182,193,122,92,119,
 1280,-51,-186,203,140,91,131,
 1281,-52,-183,198,126,102,131,
 1282,-57,-193,203,126,92,131,
 1283,-51,-193,208,113,90,122,
 1284,-53,-185,204,125,77,125,
 1285,-57,-179,198,122,80,129,
 1286,-53,-185,195,125,86,129,
 1287,-52,-182,205,120,95,120,
 1288,-54,-184,196,111,86,124,
 1289,-55,-177,208,123,89,126,
 1290,-56,-186,208,131,93,120,
 1291,-52,-190,210,116,88,126,
 1292,-54,-196,202,108,82,122,
 1293,-58,-187,205,113,82,130,
 1294,-51,-189,197,122,98,124,
 1295,-52,-182,200,121,80,116,
 1296,-54,-177,202,124,86,123,
 1297,-53,-191,202,118,76,115,
 1298,-51,-184,210,114,88,119,
 1299,-50,-185,198,122,87,117,
 1300,-54,-188,209,132,89,116,
 1301,-53,-185,205,131,76,116,
 1302,-49,-193,198,120,82,108,
 1303,-49,-194,205,112,86,115,
 1304,-58,-188,204,120,96,119,
 1305,-55,-189,206,127,84,114,
 1306,-49,-178,205,122,85,109,
 1307,-49,-179,198,115,83,111,
 1308,-52,-190,203,117,79,117,
 1309,-55,-186,207,125,81,121,
 1310,-53,-192,203,134,86,114,
 1311,-53,-183,203,123,99,112,
 1312,-52,-195,196,114,85,109,
 1313,-55,-190,203,112,96,105,
 1314,-58,-188,191,115,89,106,
 1315,-49,-191,199,141,91,110,
 1316,-53,-181,200,145,82,121,
 1317,-55,-189,201,126,88,113,
 1318,-50,-189,194,115,87,115,
 1319,-53,-192,204,130,82,113,
 1320,-54,-193,202,140,78,115,
 1321,-53,-191,206,143,77,116,
 1322,-53,-184,199,128,90,124,
 1323,-51,-184,199,121,75,115,
 1324,-57,-195,206,130,78,112,
 1325,-55,-189,212,134,65,110,
 1326,-49,-193,203,133,76,110,
 1327,-51,-195,212,123,73,106,
 1328,-58,-193,213,122,84,116,
 1329,-54,-190,207,128,83,123,
 1330,-52,-195,200,134,83,117,
 1331,-49,-196,207,126,89,113,
 1332,-52,-185,207,122,82,109,
 1333,-57,-185,204,110,84,113,
 1334,-51,-189,209,126,80,122,
 1335,-50,-192,211,130,86,118,
 1336,-54,-195,208,123,79,120,
 1337,-55,-205,204,117,81,120,
 1338,-57,-202,212,112,73,118,
 1339,-53,-204,215,112,78,113,
 1340,-52,-199,216,125,79,118,
 1341,-52,-191,203,121,69,108,
 1342,-52,-198,208,120,73,118,
 1343,-56,-189,210,109,68,112,
 1344,-48,-182,206,117,72,120,
 1345,-50,-188,200,121,60,111,
 1346,-55,-196,206,132,82,119,
 1347,-49,-194,199,126,70,114,
 1348,-50,-201,210,117,72,115,
 1349,-48,-192,209,121,77,110,
 1350,-52,-193,215,129,78,112,
 1351,-55,-197,214,127,91,105,
 1352,-49,-195,217,120,82,104,
 1353,-52,-186,200,117,89,103,
 1354,-53,-190,199,122,80,111,
 1355,-47,-190,198,123,82,111,
 1356,-51,-193,202,132,81,109,
 1357,-52,-193,212,129,87,109,
 1358,-52,-200,212,119,83,104,
 1359,-52,-192,211,113,92,106,
 1360,-51,-194,200,110,89,105,
 1361,-51,-180,207,132,79,108,
 1362,-52,-193,214,129,67,105,
 1363,-57,-204,208,127,80,109,
 1364,-51,-194,209,115,84,111,
 1365,-48,-194,204,121,77,104,
 1366,-48,-197,205,129,83,106,
 1367,-47,-197,201,134,68,102,
 1368,-57,-192,195,135,81,100,
 1369,-52,-194,210,126,81,98,
 1370,-52,-194,208,109,76,103,
 1371,-50,-187,204,119,71,98,
 1372,-53,-186,210,135,63,99,
 1373,-57,-188,211,143,64,97,
 1374,-55,-193,210,138,81,99,
 1375,-52,-198,210,121,76,101,
 1376,-49,-193,209,114,71,96,
 1377,-52,-193,205,125,73,103,
 1378,-50,-202,208,138,59,99,
 1379,-54,-201,204,143,80,97,
 1380,-54,-195,204,125,72,94,
 1381,-49,-197,206,103,83,95,
 1382,-50,-189,205,117,77,90,
 1383,-56,-194,199,127,72,90,
 1384,-54,-189,208,128,72,91,
 1385,-55,-200,209,124,61,89,
 1386,-48,-200,213,115,80,93,
 1387,-49,-203,208,115,78,91,
 1388,-49,-206,211,117,79,88,
 1389,-51,-202,214,128,82,84,
 1390,-55,-196,212,126,89,86,
 1391,-52,-192,216,121,74,88,
 1392,-53,-193,204,114,85,81,
 1393,-52,-193,206,112,83,80,
 1394,-53,-205,203,117,89,78,
 1395,-48,-204,212,124,90,80,
 1396,-50,-205,218,122,75,81,
 1397,-53,-203,211,109,79,82,
 1398,-52,-200,211,107,78,81,
 1399,-55,-204,199,116,68,79,
 1400,-51,-199,203,115,77,78,
 1401,-51,-200,209,109,82,78,
 1402,-47,-198,218,126,69,78,
 1403,-48,-195,214,115,80,77,
 1404,-53,-208,212,113,77,78,
 1405,-52,-203,213,115,68,78,
 1406,-54,-203,210,114,61,79,
 1407,-48,-200,218,112,71,80,
 1408,-46,-205,199,134,70,75,
 1409,-49,-205,201,108,74,80,
 1410,-52,-203,202,115,77,84,
 1411,-54,-210,208,109,80,79,
 1412,-53,-202,212,110,83,73,
 1413,-54,-216,221,125,73,77,
 1414,-50,-208,215,125,68,74,
 1415,-51,-210,204,114,64,79,
 1416,-50,-196,214,115,68,82,
 1417,-49,-204,213,118,76,78,
 1418,-51,-209,212,114,82,74,
 1419,-53,-211,208,123,73,76,
 1420,-58,-212,210,119,71,72,
 1421,-53,-207,203,122,79,74,
 1422,-49,-194,212,117,66,78,
 1423,-49,-204,212,125,71,73,
 1424,-54,-199,214,117,86,70,
 1425,-58,-199,207,124,74,74,
 1426,-55,-211,202,128,82,76,
 1427,-56,-216,200,127,78,78,
 1428,-51,-222,206,120,73,73,
 1429,-50,-208,217,114,73,72,
 1430,-52,-211,216,117,72,71,
 1431,-55,-209,208,119,74,73,
 1432,-57,-208,215,122,77,74,
 1433,-53,-204,220,118,76,72,
 1434,-53,-213,218,126,77,68,
 1435,-52,-217,209,137,64,66,
 1436,-50,-211,218,123,73,68,
 1437,-51,-210,213,121,78,70,
 1438,-52,-215,215,115,71,67,
 1439,-57,-212,217,129,72,71,
 1440,-51,-216,208,119,72,74,
 1441,-52,-212,219,130,70,69,
 1442,-50,-205,207,129,71,69,
 1443,-53,-205,214,115,70,64,
 1444,-55,-199,212,115,61,68,
 1445,-55,-206,210,118,73,66,
 1446,-58,-214,214,118,86,63,
 1447,-48,-210,220,127,80,68,
 1448,-47,-217,207,132,77,63,
 1449,-49,-209,217,120,71,59,
 1450,-52,-209,212,113,75,60,
 1451,-51,-205,214,111,71,63,
 1452,-54,-206,211,103,76,63,
 1453,-50,-222,219,112,65,62,
 1454,-48,-218,206,117,74,60,
 1455,-51,-215,214,110,62,58,
 1456,-52,-207,202,111,66,52,
 1457,-53,-207,214,101,79,38,
 1458,-56,-214,216,103,66,23,
 1459,-49,-223,209,115,82,-4,
 1460,-47,-214,210,116,67,-35,
 1461,-50,-209,204,116,70,-56,
 1462,-53,-207,211,117,80,-52,
 1463,-57,-207,204,108,76,-58,
 1464,-52,-211,214,111,79,-68,
 1465,-54,-209,218,102,71,-74,
 1466,-49,-215,216,106,82,-80,
 1467,-54,-211,217,111,80,-77,
 1468,-56,-204,212,113,72,-73,
 1469,-50,-209,210,113,76,-74,
 1470,-51,-206,205,108,73,-67,
 1471,-48,-204,216,98,79,-73,
 1472,-50,-208,215,106,78,-72,
 1473,-56,-209,225,98,84,-73,
 1474,-53,-219,211,109,81,-77,
 1475,-54,-217,206,106,84,-78,
 1476,-52,-222,209,111,69,-76,
 1477,-50,-212,214,105,67,-77,
 1478,-56,-207,213,98,73,-76,
 1479,-53,-216,213,109,64,-78,
 1480,-56,-209,218,108,72,-83,
 1481,-53,-210,218,108,80,-85,
 1482,-50,-214,225,106,70,-87,
 1483,-54,-205,218,108,76,-85,
 1484,-54,-208,215,115,77,-83,
 1485,-54,-218,226,102,69,-83,
 1486,-50,-219,211,101,67,-84,
 1487,-52,-210,219,106,66,-88,
 1488,-56,-217,219,103,65,-88,
 1489,-56,-220,226,103,72,-90,
 1490,-50,-215,224,105,68,-85,
 1491,-49,-226,216,114,68,-87,
 1492,-52,-208,220,121,76,-92,
 1493,-59,-216,215,109,68,-87,
 1494,-56,-213,208,114,71,-85,
 1495,-51,-231,214,108,81,-90,
 1496,-53,-221,205,102,77,-91,
 1497,-56,-216,218,102,75,-88,
 1498,-53,-215,217,104,76,-91,
 1499,-46,-225,220,116,79,-89,
 1500,-50,-226,222,118,81,-95,
 1501,-55,-227,211,121,74,-90,
 1502,-53,-226,211,130,72,-88,
 1503,-52,-220,227,125,78,-90,
 1504,-51,-233,217,109,80,-92,
 1505,-54,-228,207,100,68,-91,
 1506,-56,-212,208,97,70,-92,
 1507,-50,-226,220,108,75,-90,
 1508,-50,-231,226,115,84,-95,
 1509,-53,-226,230,121,68,-96,
 1510,-50,-229,222,124,72,-102,
 1511,-54,-219,216,125,74,-99,
 1512,-59,-227,214,122,82,-98,
 1513,-50,-219,218,106,64,-96,
 1514,-52,-216,212,104,60,-95,
 1515,-59,-216,209,104,74,-92,
 1516,-52,-217,218,112,79,-96,
 1517,-51,-229,219,104,75,-98,
 1518,-57,-221,209,117,77,-98,
 1519,-51,-219,216,121,67,-96,
 1520,-53,-218,218,117,74,-100,
 1521,-55,-227,214,102,77,-105,
 1522,-55,-216,215,106,72,-111,
 1523,-54,-207,216,107,69,-108,
 1524,-56,-219,216,116,71,-106,
 1525,-57,-222,226,113,72,-107,
 1526,-51,-221,221,109,81,-108,
 1527,-58,-201,226,113,74,-112,
 1528,-51,-228,222,107,67,-104,
 1529,-54,-227,222,113,76,-107,
 1530,-56,-221,222,103,78,-106,
 1531,-55,-215,225,102,80,-115,
 1532,-52,-223,228,109,77,-114,
 1533,-59,-231,213,108,64,-117,
 1534,-52,-210,224,99,77,-120,
 1535,-52,-217,227,105,69,-123,
 1536,-51,-217,219,104,75,-123,
 1537,-56,-220,228,100,62,-125,
 1538,-57,-219,215,98,70,-121,
 1539,-53,-224,223,102,69,-118,
 1540,-53,-228,217,101,71,-129,
 1541,-52,-227,218,104,72,-119,
 1542,-56,-220,228,95,76,-123,
 1543,-58,-235,225,108,77,-123,
 1544,-48,-227,222,104,61,-128,
 1545,-55,-221,208,104,65,-125,
 1546,-54,-220,222,111,72,-126,
 1547,-60,-235,222,113,74,-132,
 1548,-53,-224,219,101,76,-129,
 1549,-52,-222,217,96,74,-136,
 1550,-59,-228,211,100,73,-124,
 1551,-51,-232,216,103,79,-125,
 1552,-53,-222,218,94,83,-135,
 1553,-53,-219,211,99,68,-128,
 1554,-52,-216,218,99,75,-128,
 1555,-54,-220,212,109,79,-130,
 1556,-58,-226,217,109,72,-134,
 1557,-53,-232,220,102,82,-120,
 1558,-59,-231,222,101,77,-128,
 1559,-50,-210,237,105,85,-117,
 1560,-54,-225,209,98,71,-122,
 1561,-55,-223,225,97,70,-124,
 1562,-58,-209,216,84,84,-126,
 1563,-53,-228,215,97,83,-132,
 1564,-57,-223,210,95,85,-124,
 1565,-55,-221,210,106,79,-124,
 1566,-61,-225,222,105,69,-129,
 1567,-55,-231,216,108,74,-121,
 1568,-58,-214,219,97,70,-119,
 1569,-53,-212,209,100,77,-123,
 1570,-61,-211,222,106,79,-123,
 1571,-58,-228,224,104,83,-126,
 1572,-54,-215,221,88,85,-128,
 1573,-55,-236,210,91,75,-128,
 1574,-56,-228,227,114,77,-124,
 1575,-57,-213,221,101,68,-128,
 1576,-52,-232,215,105,70,-130,
 1577,-56,-220,218,102,80,-120,
 1578,-57,-222,225,97,68,-124,
 1579,-61,-226,231,101,70,-127,
 1580,-56,-224,225,101,68,-127,
 1581,-59,-222,225,109,76,-127,
 1582,-58,-226,223,108,82,-127,
 1583,-56,-242,225,103,90,-134,
 1584,-53,-228,224,100,72,-131,
 1585,-54,-229,230,99,68,-123,
 1586,-60,-233,219,110,68,-113,
 1587,-51,-224,219,105,73,-114,
 1588,-58,-216,229,113,85,-121,
 1589,-57,-240,230,110,80,-116,
 1590,-52,-224,228,116,75,-117,
 1591,-58,-223,229,104,78,-116,
 1592,-53,-216,218,106,70,-119,
 1593,-57,-229,226,103,73,-112,
 1594,-60,-225,233,106,85,-106,
 1595,-55,-233,223,105,75,-109,
 1596,-57,-218,223,116,77,-111,
 1597,-59,-222,208,115,78,-116,
 1598,-59,-232,227,117,76,-115,
 1599,-56,-219,221,138,85,-112,
 1600,-61,-213,221,127,80,-115,
 1601,-60,-233,217,118,84,-115,
 1602,-58,-227,229,107,75,-116,
 1603,-59,-221,230,109,86,-111,
 1604,-61,-220,227,107,91,-106,
 1605,-61,-228,222,99,81,-110,
 1606,-64,-238,231,111,71,-111,
 1607,-58,-217,226,111,85,-109,
 1608,-56,-226,225,117,84,-110,
 1609,-63,-231,225,127,88,-119,
 1610,-60,-214,228,123,84,-121,
 1611,-58,-227,224,125,77,-112,
 1612,-58,-228,223,107,84,-116,
 1613,-58,-223,231,108,83,-116,
 1614,-62,-224,234,104,82,-121,
 1615,-62,-228,215,104,85,-124,
 1616,-60,-216,220,109,79,-115,
 1617,-62,-240,233,105,76,-117,
 1618,-53,-242,219,116,81,-116,
 1619,-54,-221,223,118,84,-116,
 1620,-61,-231,217,120,82,-113,
 1621,-60,-228,227,120,93,-118,
 1622,-61,-234,237,108,78,-117,
 1623,-59,-229,228,106,77,-117,
 1624,-59,-217,223,112,79,-117,
 1625,-56,-233,225,98,75,-110,
 1626,-57,-243,210,92,64,-120,
 1627,-64,-224,221,122,80,-112,
 1628,-58,-234,223,127,88,-114,
 1629,-64,-240,229,121,84,-115,
 1630,-62,-224,222,114,76,-122,
 1631,-60,-242,215,112,72,-126,
 1632,-64,-232,228,110,80,-121,
 1633,-60,-230,222,101,83,-121,
 1634,-63,-217,221,106,77,-121,
 1635,-67,-237,224,111,80,-119,
 1636,-65,-241,222,109,88,-123,
 1637,-61,-229,241,103,89,-114,
 1638,-59,-231,229,109,85,-121,
 1639,-60,-227,230,116,84,-123,
 1640,-60,-224,233,107,82,-127,
 1641,-59,-234,218,109,81,-118,
 1642,-64,-233,219,103,90,-118,
 1643,-57,-239,216,107,86,-126,
 1644,-58,-238,224,103,78,-119,
 1645,-60,-233,221,104,79,-120,
 1646,-63,-227,225,96,78,-117,
 1647,-64,-230,227,101,74,-121,
 1648,-65,-222,231,112,75,-128,
 1649,-57,-239,232,110,77,-121,
 1650,-60,-229,230,106,71,-129,
 1651,-59,-230,230,112,90,-116,
 1652,-57,-232,232,109,70,-120,
 1653,-58,-227,238,106,72,-110,
 1654,-58,-234,225,107,81,-115,
 1655,-58,-227,224,100,82,-125,
 1656,-64,-240,224,106,84,-116,
 1657,-63,-237,231,110,80,-114,
 1658,-65,-213,227,113,87,-116,
 1659,-61,-235,217,103,86,-115,
 1660,-63,-234,228,111,75,-113,
 1661,-58,-239,221,99,89,-119,
 1662,-60,-234,225,108,95,-112,
 1663,-58,-220,223,107,88,-115,
 1664,-68,-235,229,105,82,-115,
 1665,-66,-229,232,106,89,-111,
 1666,-65,-242,231,110,89,-120,
 1667,-60,-230,230,105,84,-110,
 1668,-64,-232,221,99,84,-115,
 1669,-64,-239,227,109,91,-111,
 1670,-65,-226,216,111,86,-112,
 1671,-62,-240,225,109,77,-114,
 1672,-62,-220,229,106,94,-106,
 1673,-67,-236,225,103,83,-113,
 1674,-64,-235,230,103,88,-111,
 1675,-62,-221,219,113,92,-112,
 1676,-63,-241,229,105,89,-114,
 1677,-62,-221,223,107,84,-110,
 1678,-63,-240,228,121,83,-106,
 1679,-60,-227,233,118,79,-108,
 1680,-65,-235,229,105,77,-110,
 1681,-64,-233,227,108,77,-113,
 1682,-58,-219,220,112,84,-109,
 1683,-65,-235,235,103,80,-113,
 1684,-65,-231,232,108,83,-109,
 1685,-64,-224,234,112,86,-110,
 1686,-67,-229,229,123,89,-109,
 1687,-66,-220,224,118,88,-103,
 1688,-63,-240,225,112,85,-106,
 1689,-69,-212,227,119,93,-97,
 1690,-67,-231,227,106,86,-105,
 1691,-67,-229,231,106,87,-95,
 1692,-66,-233,225,110,83,-98,
 1693,-64,-227,227,113,95,-96,
 1694,-63,-234,228,125,86,-94,
 1695,-63,-237,228,124,91,-102,
 1696,-64,-214,233,129,85,-99,
 1697,-61,-229,229,131,81,-93,
 1698,-70,-225,235,125,96,-92,
 1699,-64,-230,235,122,102,-93,
 1700,-71,-223,228,109,94,-92,
 1701,-61,-213,225,114,89,-90,
 1702,-62,-225,226,123,87,-92,
 1703,-65,-227,229,120,88,-87,
 1704,-62,-230,223,129,88,-88,
 1705,-67,-227,217,127,86,-90,
 1706,-63,-223,228,127,95,-90,
 1707,-67,-226,233,126,96,-91,
 1708,-62,-218,226,127,96,-95,
 1709,-63,-222,218,122,83,-92,
 1710,-68,-210,235,119,75,-90,
 1711,-65,-231,225,124,102,-91,
 1712,-71,-216,234,126,89,-92,
 1713,-70,-236,228,122,79,-94,
 1714,-67,-214,230,127,89,-94,
 1715,-70,-229,237,118,88,-93,
 1716,-63,-226,229,121,91,-90,
 1717,-71,-226,232,119,99,-87,
 1718,-67,-238,220,122,98,-86,
 1719,-64,-233,222,120,95,-85,
 1720,-65,-223,215,122,88,-88,
 1721,-64,-222,233,125,87,-87,
 1722,-65,-233,231,138,86,-87,
 1723,-70,-216,228,125,90,-90,
 1724,-67,-233,231,111,101,-88,
 1725,-65,-220,237,118,93,-92,
 1726,-66,-228,223,122,79,-94,
 1727,-68,-229,225,119,88,-89,
 1728,-67,-221,223,122,84,-89,
 1729,-65,-220,241,121,90,-90,
 1730,-67,-225,236,121,89,-91,
 1731,-67,-241,240,118,83,-85,
 1732,-66,-227,229,116,83,-90,
 1733,-69,-233,231,115,92,-95,
 1734,-68,-219,231,120,90,-94,
 1735,-62,-221,229,124,93,-93,
 1736,-70,-216,223,127,92,-91,
 1737,-72,-227,225,124,93,-94,
 1738,-67,-234,229,119,93,-97,
 1739,-67,-214,230,106,88,-96,
 1740,-68,-228,227,111,85,-95,
 1741,-71,-215,227,113,98,-97,
 1742,-68,-221,233,114,92,-95,
 1743,-67,-211,229,126,81,-89,
 1744,-67,-221,232,127,92,-97,
 1745,-71,-222,227,112,89,-95,
 1746,-64,-223,221,114,96,-92,
 1747,-68,-227,223,115,87,-97,
 1748,-66,-219,221,114,90,-90,
 1749,-63,-226,218,112,89,-89,
 1750,-62,-217,229,117,86,-95,
 1751,-67,-221,224,115,92,-93,
 1752,-66,-213,220,117,89,-95,
 1753,-65,-225,210,115,87,-94,
 1754,-67,-208,226,124,82,-95,
 1755,-63,-216,230,119,79,-91,
 1756,-70,-215,222,116,90,-90,
 1757,-72,-225,220,118,83,-91,
 1758,-66,-223,226,114,86,-90,
 1759,-72,-224,232,127,84,-89,
 1760,-64,-240,216,118,90,-90,
 1761,-69,-221,225,130,84,-91,
 1762,-63,-218,235,116,88,-96,
 1763,-67,-219,233,110,88,-90,
 1764,-72,-216,228,111,87,-84,
 1765,-74,-215,225,124,94,-91,
 1766,-72,-218,210,124,107,-90,
 1767,-67,-210,228,129,91,-84,
 1768,-67,-210,229,124,80,-86,
 1769,-63,-234,227,123,91,-83,
 1770,-67,-208,226,121,97,-87,
 1771,-70,-224,217,132,98,-86,
 1772,-67,-202,220,137,97,-94,
 1773,-69,-209,216,140,81,-86,
 1774,-66,-219,233,137,91,-90,
 1775,-66,-222,227,131,94,-85,
 1776,-70,-212,227,119,93,-87,
 1777,-69,-225,226,123,98,-90,
 1778,-73,-207,228,136,88,-85,
 1779,-70,-217,232,136,87,-82,
 1780,-65,-226,232,138,88,-87,
 1781,-70,-214,228,142,81,-90,
 1782,-71,-224,223,135,91,-90,
 1783,-72,-206,229,122,88,-89,
 1784,-69,-214,226,123,76,-89,
 1785,-73,-210,224,133,89,-87,
 1786,-71,-225,217,141,87,-85,
 1787,-72,-217,221,138,84,-85,
 1788,-66,-216,212,121,97,-76,
 1789,-66,-215,219,120,94,-64,
 1790,-68,-211,224,118,92,-51,
 1791,-68,-226,222,116,78,-29,
 1792,-67,-216,215,130,86,-5,
 1793,-71,-228,231,133,97,25,
 1794,-72,-215,225,134,82,45,
 1795,-69,-216,228,116,92,70,
 1796,-71,-213,234,129,94,53,
 1797,-72,-210,221,123,82,60,
 1798,-74,-212,229,123,90,68,
 1799,-75,-214,220,127,87,78,
 1800,-68,-212,216,117,87,76,
 1801,-74,-204,223,110,96,75,
 1802,-76,-225,220,120,88,76,
 1803,-71,-209,231,118,105,73,
 1804,-74,-210,222,119,96,74,
 1805,-73,-210,223,128,88,76,
 1806,-68,-218,233,130,95,78,
 1807,-70,-211,232,119,84,85,
 1808,-66,-198,227,117,96,79,
 1809,-70,-210,233,115,93,79,
 1810,-65,-201,216,113,83,82,
 1811,-67,-211,218,119,83,80,
 1812,-70,-204,235,135,85,81,
 1813,-66,-220,226,131,84,85,
 1814,-66,-205,227,122,91,88,
 1815,-70,-201,228,121,90,86,
 1816,-72,-209,219,118,93,85,
 1817,-70,-204,223,121,79,83,
 1818,-71,-217,223,124,82,85,
 1819,-74,-209,223,124,80,86,
 1820,-70,-213,230,119,71,92,
 1821,-69,-191,224,108,93,93,
 1822,-74,-208,222,111,80,95,
 1823,-75,-215,226,131,82,97,
 1824,-71,-207,224,132,83,95,
 1825,-65,-198,221,111,85,100,
 1826,-72,-209,209,111,85,99,
 1827,-61,-197,216,107,93,96,
 1828,-65,-217,220,125,75,95,
 1829,-62,-198,225,129,90,92,
 1830,-71,-199,210,128,98,95,
 1831,-63,-196,224,127,83,97,
 1832,-71,-188,224,122,86,95,
 1833,-70,-199,224,115,86,96,
 1834,-69,-199,217,118,89,92,
 1835,-66,-207,221,126,90,94,
 1836,-70,-192,220,137,83,99,
 1837,-73,-206,218,141,82,94,
 1838,-70,-203,222,133,94,90,
 1839,-69,-187,217,123,79,98,
 1840,-73,-212,218,125,90,96,
 1841,-73,-197,219,120,87,87,
 1842,-73,-198,213,130,85,87,
 1843,-70,-196,226,138,82,89,
 1844,-70,-199,222,146,92,96,
 1845,-72,-196,219,133,91,94,
 1846,-71,-188,231,120,86,91,
 1847,-67,-197,222,120,80,92,
 1848,-64,-180,227,130,88,90,
 1849,-66,-201,225,136,77,94,
 1850,-70,-195,218,133,94,91,
 1851,-71,-190,220,128,80,98,
 1852,-69,-199,215,129,81,91,
 1853,-67,-185,230,114,89,89,
 1854,-64,-194,221,132,81,90,
 1855,-69,-188,231,136,87,86,
 1856,-65,-186,217,125,83,83,
 1857,-69,-187,214,122,83,87,
 1858,-67,-190,220,118,87,87,
 1859,-69,-201,225,113,77,89,
 1860,-70,-185,213,137,83,91,
 1861,-76,-189,212,129,84,89,
 1862,-66,-197,207,125,90,95,
 1863,-75,-181,220,123,98,90,
 1864,-74,-206,216,117,94,93,
 1865,-72,-184,222,116,98,90,
 1866,-72,-198,208,123,83,91,
 1867,-69,-188,218,130,87,88,
 1868,-61,-184,215,128,92,85,
 1869,-65,-200,218,130,83,90,
 1870,-62,-192,220,114,93,89,
 1871,-67,-191,221,119,80,87,
 1872,-66,-196,221,118,83,89,
 1873,-67,-196,222,113,85,89,
 1874,-65,-198,226,127,79,90,
 1875,-66,-188,221,122,88,96,
 1876,-66,-193,212,121,86,95,
 1877,-73,-202,215,118,89,92,
 1878,-73,-187,203,108,89,90,
 1879,-70,-189,204,117,75,91,
 1880,-66,-184,218,113,86,95,
 1881,-70,-177,214,117,84,100,
 1882,-73,-182,218,120,70,102,
 1883,-70,-184,217,117,89,95,
 1884,-67,-188,205,111,80,91,
 1885,-68,-183,221,114,72,100,
 1886,-71,-181,209,121,78,101,
 1887,-66,-194,217,115,86,98,
 1888,-64,-177,221,118,83,101,
 1889,-69,-184,221,118,91,102,
 1890,-67,-181,213,115,91,110,
 1891,-60,-170,219,125,81,110,
 1892,-70,-195,212,132,84,106,
 1893,-69,-182,223,136,81,104,
 1894,-65,-176,222,125,76,109,
 1895,-59,-176,221,125,86,106,
 1896,-66,-175,224,117,92,105,
 1897,-66,-186,221,114,75,110,
 1898,-72,-188,220,134,87,107,
 1899,-67,-176,220,146,85,110,
 1900,-72,-193,222,138,79,116,
 1901,-70,-182,217,132,83,108,
 1902,-68,-166,216,116,86,108,
 1903,-72,-187,210,116,82,105,
 1904,-74,-171,221,124,76,114,
 1905,-70,-176,226,139,80,105,
 1906,-73,-187,222,136,86,115,
 1907,-70,-164,218,134,78,111,
 1908,-68,-186,220,126,75,113,
 1909,-62,-174,207,123,76,118,
 1910,-68,-179,218,122,71,114,
 1911,-60,-177,218,137,77,122,
 1912,-66,-185,223,139,79,116,
 1913,-66,-178,219,131,79,114,
 1914,-67,-176,218,128,73,106,
 1915,-66,-173,218,117,73,106,
 1916,-60,-173,224,114,80,113,
 1917,-69,-190,218,123,79,110,
 1918,-69,-166,224,119,69,110,
 1919,-66,-165,226,123,76,118,
 1920,-69,-183,210,126,71,113,
 1921,-68,-180,222,115,75,119,
 1922,-71,-181,213,115,73,114,
 1923,-70,-180,220,126,71,120,
 1924,-62,-175,218,128,73,108,
 1925,-69,-178,212,124,82,109,
 1926,-69,-174,222,121,71,113,
 1927,-66,-160,222,113,85,114,
 1928,-64,-187,209,107,87,115,
 1929,-59,-174,217,110,80,109,
 1930,-67,-170,211,123,85,115,
 1931,-60,-176,221,125,85,121,
 1932,-64,-185,217,113,72,128,
 1933,-62,-181,217,114,83,124,
 1934,-64,-178,217,116,65,128,
 1935,-64,-178,212,109,72,115,
 1936,-68,-164,206,118,75,120,
 1937,-64,-170,214,120,71,115,
 1938,-63,-171,211,126,71,110,
 1939,-68,-168,214,113,68,111,
 1940,-65,-176,211,116,64,115,
 1941,-69,-175,207,106,86,109,
 1942,-66,-162,205,119,73,116,
 1943,-65,-180,205,117,74,110,
 1944,-68,-174,213,121,73,117,
 1945,-59,-164,219,110,59,110,
 1946,-66,-168,205,116,66,117,
 1947,-62,-185,216,104,74,112,
 1948,-65,-167,211,113,65,117,
 1949,-62,-155,214,116,63,110,
 1950,-66,-161,211,113,69,115,
 1951,-67,-170,225,117,70,114,
 1952,-59,-160,209,118,65,114,
 1953,-62,-163,215,108,70,109,
 1954,-58,-171,217,107,72,113,
 1955,-63,-166,213,115,74,104,
 1956,-56,-170,212,115,82,109,
 1957,-63,-168,206,120,87,104,
 1958,-64,-157,206,128,67,106,
 1959,-65,-166,212,121,68,106,
 1960,-65,-175,209,111,61,102,
 1961,-60,-160,213,130,68,100,
 1962,-64,-147,213,116,82,105,
 1963,-62,-174,222,105,76,99,
 1964,-62,-170,217,117,79,113,
 1965,-59,-154,199,121,75,105,
 1966,-59,-166,207,120,71,111,
 1967,-61,-161,214,136,60,104,
 1968,-61,-158,216,125,71,104,
 1969,-63,-154,217,120,72,103,
 1970,-59,-151,223,109,78,116,
 1971,-63,-151,221,110,81,108,
 1972,-59,-159,205,118,66,110,
 1973,-61,-159,217,118,71,107,
 1974,-59,-154,206,124,65,114,
 1975,-60,-167,219,124,74,108,
 1976,-57,-156,203,113,66,106,
 1977,-55,-160,219,120,75,105,
 1978,-63,-159,217,111,57,103,
 1979,-57,-158,215,123,57,101,
 1980,-57,-157,219,128,71,106,
 1981,-57,-167,204,126,71,104,
 1982,-60,-163,219,115,64,109,
 1983,-58,-146,218,107,68,106,
 1984,-55,-156,212,108,57,104,
 1985,-55,-164,217,103,65,101,
 1986,-55,-157,211,112,64,106,
 1987,-58,-145,211,113,60,112,
 1988,-61,-150,222,118,65,105,
 1989,-61,-159,206,116,60,111,
 1990,-58,-159,212,119,65,105,
 1991,-60,-150,207,96,58,112,
 1992,-60,-162,210,104,56,108,
 1993,-62,-150,208,107,71,110,
 1994,-64,-146,214,102,69,107,
 1995,-63,-148,207,108,57,101,
 1996,-60,-143,219,119,65,104,
 1997,-62,-154,221,116,65,103,
 1998,-63,-157,218,105,64,101,
 1999,-56,-147,219,96,62,99,
 2000,-57,-152,217,104,60,98,
 2001,-62,-160,211,111,57,103,
 2002,-55,-160,202,102,63,100,
 2003,-57,-157,200,99,66,106,
 2004,-60,-147,200,100,75,108,
 2005,-56,-153,210,109,81,106,
 2006,-55,-147,213,107,64,110,
 2007,-58,-155,213,109,68,106,
 2008,-59,-142,214,107,71,104,
 2009,-60,-150,213,103,66,107,
 2010,-59,-161,204,102,59,103,
 2011,-55,-155,208,100,65,112,
 2012,-51,-149,204,95,61,106,
 2013,-52,-148,204,102,63,107,
 2014,-51,-154,202,100,65,108,
 2015,-59,-156,199,106,56,110,
 2016,-57,-146,209,100,70,110,
 2017,-56,-148,206,100,61,111,
 2018,-56,-141,211,105,54,113,
 2019,-57,-145,215,104,60,111,
 2020,-58,-147,212,100,61,106,
 2021,-59,-153,212,96,66,110,
 2022,-60,-141,208,102,68,112,
 2023,-54,-146,205,108,61,107,
 2024,-51,-157,200,104,63,104,
 2025,-54,-158,208,99,59,104,
 2026,-53,-150,202,93,57,101,
 2027,-52,-150,204,89,60,107,
 2028,-52,-145,210,100,63,106,
 2029,-60,-144,200,100,63,103,
 2030,-55,-147,214,96,65,112,
 2031,-50,-148,211,96,57,111,
 2032,-49,-142,206,99,59,105,
 2033,-58,-147,212,104,59,101,
 2034,-51,-144,214,102,50,101,
 2035,-56,-143,200,100,53,112,
 2036,-55,-140,196,96,65,104,
 2037,-55,-148,209,99,67,103,
 2038,-53,-139,202,87,61,99,
 2039,-50,-144,195,93,63,98,
 2040,-55,-134,201,99,47,100,
 2041,-51,-141,198,99,53,105,
 2042,-51,-140,192,100,53,100,
 2043,-48,-138,207,102,55,103,
 2044,-55,-141,208,105,65,96,
 2045,-47,-145,209,100,66,96,
 2046,-53,-142,206,96,57,98,
 2047,-47,-137,214,104,55,97,
 2048,-52,-141,206,103,55,100,
 2049,-48,-139,214,96,52,94,
 2050,-52,-142,199,89,65,99,
 2051,-52,-146,193,91,62,100,
 2052,-56,-145,192,112,68,105,
 2053,-52,-142,186,103,60,105,
 2054,-46,-137,195,108,58,103,
 2055,-54,-130,200,105,59,102,
 2056,-47,-133,201,105,63,94,
 2057,-50,-130,207,113,57,100,
 2058,-52,-142,208,108,61,95,
 2059,-47,-139,205,116,56,97,
 2060,-51,-133,208,110,64,100,
 2061,-54,-129,211,103,52,96,
 2062,-51,-140,208,94,60,101,
 2063,-47,-132,209,95,54,101,
 2064,-50,-136,201,96,55,103,
 2065,-48,-132,201,95,62,104,
 2066,-48,-141,204,94,61,104,
 2067,-50,-140,203,96,56,102,
 2068,-51,-132,195,102,62,93,
 2069,-51,-136,203,104,53,96,
 2070,-47,-136,203,108,54,93,
 2071,-47,-141,204,103,58,90,
 2072,-49,-141,203,109,49,90,
 2073,-51,-130,204,115,56,90,
 2074,-51,-141,203,109,54,87,
 2075,-48,-141,195,101,64,93,
 2076,-49,-141,194,101,60,94,
 2077,-47,-141,194,99,57,91,
 2078,-47,-135,207,99,61,85,
 2079,-48,-138,204,97,56,90,
 2080,-50,-140,203,94,60,85,
 2081,-53,-139,210,101,55,86,
 2082,-50,-134,199,92,57,88,
 2083,-52,-132,206,92,58,88,
 2084,-44,-121,193,110,54,86,
 2085,-46,-122,198,114,52,88,
 2086,-45,-130,199,110,55,89,
 2087,-45,-144,203,103,62,91,
 2088,-44,-146,189,100,62,93,
 2089,-43,-148,200,100,62,90,
 2090,-44,-138,203,97,62,88,
 2091,-43,-129,192,89,57,91,
 2092,-44,-131,199,99,62,86,
 2093,-43,-136,191,99,55,84,
 2094,-42,-135,200,89,52,82,
 2095,-43,-134,195,95,64,87,
 2096,-46,-138,196,94,49,81,
 2097,-45,-131,198,85,56,80,
 2098,-48,-144,187,90,60,80,
