J1      J2      J3      J4      J5      J6      R1      R2      R3
0	0	0	0	0	0	0	0	0
0	0	0	0	0	0	0	0	0
0	0	0	0	0	0	0	0	0
0	0	0	0	0	0	0	0	0
0	-0.0001	0	0.0001	0.0001	0	0	0	0
0.0001	-0.0001	-0.0001	0.0002	0.0001	0.0001	0	0	0
0.0001	-0.0002	-0.0002	0.0003	0.0002	0.0001	0	0	0
0.0001	-0.0003	-0.0003	0.0004	0.0003	0.0002	0	0	0
0.0002	-0.0005	-0.0004	0.0006	0.0005	0.0003	0	0	0
0.0003	-0.0007	-0.0005	0.0009	0.0007	0.0004	0	0	0
0.0004	-0.0009	-0.0007	0.0012	0.0009	0.0006	0	0	0
0.0005	-0.0012	-0.001	0.0016	0.0012	0.0008	0	0	0
0.0007	-0.0015	-0.0012	0.0021	0.0015	0.001	0	0	0
0.0009	-0.002	-0.0016	0.0026	0.002	0.0013	0	0	0
0.0011	-0.0024	-0.0019	0.0032	0.0024	0.0016	0	0	0
0.0013	-0.003	-0.0024	0.0039	0.003	0.002	0	0	0
0.0016	-0.0036	-0.0028	0.0047	0.0036	0.0024	0	0	0
0.0019	-0.0042	-0.0034	0.0056	0.0042	0.0028	0	0	0
0.0022	-0.005	-0.004	0.0066	0.005	0.0033	0	0	0
0.0026	-0.0058	-0.0046	0.0077	0.0058	0.0039	0	0	0
0.003	-0.0067	-0.0054	0.009	0.0067	0.0045	0	0	0
0.0034	-0.0077	-0.0062	0.0103	0.0077	0.0051	0	0	0
0.0039	-0.0088	-0.007	0.0117	0.0088	0.0059	0	0	0
0.0044	-0.01	-0.008	0.0133	0.01	0.0067	0	0	0
0.005	-0.0112	-0.009	0.015	0.0112	0.0075	0	0	0
0.0056	-0.0126	-0.0101	0.0168	0.0126	0.0084	0	0	0
0.0063	-0.0141	-0.0113	0.0188	0.0141	0.0094	0	0	0
0.0069	-0.0156	-0.0125	0.0208	0.0156	0.0104	0	0	0
0.0077	-0.0173	-0.0138	0.023	0.0173	0.0115	0	0	0
0.0085	-0.019	-0.0152	0.0254	0.019	0.0127	0	0	0
0.0093	-0.0209	-0.0167	0.0279	0.0209	0.0139	0	0	0
0.0102	-0.0229	-0.0183	0.0305	0.0229	0.0152	0	0	0
0.0111	-0.0249	-0.02	0.0333	0.0249	0.0166	0	0	0
0.0121	-0.0271	-0.0217	0.0362	0.0271	0.0181	0	0	0
0.0131	-0.0294	-0.0235	0.0392	0.0294	0.0196	0	0	0
0.0141	-0.0318	-0.0255	0.0424	0.0318	0.0212	0	0	0
0.0153	-0.0343	-0.0275	0.0458	0.0343	0.0229	0	0	0
0.0164	-0.0369	-0.0296	0.0493	0.0369	0.0246	0	0	0
0.0176	-0.0397	-0.0317	0.0529	0.0397	0.0265	0	0	0
0.0189	-0.0425	-0.034	0.0567	0.0425	0.0284	0	0	0
0.0202	-0.0455	-0.0364	0.0607	0.0455	0.0303	0	0	0
0.0216	-0.0486	-0.0389	0.0648	0.0486	0.0324	0	0	0
0.023	-0.0517	-0.0414	0.069	0.0517	0.0345	0	0	0
0.0245	-0.055	-0.044	0.0734	0.055	0.0367	0	0	0
0.026	-0.0585	-0.0468	0.0779	0.0585	0.039	0	0	0
0.0275	-0.062	-0.0496	0.0826	0.062	0.0413	0	0	0
0.0292	-0.0656	-0.0525	0.0875	0.0656	0.0437	0	0	0
0.0308	-0.0694	-0.0555	0.0925	0.0694	0.0463	0	0	0
0.0326	-0.0732	-0.0586	0.0977	0.0732	0.0488	0	0	0
0.0343	-0.0772	-0.0618	0.103	0.0772	0.0515	0	0	0
0.0361	-0.0813	-0.065	0.1084	0.0813	0.0542	0	0	0
0.038	-0.0855	-0.0684	0.114	0.0855	0.057	0	0	0
0.0399	-0.0898	-0.0718	0.1197	0.0898	0.0599	0	0	0
0.0419	-0.0942	-0.0754	0.1256	0.0942	0.0628	0	0	0
0.0439	-0.0987	-0.079	0.1317	0.0987	0.0658	0	0	0
0.0459	-0.1034	-0.0827	0.1378	0.1034	0.0689	0	0	0
0.048	-0.1081	-0.0865	0.1441	0.1081	0.0721	0	0	0
0.0502	-0.1129	-0.0904	0.1506	0.1129	0.0753	0	0	0
0.0524	-0.1179	-0.0943	0.1572	0.1179	0.0786	0	0	0
0.0546	-0.1229	-0.0983	0.1639	0.1229	0.082	0	0	0
0.0569	-0.1281	-0.1025	0.1708	0.1281	0.0854	0	0	0
0.0593	-0.1333	-0.1067	0.1778	0.1333	0.0889	0	0	0
0.0616	-0.1387	-0.1109	0.1849	0.1387	0.0924	0	0	0
0.064	-0.1441	-0.1153	0.1921	0.1441	0.0961	0	0	0
0.0665	-0.1496	-0.1197	0.1995	0.1496	0.0998	0	0	0
0.069	-0.1553	-0.1242	0.207	0.1553	0.1035	0	0	0
0.0715	-0.161	-0.1288	0.2146	0.161	0.1073	0	0	0
0.0741	-0.1668	-0.1334	0.2224	0.1668	0.1112	0	0	0
0.0767	-0.1727	-0.1381	0.2302	0.1727	0.1151	0	0	0
0.0794	-0.1786	-0.1429	0.2382	0.1786	0.1191	0	0	0
0.0821	-0.1847	-0.1478	0.2463	0.1847	0.1231	0	0	0
0.0848	-0.1908	-0.1527	0.2545	0.1908	0.1272	0	0	0
0.0876	-0.1971	-0.1576	0.2627	0.1971	0.1314	0	0	0
0.0904	-0.2033	-0.1627	0.2711	0.2033	0.1356	0	0	0
0.0932	-0.2097	-0.1678	0.2796	0.2097	0.1398	0	0	0
0.0961	-0.2161	-0.1729	0.2882	0.2161	0.1441	0	0	0
0.099	-0.2227	-0.1781	0.2969	0.2227	0.1484	0	0	0
0.1019	-0.2292	-0.1834	0.3056	0.2292	0.1528	0	0	0
0.1048	-0.2359	-0.1887	0.3145	0.2359	0.1572	0	0	0
0.1078	-0.2426	-0.194	0.3234	0.2426	0.1617	0	0	0
0.1108	-0.2493	-0.1995	0.3324	0.2493	0.1662	0	0	0
0.1138	-0.2561	-0.2049	0.3415	0.2561	0.1708	0	0	0
0.1169	-0.263	-0.2104	0.3507	0.263	0.1753	0	0	0
0.12	-0.2699	-0.2159	0.3599	0.2699	0.1799	0	0	0
0.1231	-0.2769	-0.2215	0.3692	0.2769	0.1846	0	0	0
0.1262	-0.2839	-0.2271	0.3785	0.2839	0.1893	0	0	0
0.1293	-0.291	-0.2328	0.3879	0.291	0.194	0	0	0
0.1325	-0.2981	-0.2384	0.3974	0.2981	0.1987	0	0	0
0.1356	-0.3052	-0.2441	0.4069	0.3052	0.2035	0	0	0
0.1388	-0.3124	-0.2499	0.4165	0.3124	0.2082	0	0	0
0.142	-0.3196	-0.2556	0.4261	0.3196	0.213	0	0	0
0.1452	-0.3268	-0.2614	0.4357	0.3268	0.2179	0	0	0
0.1485	-0.334	-0.2672	0.4454	0.334	0.2227	0	0	0
0.1517	-0.3413	-0.2731	0.4551	0.3413	0.2276	0	0	0
0.1549	-0.3486	-0.2789	0.4648	0.3486	0.2324	0	0	0
0.1582	-0.3559	-0.2848	0.4746	0.3559	0.2373	0	0	0
0.1615	-0.3633	-0.2906	0.4844	0.3633	0.2422	0	0	0
0.1647	-0.3706	-0.2965	0.4942	0.3706	0.2471	0	0	0
0.168	-0.378	-0.3024	0.504	0.378	0.252	0	0	0
0.1713	-0.3853	-0.3083	0.5138	0.3853	0.2569	0	0	0
0.1745	-0.3927	-0.3142	0.5236	0.3927	0.2618	0	0	0
0.1778	-0.4001	-0.32	0.5334	0.4001	0.2667	0	0	0
0.1811	-0.4074	-0.3259	0.5432	0.4074	0.2716	0	0	0
0.1843	-0.4148	-0.3318	0.553	0.4148	0.2765	0	0	0
0.1876	-0.4221	-0.3377	0.5628	0.4221	0.2814	0	0	0
0.1909	-0.4295	-0.3436	0.5726	0.4295	0.2863	0	0	0
0.1941	-0.4368	-0.3494	0.5824	0.4368	0.2912	0	0	0
0.1974	-0.4441	-0.3553	0.5921	0.4441	0.296	0	0	0
0.2006	-0.4514	-0.3611	0.6018	0.4514	0.3009	0	0	0
0.2038	-0.4586	-0.3669	0.6115	0.4586	0.3057	0	0	0
0.207	-0.4658	-0.3727	0.6211	0.4658	0.3106	0	0	0
0.2102	-0.473	-0.3784	0.6307	0.473	0.3154	0	0	0
0.2134	-0.4802	-0.3842	0.6403	0.4802	0.3201	0	0	0
0.2166	-0.4873	-0.3899	0.6498	0.4873	0.3249	0	0	0
0.2198	-0.4944	-0.3956	0.6593	0.4944	0.3296	0	0	0
0.2229	-0.5015	-0.4012	0.6687	0.5015	0.3343	0	0	0
0.226	-0.5085	-0.4068	0.678	0.5085	0.339	0	0	0
0.2291	-0.5155	-0.4124	0.6873	0.5155	0.3437	0	0	0
0.2322	-0.5224	-0.4179	0.6965	0.5224	0.3483	0	0	0
0.2352	-0.5293	-0.4234	0.7057	0.5293	0.3528	0	0	0
0.2383	-0.5361	-0.4289	0.7148	0.5361	0.3574	0	0	0
0.2413	-0.5428	-0.4343	0.7238	0.5428	0.3619	0	0	0
0.2442	-0.5495	-0.4396	0.7327	0.5495	0.3664	0	0	0
0.2472	-0.5562	-0.4449	0.7416	0.5562	0.3708	0	0	0
0.2501	-0.5627	-0.4502	0.7503	0.5627	0.3752	0	0	0
0.253	-0.5693	-0.4554	0.759	0.5693	0.3795	0	0	0
0.2559	-0.5757	-0.4605	0.7676	0.5757	0.3838	0	0	0
0.2587	-0.5821	-0.4656	0.7761	0.5821	0.388	0	0	0
0.2615	-0.5883	-0.4707	0.7845	0.5883	0.3922	0	0	0
0.2642	-0.5946	-0.4756	0.7927	0.5946	0.3964	0	0	0
0.267	-0.6007	-0.4806	0.8009	0.6007	0.4005	0	0	0
0.2697	-0.6068	-0.4854	0.809	0.6068	0.4045	0	0	0
0.2723	-0.6127	-0.4902	0.817	0.6127	0.4085	0	0	0
0.2749	-0.6186	-0.4949	0.8248	0.6186	0.4124	0	0	0
0.2775	-0.6244	-0.4995	0.8326	0.6244	0.4163	0	0	0
0.2801	-0.6301	-0.5041	0.8402	0.6301	0.4201	0	0	0
0.2826	-0.6358	-0.5086	0.8477	0.6358	0.4238	0	0	0
0.285	-0.6413	-0.513	0.8551	0.6413	0.4275	0	0	0
0.2874	-0.6467	-0.5174	0.8623	0.6467	0.4312	0	0	0
0.2898	-0.6521	-0.5217	0.8694	0.6521	0.4347	0	0	0
0.2921	-0.6573	-0.5259	0.8764	0.6573	0.4382	0	0	0
0.2944	-0.6625	-0.53	0.8833	0.6625	0.4416	0	0	0
0.2967	-0.6675	-0.534	0.89	0.6675	0.445	0	0	0
0.2989	-0.6724	-0.538	0.8966	0.6724	0.4483	0	0	0
0.301	-0.6773	-0.5418	0.9031	0.6773	0.4515	0	0	0
0.3031	-0.682	-0.5456	0.9094	0.682	0.4547	0	0	0
0.3052	-0.6867	-0.5493	0.9155	0.6867	0.4578	0	0	0
0.3072	-0.6912	-0.5529	0.9216	0.6912	0.4608	0	0	0
0.3092	-0.6956	-0.5565	0.9275	0.6956	0.4637	0	0	0
0.3111	-0.6999	-0.5599	0.9332	0.6999	0.4666	0	0	0
0.3129	-0.7041	-0.5633	0.9388	0.7041	0.4694	0	0	0
0.3147	-0.7082	-0.5665	0.9442	0.7082	0.4721	0	0	0
0.3165	-0.7122	-0.5697	0.9495	0.7122	0.4748	0	0	0
0.3182	-0.716	-0.5728	0.9547	0.716	0.4773	0	0	0
0.3199	-0.7198	-0.5758	0.9597	0.7198	0.4798	0	0	0
0.3215	-0.7234	-0.5787	0.9645	0.7234	0.4823	0	0	0
0.3231	-0.7269	-0.5816	0.9693	0.7269	0.4846	0	0	0
0.3246	-0.7304	-0.5843	0.9738	0.7304	0.4869	0	0	0
0.3261	-0.7336	-0.5869	0.9782	0.7336	0.4891	0	0	0
0.3275	-0.7368	-0.5895	0.9824	0.7368	0.4912	0	0	0
0.3288	-0.7399	-0.5919	0.9865	0.7399	0.4933	0	0	0
0.3302	-0.7429	-0.5943	0.9905	0.7429	0.4952	0	0	0
0.3314	-0.7457	-0.5966	0.9943	0.7457	0.4971	0	0	0
0.3326	-0.7484	-0.5988	0.9979	0.7484	0.499	0	0	0
0.3338	-0.7511	-0.6009	1.0014	0.7511	0.5007	0	0	0
0.3349	-0.7536	-0.6029	1.0048	0.7536	0.5024	0	0	0
0.336	-0.756	-0.6048	1.008	0.756	0.504	0	0	0
0.337	-0.7583	-0.6066	1.011	0.7583	0.5055	0	0	0
0.338	-0.7605	-0.6084	1.0139	0.7605	0.507	0	0	0
0.3389	-0.7625	-0.61	1.0167	0.7625	0.5084	0	0	0
0.3398	-0.7645	-0.6116	1.0193	0.7645	0.5097	0	0	0
0.3406	-0.7664	-0.6131	1.0218	0.7664	0.5109	0	0	0
0.3414	-0.7681	-0.6145	1.0242	0.7681	0.5121	0	0	0
0.3421	-0.7698	-0.6158	1.0264	0.7698	0.5132	0	0	0
0.3428	-0.7713	-0.6171	1.0284	0.7713	0.5142	0	0	0
0.3435	-0.7728	-0.6182	1.0304	0.7728	0.5152	0	0	0
0.3441	-0.7742	-0.6193	1.0322	0.7742	0.5161	0	0	0
0.3446	-0.7754	-0.6203	1.0339	0.7754	0.5169	0	0	0
0.3452	-0.7766	-0.6213	1.0355	0.7766	0.5177	0	0	0
0.3456	-0.7777	-0.6221	1.0369	0.7777	0.5185	0	0	0
0.3461	-0.7787	-0.6229	1.0382	0.7787	0.5191	0	0	0
0.3465	-0.7796	-0.6237	1.0394	0.7796	0.5197	0	0	0
0.3469	-0.7804	-0.6243	1.0406	0.7804	0.5203	0	0	0
0.3472	-0.7812	-0.6249	1.0416	0.7812	0.5208	0	0	0
0.3475	-0.7818	-0.6255	1.0425	0.7818	0.5212	0	0	0
0.3478	-0.7824	-0.626	1.0433	0.7824	0.5216	0	0	0
0.348	-0.783	-0.6264	1.044	0.783	0.522	0	0	0
0.3482	-0.7834	-0.6268	1.0446	0.7834	0.5223	0	0	0
0.3484	-0.7839	-0.6271	1.0451	0.7839	0.5226	0	0	0
0.3485	-0.7842	-0.6274	1.0456	0.7842	0.5228	0	0	0
0.3487	-0.7845	-0.6276	1.046	0.7845	0.523	0	0	0
0.3488	-0.7847	-0.6278	1.0463	0.7847	0.5232	0	0	0
0.3489	-0.7849	-0.6279	1.0466	0.7849	0.5233	0	0	0
0.3489	-0.7851	-0.6281	1.0468	0.7851	0.5234	0	0	0
0.349	-0.7852	-0.6282	1.0469	0.7852	0.5235	0	0	0
0.349	-0.7853	-0.6282	1.047	0.7853	0.5235	0	0	0
0.349	-0.7853	-0.6283	1.0471	0.7853	0.5236	0	0	0
0.3491	-0.7854	-0.6283	1.0472	0.7854	0.5236	0	0	0
0.3491	-0.7854	-0.6283	1.0472	0.7854	0.5236	0	0	0
0.3491	-0.7854	-0.6283	1.0472	0.7854	0.5236	0	0	0
0.3491	-0.7854	-0.6283	1.0472	0.7854	0.5236	0	0	0
