0.0,0.0,0.0,0.0,0.0,0.0,150.0,400.0,-200.0
0.0,0.0,0.0,0.0,-0.0,0.0,150.0,400.0,-200.0
0.0,0.0,0.0,0.0,-0.0,0.0,150.0,400.0,-200.0
0.0,0.0,0.0,0.0,-0.0,0.0,150.0,400.0,-200.0
0.0,0.0,0.0,0.001,-0.001,0.0,150.0,400.0,-200.0
0.0,0.0,0.002,0.003,-0.002,0.0,150.0,400.0,-200.0
0.0,0.0,0.002,0.004,-0.003,0.0,150.0,400.0,-200.0
0.0,0.0,0.005,0.009,-0.007,0.0,150.0,400.0,-200.0
0.0,0.0,0.006,0.011,-0.009,0.0,150.0,400.0,-200.0
0.0,0.0,0.009,0.017,-0.014,0.0,150.0,400.0,-200.0
0.0,0.0,0.011,0.021,-0.017,0.0,150.0,400.0,-200.0
0.0,0.0,0.016,0.029,-0.023,0.0,150.0,400.0,-200.0
0.0,0.0,0.019,0.034,-0.027,0.0,150.0,400.0,-200.0
0.0,0.0,0.025,0.045,-0.036,0.0,150.0,400.0,-200.0
0.0,0.0,0.029,0.052,-0.041,0.0,150.0,400.0,-200.0
0.0,0.0,0.037,0.066,-0.053,0.0,150.0,400.0,-200.0
0.0,0.0,0.041,0.074,-0.06,0.0,150.0,400.0,-200.0
0.0,0.0,0.051,0.092,-0.074,0.0,150.0,400.0,-200.0
0.0,0.0,0.057,0.102,-0.082,0.0,150.0,400.0,-200.0
0.0,0.0,0.069,0.124,-0.099,0.0,150.0,400.0,-200.0
0.0,0.0,0.076,0.135,-0.109,0.0,150.0,400.0,-200.0
0.0,0.0,0.098,0.175,-0.14,0.0,150.0,400.0,-200.0
0.0,0.0,0.106,0.189,-0.152,0.0,150.0,400.0,-200.0
0.0,0.0,0.133,0.237,-0.19,0.0,150.0,400.0,-200.0
0.0,0.0,0.143,0.254,-0.204,0.0,150.0,400.0,-200.0
0.0,0.0,0.164,0.291,-0.234,0.0,150.0,400.0,-200.0
0.0,0.0,0.175,0.31,-0.25,0.0,150.0,400.0,-200.0
0.0,0.0,0.186,0.33,-0.266,0.0,150.0,400.0,-200.0
0.0,0.0,0.198,0.351,-0.283,0.0,150.0,400.0,-200.0
0.0,0.0,0.211,0.373,-0.3,0.0,150.0,400.0,-200.0
0.0,0.0,0.224,0.395,-0.318,0.0,150.0,400.0,-200.0
0.0,0.0,0.237,0.419,-0.337,0.0,150.0,400.0,-200.0
0.0,0.0,0.251,0.442,-0.356,0.0,150.0,400.0,-200.0
0.0,0.0,0.279,0.492,-0.396,0.0,150.0,400.0,-200.0
0.0,0.0,0.294,0.518,-0.417,0.0,150.0,400.0,-200.0
0.0,0.0,0.326,0.573,-0.461,0.0,150.0,400.0,-200.0
0.0,0.0,0.342,0.601,-0.484,0.0,150.0,400.0,-200.0
0.0,0.0,0.395,0.691,-0.556,0.0,150.0,400.0,-200.0
0.0,0.0,0.413,0.722,-0.582,0.0,150.0,400.0,-200.0
0.0,0.0,0.47,0.82,-0.661,0.0,150.0,400.0,-200.0
0.0,0.0,0.49,0.854,-0.688,0.0,150.0,400.0,-200.0
0.0,0.0,0.532,0.924,-0.745,0.0,150.0,400.0,-200.0
0.0,0.0,0.553,0.961,-0.775,0.0,150.0,400.0,-200.0
0.0,0.0,0.62,1.073,-0.866,0.0,150.0,400.0,-200.0
0.0,0.0,0.644,1.112,-0.897,0.0,150.0,400.0,-200.0
0.0,0.0,0.716,1.233,-0.995,0.0,150.0,400.0,-200.0
0.0,0.0,0.741,1.274,-1.028,0.0,150.0,400.0,-200.0
0.0,0.0,0.818,1.402,-1.132,0.0,150.0,400.0,-200.0
0.0,0.0,0.845,1.446,-1.167,0.0,150.0,400.0,-200.0
0.0,0.0,0.927,1.581,-1.277,0.0,150.0,400.0,-200.0
0.0,0.0,0.955,1.627,-1.314,0.0,150.0,400.0,-200.0
0.0,0.0,1.013,1.721,-1.39,0.0,150.0,400.0,-200.0
0.0,0.0,1.042,1.769,-1.429,0.0,150.0,400.0,-200.0
0.0,0.0,1.133,1.915,-1.547,0.0,150.0,400.0,-200.0
0.0,0.0,1.164,1.964,-1.588,0.0,150.0,400.0,-200.0
0.0,0.0,1.227,2.065,-1.669,0.0,150.0,400.0,-200.0
0.0,0.0,1.259,2.116,-1.711,0.0,150.0,400.0,-200.0
0.0,0.0,1.357,2.271,-1.837,0.0,150.0,400.0,-200.0
0.0,0.0,1.39,2.324,-1.879,0.0,150.0,400.0,-200.0
0.0,0.0,1.493,2.483,-2.009,0.0,150.0,400.0,-200.0
0.0,0.0,1.527,2.537,-2.052,0.0,150.0,400.0,-200.0
0.0,0.0,1.633,2.701,-2.185,0.0,150.0,400.0,-200.0
0.0,0.0,1.669,2.756,-2.23,0.0,150.0,400.0,-200.0
0.0,0.0,1.742,2.866,-2.32,0.0,150.0,400.0,-200.0
0.0,0.0,1.778,2.922,-2.365,0.0,150.0,400.0,-200.0
0.0,0.0,1.815,2.978,-2.41,0.0,150.0,400.0,-200.0
0.0,0.0,1.853,3.034,-2.456,0.0,150.0,400.0,-200.0
0.0,0.0,1.89,3.091,-2.502,0.0,150.0,400.0,-200.0
0.0,0.0,1.966,3.204,-2.594,0.0,150.0,400.0,-200.0
0.0,0.0,2.004,3.26,-2.64,0.0,150.0,400.0,-200.0
0.0,0.0,2.081,3.374,-2.732,0.0,150.0,400.0,-200.0
0.0,0.0,2.12,3.431,-2.779,0.0,150.0,400.0,-200.0
0.0,0.0,2.199,3.546,-2.871,0.0,150.0,400.0,-200.0
0.0,0.0,2.238,3.603,-2.918,0.0,150.0,400.0,-200.0
0.0,0.0,2.358,3.775,-3.058,0.0,150.0,400.0,-200.0
0.0,0.0,2.399,3.832,-3.104,0.0,150.0,400.0,-200.0
0.0,0.0,2.48,3.947,-3.197,0.0,150.0,400.0,-200.0
0.0,0.0,2.521,4.004,-3.244,0.0,150.0,400.0,-200.0
0.0,0.0,2.603,4.119,-3.336,0.0,150.0,400.0,-200.0
0.0,0.0,2.645,4.176,-3.383,0.0,150.0,400.0,-200.0
0.0,0.0,2.728,4.29,-3.475,0.0,150.0,400.0,-200.0
0.0,0.0,2.77,4.347,-3.521,0.0,150.0,400.0,-200.0
0.0,0.0,2.854,4.46,-3.613,0.0,150.0,400.0,-200.0
0.0,0.0,2.896,4.516,-3.658,0.0,150.0,400.0,-200.0
0.0,0.0,2.938,4.572,-3.704,0.0,150.0,400.0,-200.0
0.0,0.0,2.981,4.629,-3.749,0.0,150.0,400.0,-200.0
0.0,0.0,3.023,4.684,-3.794,0.0,150.0,400.0,-200.0
0.0,0.0,3.066,4.74,-3.839,0.0,150.0,400.0,-200.0
0.0,0.0,3.109,4.796,-3.884,0.0,150.0,400.0,-200.0
0.0,0.0,3.152,4.851,-3.929,0.0,150.0,400.0,-200.0
0.0,0.0,3.195,4.906,-3.973,0.0,150.0,400.0,-200.0
0.0,0.0,3.238,4.961,-4.018,0.0,150.0,400.0,-200.0
0.0,0.0,3.281,5.016,-4.062,0.0,150.0,400.0,-200.0
0.0,0.0,3.325,5.07,-4.105,0.0,150.0,400.0,-200.0
0.0,0.0,3.368,5.124,-4.149,0.0,150.0,400.0,-200.0
0.0,0.0,3.412,5.178,-4.192,0.0,150.0,400.0,-200.0
0.0,0.0,3.455,5.232,-4.235,0.0,150.0,400.0,-200.0
0.0,0.0,3.499,5.285,-4.278,0.0,150.0,400.0,-200.0
0.0,0.0,3.543,5.338,-4.321,0.0,150.0,400.0,-200.0
0.0,0.0,3.586,5.391,-4.363,0.0,150.0,400.0,-200.0
0.0,0.0,3.63,5.443,-4.405,0.0,150.0,400.0,-200.0
0.0,0.0,3.674,5.495,-4.447,0.0,150.0,400.0,-200.0
0.0,0.0,3.718,5.547,-4.488,0.0,150.0,400.0,-200.0
0.0,0.0,3.762,5.599,-4.529,0.0,150.0,400.0,-200.0
0.0,0.0,3.807,5.65,-4.57,0.0,150.0,400.0,-200.0
0.0,0.0,3.851,5.701,-4.611,0.0,150.0,400.0,-200.0
0.0,0.0,3.895,5.752,-4.651,0.0,150.0,400.0,-200.0
0.0,0.0,3.94,5.802,-4.691,0.0,150.0,400.0,-200.0
0.0,0.0,3.984,5.852,-4.73,0.0,150.0,400.0,-200.0
0.0,0.0,4.029,5.901,-4.77,0.0,150.0,400.0,-200.0
0.0,0.0,4.073,5.951,-4.808,0.0,150.0,400.0,-200.0
0.0,0.0,4.118,6.0,-4.847,0.0,150.0,400.0,-200.0
0.0,0.0,4.163,6.048,-4.885,0.0,150.0,400.0,-200.0
0.0,0.0,4.207,6.096,-4.923,0.0,150.0,400.0,-200.0
0.0,0.0,4.252,6.144,-4.961,0.0,150.0,400.0,-200.0
0.0,0.0,4.297,6.192,-4.998,0.0,150.0,400.0,-200.0
0.0,0.0,4.342,6.239,-5.035,0.0,150.0,400.0,-200.0
0.0,0.0,4.387,6.286,-5.071,0.0,150.0,400.0,-200.0
0.0,0.0,4.432,6.332,-5.107,0.0,150.0,400.0,-200.0
0.0,0.0,4.477,6.378,-5.143,0.0,150.0,400.0,-200.0
0.0,0.0,4.522,6.424,-5.178,0.0,150.0,400.0,-200.0
0.0,0.0,4.567,6.469,-5.213,0.0,150.0,400.0,-200.0
0.0,0.0,4.613,6.514,-5.248,0.0,150.0,400.0,-200.0
0.0,0.0,4.658,6.558,-5.282,0.0,150.0,400.0,-200.0
0.0,0.0,4.704,6.603,-5.316,0.0,150.0,400.0,-200.0
0.0,0.0,4.749,6.647,-5.35,0.0,150.0,400.0,-200.0
0.0,0.0,4.795,6.69,-5.383,0.0,150.0,400.0,-200.0
0.0,0.0,4.84,6.733,-5.416,0.0,150.0,400.0,-200.0
0.0,0.0,4.886,6.776,-5.448,0.0,150.0,400.0,-200.0
0.0,0.0,4.932,6.818,-5.48,0.0,150.0,400.0,-200.0
0.0,0.0,4.977,6.86,-5.511,0.0,150.0,400.0,-200.0
0.0,0.0,5.023,6.902,-5.542,0.0,150.0,400.0,-200.0
0.0,0.0,5.069,6.943,-5.573,0.0,150.0,400.0,-200.0
0.0,0.0,5.115,6.984,-5.604,0.0,150.0,400.0,-200.0
0.0,0.0,5.161,7.024,-5.634,0.0,150.0,400.0,-200.0
0.0,0.0,5.208,7.065,-5.663,0.0,150.0,400.0,-200.0
0.0,0.0,5.254,7.104,-5.692,0.0,150.0,400.0,-200.0
0.0,0.0,5.3,7.144,-5.721,0.0,150.0,400.0,-200.0
0.0,0.0,5.346,7.183,-5.75,0.0,150.0,400.0,-200.0
0.0,0.0,5.393,7.222,-5.778,0.0,150.0,400.0,-200.0
0.0,0.0,5.44,7.26,-5.805,0.0,150.0,400.0,-200.0
0.0,0.0,5.486,7.298,-5.832,0.0,150.0,400.0,-200.0
0.0,0.0,5.533,7.336,-5.859,0.0,150.0,400.0,-200.0
0.0,0.0,5.58,7.373,-5.886,0.0,150.0,400.0,-200.0
0.0,0.0,5.627,7.41,-5.912,0.0,150.0,400.0,-200.0
0.0,0.0,5.674,7.447,-5.937,0.0,150.0,400.0,-200.0
0.0,0.0,5.721,7.483,-5.963,0.0,150.0,400.0,-200.0
0.0,0.0,5.768,7.519,-5.987,0.0,150.0,400.0,-200.0
0.0,0.0,5.815,7.555,-6.012,0.0,150.0,400.0,-200.0
0.0,0.0,5.863,7.59,-6.036,0.0,150.0,400.0,-200.0
0.0,0.0,5.91,7.625,-6.06,0.0,150.0,400.0,-200.0
0.0,0.0,5.958,7.66,-6.083,0.0,150.0,400.0,-200.0
0.0,0.0,6.006,7.694,-6.106,0.0,150.0,400.0,-200.0
0.0,0.0,6.054,7.728,-6.129,0.0,150.0,400.0,-200.0
0.0,0.0,6.102,7.762,-6.151,0.0,150.0,400.0,-200.0
0.0,0.0,6.15,7.796,-6.173,0.0,150.0,400.0,-200.0
0.0,0.0,6.198,7.829,-6.194,0.0,150.0,400.0,-200.0
0.0,0.0,6.246,7.862,-6.215,0.0,150.0,400.0,-200.0
0.0,0.0,6.295,7.895,-6.236,0.0,150.0,400.0,-200.0
0.0,0.0,6.343,7.927,-6.256,0.0,150.0,400.0,-200.0
0.0,0.0,6.392,7.959,-6.276,0.0,150.0,400.0,-200.0
0.0,0.0,6.441,7.991,-6.295,0.0,150.0,400.0,-200.0
0.0,0.0,6.49,8.022,-6.315,0.0,150.0,400.0,-200.0
0.0,0.0,6.539,8.054,-6.334,0.0,150.0,400.0,-200.0
0.0,0.0,6.688,8.146,-6.388,0.0,150.0,400.0,-200.0
0.0,0.0,6.737,8.177,-6.406,0.0,150.0,400.0,-200.0
0.0,0.0,6.787,8.207,-6.423,0.0,150.0,400.0,-200.0
0.0,0.0,6.837,8.237,-6.439,0.0,150.0,400.0,-200.0
0.0,0.0,6.888,8.266,-6.456,0.0,150.0,400.0,-200.0
0.0,0.0,6.938,8.296,-6.472,0.0,150.0,400.0,-200.0
0.0,0.0,6.989,8.325,-6.488,0.0,150.0,400.0,-200.0
0.0,0.0,7.039,8.354,-6.503,0.0,150.0,400.0,-200.0
0.0,0.0,7.09,8.383,-6.518,0.0,150.0,400.0,-200.0
0.0,0.0,7.141,8.412,-6.533,0.0,150.0,400.0,-200.0
0.0,0.0,7.193,8.44,-6.548,0.0,150.0,400.0,-200.0
0.0,0.0,7.244,8.468,-6.562,0.0,150.0,400.0,-200.0
0.0,0.0,7.296,8.496,-6.576,0.0,150.0,400.0,-200.0
0.0,0.0,7.348,8.524,-6.589,0.0,150.0,400.0,-200.0
0.0,0.0,7.4,8.552,-6.603,0.0,150.0,400.0,-200.0
0.0,0.0,7.452,8.58,-6.616,0.0,150.0,400.0,-200.0
0.0,0.0,7.505,8.607,-6.629,0.0,150.0,400.0,-200.0
0.0,0.0,7.557,8.635,-6.641,0.0,150.0,400.0,-200.0
0.0,0.0,7.61,8.662,-6.653,0.0,150.0,400.0,-200.0
0.0,0.0,7.663,8.689,-6.665,0.0,150.0,400.0,-200.0
0.0,0.0,7.717,8.716,-6.677,0.0,150.0,400.0,-200.0
0.0,0.0,7.77,8.743,-6.688,0.0,150.0,400.0,-200.0
0.0,0.0,7.824,8.77,-6.699,0.0,150.0,400.0,-200.0
0.0,0.0,7.878,8.796,-6.71,0.0,150.0,400.0,-200.0
0.0,0.0,7.932,8.823,-6.721,0.0,150.0,400.0,-200.0
0.0,0.0,7.987,8.85,-6.731,0.0,150.0,400.0,-200.0
0.0,0.0,8.041,8.876,-6.741,0.0,150.0,400.0,-200.0
0.0,0.0,8.096,8.902,-6.751,0.0,150.0,400.0,-200.0
0.0,0.0,8.151,8.929,-6.761,0.0,150.0,400.0,-200.0
0.0,0.0,8.207,8.955,-6.77,0.0,150.0,400.0,-200.0
0.0,0.0,8.262,8.981,-6.78,0.0,150.0,400.0,-200.0
0.0,0.0,8.318,9.007,-6.789,0.0,150.0,400.0,-200.0
0.0,0.0,8.374,9.033,-6.797,0.0,150.0,400.0,-200.0
0.0,0.0,8.431,9.059,-6.806,0.0,150.0,400.0,-200.0
0.0,0.0,8.488,9.085,-6.815,0.0,150.0,400.0,-200.0
0.0,0.0,8.544,9.111,-6.823,0.0,150.0,400.0,-200.0
0.0,0.0,8.659,9.163,-6.839,0.0,150.0,400.0,-200.0
0.0,0.0,8.775,9.215,-6.854,0.0,150.0,400.0,-200.0
0.0,0.0,8.833,9.24,-6.861,0.0,150.0,400.0,-200.0
0.0,0.0,8.892,9.266,-6.869,0.0,150.0,400.0,-200.0
0.0,0.0,8.951,9.292,-6.876,0.0,150.0,400.0,-200.0
0.0,0.0,9.01,9.318,-6.882,0.0,150.0,400.0,-200.0
0.0,0.0,9.069,9.344,-6.889,0.0,150.0,400.0,-200.0
0.0,0.0,9.129,9.37,-6.896,0.0,150.0,400.0,-200.0
0.0,0.0,9.189,9.396,-6.902,0.0,150.0,400.0,-200.0
0.0,0.0,9.249,9.422,-6.909,0.0,150.0,400.0,-200.0
0.0,0.0,9.31,9.448,-6.915,0.0,150.0,400.0,-200.0
0.0,0.0,9.37,9.475,-6.921,0.0,150.0,400.0,-200.0
0.0,0.0,9.432,9.501,-6.927,0.0,150.0,400.0,-200.0
0.0,0.0,9.493,9.527,-6.933,0.0,150.0,400.0,-200.0
0.0,0.0,9.555,9.553,-6.939,0.0,150.0,400.0,-200.0
0.0,0.0,9.617,9.58,-6.945,0.0,150.0,400.0,-200.0
0.0,0.0,9.679,9.606,-6.951,0.0,150.0,400.0,-200.0
0.0,0.0,9.742,9.633,-6.956,0.0,150.0,400.0,-200.0
0.0,0.0,9.805,9.66,-6.962,0.0,150.0,400.0,-200.0
0.0,0.0,9.868,9.686,-6.967,0.0,150.0,400.0,-200.0
0.0,0.0,9.932,9.713,-6.973,0.0,150.0,400.0,-200.0
0.0,0.0,9.996,9.74,-6.978,0.0,150.0,400.0,-200.0
0.0,0.0,10.06,9.767,-6.983,0.0,150.0,400.0,-200.0
0.0,0.0,10.125,9.794,-6.989,0.0,150.0,400.0,-200.0
0.0,0.0,10.189,9.822,-6.994,0.0,150.0,400.0,-200.0
0.0,0.0,10.255,9.849,-6.999,0.0,150.0,400.0,-200.0
0.0,0.0,10.32,9.877,-7.004,0.0,150.0,400.0,-200.0
0.0,0.0,10.386,9.904,-7.009,0.0,150.0,400.0,-200.0
0.0,0.0,10.452,9.932,-7.015,0.0,150.0,400.0,-200.0
0.0,0.0,10.518,9.96,-7.02,0.0,150.0,400.0,-200.0
0.0,0.0,10.585,9.988,-7.025,0.0,150.0,400.0,-200.0
0.0,0.0,10.652,10.016,-7.03,0.0,150.0,400.0,-200.0
0.0,0.0,10.72,10.044,-7.035,0.0,150.0,400.0,-200.0
0.0,0.0,10.788,10.073,-7.04,0.0,150.0,400.0,-200.0
0.0,0.0,10.856,10.101,-7.045,0.0,150.0,400.0,-200.0
0.0,0.0,10.924,10.13,-7.051,0.0,150.0,400.0,-200.0
0.0,0.0,10.993,10.159,-7.056,0.0,150.0,400.0,-200.0
0.0,0.0,11.062,10.188,-7.061,0.0,150.0,400.0,-200.0
0.0,0.0,11.131,10.217,-7.067,0.0,150.0,400.0,-200.0
0.0,0.0,11.201,10.246,-7.072,0.0,150.0,400.0,-200.0
0.0,0.0,11.271,10.276,-7.077,0.0,150.0,400.0,-200.0
0.0,0.0,11.341,10.306,-7.083,0.0,150.0,400.0,-200.0
0.0,0.0,11.412,10.335,-7.088,0.0,150.0,400.0,-200.0
0.0,0.0,11.483,10.365,-7.094,0.0,150.0,400.0,-200.0
0.0,0.0,11.554,10.395,-7.1,0.0,150.0,400.0,-200.0
0.0,0.0,11.626,10.426,-7.105,0.0,150.0,400.0,-200.0
0.0,0.0,11.698,10.456,-7.111,0.0,150.0,400.0,-200.0
0.0,0.0,11.77,10.487,-7.117,0.0,150.0,400.0,-200.0
0.0,0.0,11.915,10.548,-7.129,0.0,150.0,400.0,-200.0
0.0,0.0,11.989,10.579,-7.136,0.0,150.0,400.0,-200.0
0.0,0.0,12.062,10.61,-7.142,0.0,150.0,400.0,-200.0
0.0,0.0,12.136,10.642,-7.149,0.0,150.0,400.0,-200.0
0.0,0.0,12.21,10.673,-7.155,0.0,150.0,400.0,-200.0
0.0,0.0,12.285,10.705,-7.162,0.0,150.0,400.0,-200.0
0.0,0.0,12.359,10.737,-7.169,0.0,150.0,400.0,-200.0
0.0,0.0,12.434,10.769,-7.176,0.0,150.0,400.0,-200.0
0.0,0.0,12.51,10.801,-7.183,0.0,150.0,400.0,-200.0
0.0,0.0,12.585,10.833,-7.19,0.0,150.0,400.0,-200.0
0.0,0.0,12.661,10.866,-7.198,0.0,150.0,400.0,-200.0
0.0,0.0,12.738,10.899,-7.205,0.0,150.0,400.0,-200.0
0.0,0.0,12.814,10.931,-7.213,0.0,150.0,400.0,-200.0
0.0,0.0,12.891,10.964,-7.221,0.0,150.0,400.0,-200.0
0.0,0.0,12.968,10.998,-7.229,0.0,150.0,400.0,-200.0
0.0,0.0,13.046,11.031,-7.237,0.0,150.0,400.0,-200.0
0.0,0.0,13.123,11.064,-7.246,0.0,150.0,400.0,-200.0
0.0,0.0,13.201,11.098,-7.254,0.0,150.0,400.0,-200.0
0.0,0.0,13.28,11.132,-7.263,0.0,150.0,400.0,-200.0
0.0,0.0,13.358,11.165,-7.272,0.0,150.0,400.0,-200.0
0.0,0.0,13.437,11.199,-7.281,0.0,150.0,400.0,-200.0
0.0,0.0,13.516,11.234,-7.291,0.0,150.0,400.0,-200.0
0.0,0.0,13.596,11.268,-7.3,0.0,150.0,400.0,-200.0
0.0,0.0,13.675,11.302,-7.31,0.0,150.0,400.0,-200.0
0.0,0.0,13.755,11.337,-7.32,0.0,150.0,400.0,-200.0
0.0,0.0,13.836,11.372,-7.331,0.0,150.0,400.0,-200.0
0.0,0.0,13.916,11.407,-7.341,0.0,150.0,400.0,-200.0
0.0,0.0,13.997,11.442,-7.352,0.0,150.0,400.0,-200.0
0.0,0.0,14.078,11.477,-7.363,0.0,150.0,400.0,-200.0
0.0,0.0,14.159,11.512,-7.374,0.0,150.0,400.0,-200.0
0.0,0.0,14.24,11.547,-7.385,0.0,150.0,400.0,-200.0
0.0,0.0,14.322,11.583,-7.397,0.0,150.0,400.0,-200.0
0.0,0.0,14.404,11.618,-7.409,0.0,150.0,400.0,-200.0
0.0,0.0,14.486,11.654,-7.421,0.0,150.0,400.0,-200.0
0.0,0.0,14.569,11.69,-7.434,0.0,150.0,400.0,-200.0
0.0,0.0,14.651,11.726,-7.446,0.0,150.0,400.0,-200.0
0.0,0.0,14.734,11.762,-7.459,0.0,150.0,400.0,-200.0
0.0,0.0,14.818,11.798,-7.473,0.0,150.0,400.0,-200.0
0.0,0.0,14.901,11.835,-7.486,0.0,150.0,400.0,-200.0
0.0,0.0,14.984,11.871,-7.5,0.0,150.0,400.0,-200.0
0.0,0.0,15.068,11.907,-7.514,0.0,150.0,400.0,-200.0
0.0,0.0,15.152,11.944,-7.528,0.0,150.0,400.0,-200.0
0.0,0.0,15.236,11.981,-7.543,0.0,150.0,400.0,-200.0
0.0,0.0,15.321,12.017,-7.558,0.0,150.0,400.0,-200.0
0.0,0.0,15.405,12.054,-7.573,0.0,150.0,400.0,-200.0
0.0,0.0,15.49,12.091,-7.589,0.0,150.0,400.0,-200.0
0.0,0.0,15.575,12.128,-7.605,0.0,150.0,400.0,-200.0
0.0,0.0,15.66,12.165,-7.621,0.0,150.0,400.0,-200.0
0.0,0.0,15.746,12.203,-7.637,0.0,150.0,400.0,-200.0
0.0,0.0,15.831,12.24,-7.654,0.0,150.0,400.0,-200.0
0.0,0.0,15.917,12.277,-7.671,0.0,150.0,400.0,-200.0
0.0,0.0,16.003,12.314,-7.689,0.0,150.0,400.0,-200.0
0.0,0.0,16.089,12.352,-7.706,0.0,150.0,400.0,-200.0
0.0,0.0,16.175,12.389,-7.725,0.0,150.0,400.0,-200.0
0.0,0.0,16.262,12.427,-7.743,0.0,150.0,400.0,-200.0
0.0,0.0,16.348,12.464,-7.762,0.0,150.0,400.0,-200.0
0.0,0.0,16.435,12.502,-7.781,0.0,150.0,400.0,-200.0
0.0,0.0,16.522,12.54,-7.8,0.0,150.0,400.0,-200.0
0.0,0.0,16.609,12.578,-7.82,0.0,150.0,400.0,-200.0
0.0,0.0,16.696,12.615,-7.84,0.0,150.0,400.0,-200.0
0.0,0.0,16.783,12.653,-7.861,0.0,150.0,400.0,-200.0
0.0,0.0,16.87,12.691,-7.881,0.0,150.0,400.0,-200.0
0.0,0.0,16.958,12.729,-7.903,0.0,150.0,400.0,-200.0
0.0,0.0,17.045,12.767,-7.924,0.0,150.0,400.0,-200.0
0.0,0.0,17.133,12.805,-7.946,0.0,150.0,400.0,-200.0
0.0,0.0,17.221,12.842,-7.968,0.0,150.0,400.0,-200.0
0.0,0.0,17.309,12.88,-7.991,0.0,150.0,400.0,-200.0
0.0,0.0,17.397,12.918,-8.014,0.0,150.0,400.0,-200.0
0.0,0.0,17.485,12.956,-8.037,0.0,150.0,400.0,-200.0
0.0,0.0,17.573,12.994,-8.061,0.0,150.0,400.0,-200.0
0.0,0.0,17.661,13.032,-8.085,0.0,150.0,400.0,-200.0
0.0,0.0,17.75,13.07,-8.11,0.0,150.0,400.0,-200.0
0.0,0.0,17.838,13.108,-8.134,0.0,150.0,400.0,-200.0
0.0,0.0,17.927,13.146,-8.16,0.0,150.0,400.0,-200.0
0.0,0.0,18.193,13.259,-8.238,0.0,150.0,400.0,-200.0
0.0,0.0,18.282,13.297,-8.265,0.0,150.0,400.0,-200.0
0.0,0.0,18.37,13.335,-8.292,0.0,150.0,400.0,-200.0
0.0,0.0,18.459,13.373,-8.319,0.0,150.0,400.0,-200.0
0.0,0.0,18.548,13.411,-8.347,0.0,150.0,400.0,-200.0
0.0,0.0,18.637,13.448,-8.376,0.0,150.0,400.0,-200.0
0.0,0.0,18.726,13.486,-8.404,0.0,150.0,400.0,-200.0
0.0,0.0,18.815,13.524,-8.434,0.0,150.0,400.0,-200.0
0.0,0.0,18.904,13.561,-8.463,0.0,150.0,400.0,-200.0
0.0,0.0,18.993,13.599,-8.493,0.0,150.0,400.0,-200.0
0.0,0.0,19.082,13.636,-8.524,0.0,150.0,400.0,-200.0
0.0,0.0,19.171,13.673,-8.555,0.0,150.0,400.0,-200.0
0.0,0.0,19.26,13.711,-8.586,0.0,150.0,400.0,-200.0
0.0,0.0,19.349,13.748,-8.617,0.0,150.0,400.0,-200.0
0.0,0.0,19.438,13.785,-8.65,0.0,150.0,400.0,-200.0
0.0,0.0,19.527,13.822,-8.682,0.0,150.0,400.0,-200.0
0.0,0.0,19.616,13.86,-8.715,0.0,150.0,400.0,-200.0
0.0,0.0,19.705,13.897,-8.748,0.0,150.0,400.0,-200.0
0.0,0.0,19.794,13.933,-8.782,0.0,150.0,400.0,-200.0
0.0,0.0,19.883,13.97,-8.816,0.0,150.0,400.0,-200.0
0.0,0.0,19.972,14.007,-8.851,0.0,150.0,400.0,-200.0
0.0,0.0,20.061,14.044,-8.886,0.0,150.0,400.0,-200.0
0.0,0.0,20.149,14.08,-8.921,0.0,150.0,400.0,-200.0
0.0,0.0,20.238,14.117,-8.957,0.0,150.0,400.0,-200.0
0.0,0.0,20.327,14.153,-8.993,0.0,150.0,400.0,-200.0
0.0,0.0,20.415,14.19,-9.03,0.0,150.0,400.0,-200.0
0.0,0.0,20.504,14.226,-9.067,0.0,150.0,400.0,-200.0
0.0,0.0,20.592,14.262,-9.105,0.0,150.0,400.0,-200.0
0.0,0.0,20.681,14.298,-9.143,0.0,150.0,400.0,-200.0
0.0,0.0,20.769,14.334,-9.181,0.0,150.0,400.0,-200.0
0.0,0.0,20.857,14.37,-9.22,0.0,150.0,400.0,-200.0
0.0,0.0,20.945,14.405,-9.259,0.0,150.0,400.0,-200.0
0.0,0.0,21.033,14.441,-9.299,0.0,150.0,400.0,-200.0
0.0,0.0,21.121,14.476,-9.339,0.0,150.0,400.0,-200.0
0.0,0.0,21.209,14.512,-9.38,0.0,150.0,400.0,-200.0
0.0,0.0,21.296,14.547,-9.421,0.0,150.0,400.0,-200.0
0.0,0.0,21.384,14.582,-9.462,0.0,150.0,400.0,-200.0
0.0,0.0,21.471,14.617,-9.504,0.0,150.0,400.0,-200.0
0.0,0.0,21.559,14.652,-9.546,0.0,150.0,400.0,-200.0
0.0,0.0,21.646,14.687,-9.589,0.0,150.0,400.0,-200.0
0.0,0.0,21.733,14.722,-9.632,0.0,150.0,400.0,-200.0
0.0,0.0,21.82,14.756,-9.676,0.0,150.0,400.0,-200.0
0.0,0.0,21.907,14.791,-9.72,0.0,150.0,400.0,-200.0
0.0,0.0,21.993,14.825,-9.764,0.0,150.0,400.0,-200.0
0.0,0.0,22.08,14.859,-9.809,0.0,150.0,400.0,-200.0
0.0,0.0,22.166,14.894,-9.855,0.0,150.0,400.0,-200.0
0.0,0.0,22.252,14.928,-9.9,0.0,150.0,400.0,-200.0
0.0,0.0,22.338,14.961,-9.947,0.0,150.0,400.0,-200.0
0.0,0.0,22.424,14.995,-9.993,0.0,150.0,400.0,-200.0
0.0,0.0,22.509,15.029,-10.04,0.0,150.0,400.0,-200.0
0.0,0.0,22.595,15.062,-10.088,0.0,150.0,400.0,-200.0
0.0,0.0,22.68,15.096,-10.136,0.0,150.0,400.0,-200.0
0.0,0.0,22.765,15.129,-10.184,0.0,150.0,400.0,-200.0
0.0,0.0,22.85,15.162,-10.233,0.0,150.0,400.0,-200.0
0.0,0.0,22.935,15.195,-10.282,0.0,150.0,400.0,-200.0
0.0,0.0,23.019,15.228,-10.332,0.0,150.0,400.0,-200.0
0.0,0.0,23.103,15.261,-10.382,0.0,150.0,400.0,-200.0
0.0,0.0,23.187,15.294,-10.432,0.0,150.0,400.0,-200.0
0.0,0.0,23.271,15.326,-10.483,0.0,150.0,400.0,-200.0
0.0,0.0,23.355,15.359,-10.534,0.0,150.0,400.0,-200.0
0.0,0.0,23.438,15.391,-10.586,0.0,150.0,400.0,-200.0
0.0,0.0,23.521,15.423,-10.638,0.0,150.0,400.0,-200.0
0.0,0.0,23.604,15.455,-10.691,0.0,150.0,400.0,-200.0
0.0,0.0,23.687,15.487,-10.743,0.0,150.0,400.0,-200.0
0.0,0.0,23.769,15.519,-10.797,0.0,150.0,400.0,-200.0
0.0,0.0,23.851,15.551,-10.851,0.0,150.0,400.0,-200.0
0.0,0.0,23.933,15.583,-10.905,0.0,150.0,400.0,-200.0
0.0,0.0,24.015,15.614,-10.959,0.0,150.0,400.0,-200.0
0.0,0.0,24.097,15.646,-11.014,0.0,150.0,400.0,-200.0
0.0,0.0,24.178,15.677,-11.07,0.0,150.0,400.0,-200.0
0.0,0.0,24.259,15.708,-11.125,0.0,150.0,400.0,-200.0
0.0,0.0,24.339,15.739,-11.182,0.0,150.0,400.0,-200.0
0.0,0.0,24.42,15.77,-11.238,0.0,150.0,400.0,-200.0
0.0,0.0,24.5,15.801,-11.295,0.0,150.0,400.0,-200.0
0.0,0.0,24.58,15.832,-11.353,0.0,150.0,400.0,-200.0
0.0,0.0,24.738,15.894,-11.468,0.0,150.0,400.0,-200.0
0.0,0.0,24.817,15.925,-11.527,0.0,150.0,400.0,-200.0
0.0,0.0,25.052,16.016,-11.705,0.0,150.0,400.0,-200.0
0.0,0.0,25.13,16.047,-11.765,0.0,150.0,400.0,-200.0
0.0,0.0,25.208,16.077,-11.825,0.0,150.0,400.0,-200.0
0.0,0.0,25.285,16.107,-11.886,0.0,150.0,400.0,-200.0
0.0,0.0,25.362,16.137,-11.947,0.0,150.0,400.0,-200.0
0.0,0.0,25.438,16.168,-12.009,0.0,150.0,400.0,-200.0
0.0,0.0,25.515,16.198,-12.071,0.0,150.0,400.0,-200.0
0.0,0.0,25.591,16.228,-12.133,0.0,150.0,400.0,-200.0
0.0,0.0,25.666,16.258,-12.196,0.0,150.0,400.0,-200.0
0.0,0.0,25.741,16.288,-12.259,0.0,150.0,400.0,-200.0
0.0,0.0,25.816,16.318,-12.322,0.0,150.0,400.0,-200.0
0.0,0.0,25.891,16.348,-12.386,0.0,150.0,400.0,-200.0
0.0,0.0,25.965,16.377,-12.45,0.0,150.0,400.0,-200.0
0.0,0.0,26.039,16.407,-12.514,0.0,150.0,400.0,-200.0
0.0,0.0,26.113,16.437,-12.579,0.0,150.0,400.0,-200.0
0.0,0.0,26.186,16.467,-12.644,0.0,150.0,400.0,-200.0
0.0,0.0,26.259,16.497,-12.709,0.0,150.0,400.0,-200.0
0.0,0.0,26.331,16.526,-12.775,0.0,150.0,400.0,-200.0
0.0,0.0,26.404,16.556,-12.841,0.0,150.0,400.0,-200.0
0.0,0.0,26.476,16.586,-12.908,0.0,150.0,400.0,-200.0
0.0,0.0,26.547,16.616,-12.974,0.0,150.0,400.0,-200.0
0.0,0.0,26.618,16.646,-13.041,0.0,150.0,400.0,-200.0
0.0,0.0,26.689,16.675,-13.109,0.0,150.0,400.0,-200.0
0.0,0.0,26.759,16.705,-13.176,0.0,150.0,400.0,-200.0
0.0,0.0,26.829,16.735,-13.244,0.0,150.0,400.0,-200.0
0.0,0.0,26.899,16.765,-13.313,0.0,150.0,400.0,-200.0
0.0,0.0,26.969,16.795,-13.381,0.0,150.0,400.0,-200.0
0.0,0.0,27.037,16.825,-13.45,0.0,150.0,400.0,-200.0
0.0,0.0,27.106,16.855,-13.52,0.0,150.0,400.0,-200.0
0.0,0.0,27.174,16.885,-13.589,0.0,150.0,400.0,-200.0
0.0,0.0,27.242,16.915,-13.659,0.0,150.0,400.0,-200.0
0.0,0.0,27.31,16.945,-13.729,0.0,150.0,400.0,-200.0
0.0,0.0,27.377,16.975,-13.799,0.0,150.0,400.0,-200.0
0.0,0.0,27.443,17.006,-13.87,0.0,150.0,400.0,-200.0
0.0,0.0,27.51,17.036,-13.941,0.0,150.0,400.0,-200.0
0.0,0.0,27.576,17.066,-14.012,0.0,150.0,400.0,-200.0
0.0,0.0,27.641,17.097,-14.084,0.0,150.0,400.0,-200.0
0.0,0.0,27.706,17.127,-14.156,0.0,150.0,400.0,-200.0
0.0,0.0,27.771,17.158,-14.228,0.0,150.0,400.0,-200.0
0.0,0.0,27.836,17.189,-14.3,0.0,150.0,400.0,-200.0
0.0,0.0,27.9,17.22,-14.373,0.0,150.0,400.0,-200.0
0.0,0.0,27.963,17.251,-14.446,0.0,150.0,400.0,-200.0
0.0,0.0,28.026,17.282,-14.519,0.0,150.0,400.0,-200.0
0.0,0.0,28.089,17.313,-14.592,0.0,150.0,400.0,-200.0
0.0,0.0,28.152,17.344,-14.666,0.0,150.0,400.0,-200.0
0.0,0.0,28.214,17.376,-14.74,0.0,150.0,400.0,-200.0
0.0,0.0,28.275,17.407,-14.814,0.0,150.0,400.0,-200.0
0.0,0.0,28.337,17.439,-14.888,0.0,150.0,400.0,-200.0
0.0,0.0,28.398,17.471,-14.963,0.0,150.0,400.0,-200.0
0.0,0.0,28.458,17.503,-15.038,0.0,150.0,400.0,-200.0
0.0,0.0,28.518,17.535,-15.113,0.0,150.0,400.0,-200.0
0.0,0.0,28.578,17.568,-15.188,0.0,150.0,400.0,-200.0
0.0,0.0,28.637,17.6,-15.264,0.0,150.0,400.0,-200.0
0.0,0.0,28.696,17.633,-15.339,0.0,150.0,400.0,-200.0
0.0,0.0,28.754,17.666,-15.415,0.0,150.0,400.0,-200.0
0.0,0.0,28.812,17.699,-15.492,0.0,150.0,400.0,-200.0
0.0,0.0,28.87,17.732,-15.568,0.0,150.0,400.0,-200.0
0.0,0.0,28.927,17.765,-15.645,0.0,150.0,400.0,-200.0
0.0,0.0,28.984,17.799,-15.721,0.0,150.0,400.0,-200.0
0.0,0.0,29.041,17.833,-15.798,0.0,150.0,400.0,-200.0
0.0,0.0,29.097,17.867,-15.876,0.0,150.0,400.0,-200.0
0.0,0.0,29.152,17.901,-15.953,0.0,150.0,400.0,-200.0
0.0,0.0,29.208,17.935,-16.031,0.0,150.0,400.0,-200.0
0.0,0.0,29.263,17.97,-16.109,0.0,150.0,400.0,-200.0
0.0,0.0,29.317,18.005,-16.187,0.0,150.0,400.0,-200.0
0.0,0.0,29.371,18.04,-16.265,0.0,150.0,400.0,-200.0
0.0,0.0,29.425,18.076,-16.343,0.0,150.0,400.0,-200.0
0.0,0.0,29.478,18.111,-16.422,0.0,150.0,400.0,-200.0
0.0,0.0,29.531,18.147,-16.5,0.0,150.0,400.0,-200.0
0.0,0.0,29.583,18.183,-16.579,0.0,150.0,400.0,-200.0
0.0,0.0,29.636,18.22,-16.658,0.0,150.0,400.0,-200.0
0.0,0.0,29.687,18.256,-16.737,0.0,150.0,400.0,-200.0
0.0,0.0,29.739,18.293,-16.817,0.0,150.0,400.0,-200.0
0.0,0.0,29.789,18.331,-16.896,0.0,150.0,400.0,-200.0
0.0,0.0,29.84,18.368,-16.976,0.0,150.0,400.0,-200.0
0.0,0.0,29.89,18.406,-17.056,0.0,150.0,400.0,-200.0
0.0,0.0,30.038,18.521,-17.296,0.0,150.0,400.0,-200.0
0.0,0.0,30.087,18.56,-17.377,0.0,150.0,400.0,-200.0
0.0,0.0,30.135,18.6,-17.458,0.0,150.0,400.0,-200.0
0.0,0.0,30.183,18.639,-17.538,0.0,150.0,400.0,-200.0
0.0,0.0,30.23,18.679,-17.619,0.0,150.0,400.0,-200.0
0.0,0.0,30.277,18.72,-17.7,0.0,150.0,400.0,-200.0
0.0,0.0,30.324,18.761,-17.781,0.0,150.0,400.0,-200.0
0.0,0.0,30.37,18.802,-17.862,0.0,150.0,400.0,-200.0
0.0,0.0,30.416,18.843,-17.944,0.0,150.0,400.0,-200.0
0.0,0.0,30.462,18.885,-18.025,0.0,150.0,400.0,-200.0
0.0,0.0,30.507,18.927,-18.107,0.0,150.0,400.0,-200.0
0.0,0.0,30.552,18.969,-18.189,0.0,150.0,400.0,-200.0
0.0,0.0,30.597,19.012,-18.271,0.0,150.0,400.0,-200.0
0.0,0.0,30.641,19.055,-18.353,0.0,150.0,400.0,-200.0
0.0,0.0,30.685,19.099,-18.435,0.0,150.0,400.0,-200.0
0.0,0.0,30.728,19.143,-18.517,0.0,150.0,400.0,-200.0
0.0,0.0,30.771,19.188,-18.599,0.0,150.0,400.0,-200.0
0.0,0.0,30.814,19.232,-18.681,0.0,150.0,400.0,-200.0
0.0,0.0,30.856,19.278,-18.764,0.0,150.0,400.0,-200.0
0.0,0.0,30.898,19.323,-18.847,0.0,150.0,400.0,-200.0
0.0,0.0,30.94,19.369,-18.929,0.0,150.0,400.0,-200.0
0.0,0.0,30.981,19.416,-19.012,0.0,150.0,400.0,-200.0
0.0,0.0,31.022,19.463,-19.095,0.0,150.0,400.0,-200.0
0.0,0.0,31.063,19.51,-19.178,0.0,150.0,400.0,-200.0
0.0,0.0,31.104,19.558,-19.261,0.0,150.0,400.0,-200.0
0.0,0.0,31.144,19.606,-19.344,0.0,150.0,400.0,-200.0
0.0,0.0,31.183,19.654,-19.427,0.0,150.0,400.0,-200.0
0.0,0.0,31.223,19.703,-19.511,0.0,150.0,400.0,-200.0
0.0,0.0,31.262,19.753,-19.594,0.0,150.0,400.0,-200.0
0.0,0.0,31.301,19.803,-19.677,0.0,150.0,400.0,-200.0
0.0,0.0,31.339,19.853,-19.761,0.0,150.0,400.0,-200.0
0.0,0.0,31.378,19.904,-19.845,0.0,150.0,400.0,-200.0
0.0,0.0,31.416,19.956,-19.928,0.0,150.0,400.0,-200.0
0.0,0.0,31.453,20.007,-20.012,0.0,150.0,400.0,-200.0
0.0,0.0,31.491,20.06,-20.096,0.0,150.0,400.0,-200.0
0.0,0.0,31.528,20.113,-20.18,0.0,150.0,400.0,-200.0
0.0,0.0,31.565,20.166,-20.264,0.0,150.0,400.0,-200.0
0.0,0.0,31.601,20.22,-20.348,0.0,150.0,400.0,-200.0
0.0,0.0,31.638,20.274,-20.432,0.0,150.0,400.0,-200.0
0.0,0.0,31.674,20.329,-20.516,0.0,150.0,400.0,-200.0
0.0,0.0,31.709,20.384,-20.6,0.0,150.0,400.0,-200.0
0.0,0.0,31.745,20.44,-20.684,0.0,150.0,400.0,-200.0
0.0,0.0,31.78,20.496,-20.769,0.0,150.0,400.0,-200.0
0.0,0.0,31.815,20.553,-20.853,0.0,150.0,400.0,-200.0
0.0,0.0,31.85,20.61,-20.938,0.0,150.0,400.0,-200.0
0.0,0.0,31.885,20.668,-21.022,0.0,150.0,400.0,-200.0
0.0,0.0,31.919,20.726,-21.107,0.0,150.0,400.0,-200.0
0.0,0.0,31.953,20.785,-21.192,0.0,150.0,400.0,-200.0
0.0,0.0,31.987,20.844,-21.276,0.0,150.0,400.0,-200.0
0.0,0.0,32.021,20.904,-21.361,0.0,150.0,400.0,-200.0
0.0,0.0,32.054,20.965,-21.446,0.0,150.0,400.0,-200.0
0.0,0.0,32.088,21.026,-21.531,0.0,150.0,400.0,-200.0
0.0,0.0,32.121,21.087,-21.616,0.0,150.0,400.0,-200.0
0.0,0.0,32.154,21.149,-21.701,0.0,150.0,400.0,-200.0
0.0,0.0,32.187,21.212,-21.786,0.0,150.0,400.0,-200.0
0.0,0.0,32.219,21.275,-21.871,0.0,150.0,400.0,-200.0
0.0,0.0,32.252,21.339,-21.956,0.0,150.0,400.0,-200.0
0.0,0.0,32.284,21.403,-22.041,0.0,150.0,400.0,-200.0
0.0,0.0,32.316,21.468,-22.126,0.0,150.0,400.0,-200.0
0.0,0.0,32.348,21.534,-22.211,0.0,150.0,400.0,-200.0
0.0,0.0,32.38,21.6,-22.297,0.0,150.0,400.0,-200.0
0.0,0.0,32.412,21.666,-22.382,0.0,150.0,400.0,-200.0
0.0,0.0,32.444,21.734,-22.468,0.0,150.0,400.0,-200.0
0.0,0.0,32.507,21.87,-22.639,0.0,150.0,400.0,-200.0
0.0,0.0,32.538,21.938,-22.724,0.0,150.0,400.0,-200.0
0.0,0.0,32.569,22.008,-22.81,0.0,150.0,400.0,-200.0
0.0,0.0,32.6,22.078,-22.896,0.0,150.0,400.0,-200.0
0.0,0.0,32.631,22.149,-22.981,0.0,150.0,400.0,-200.0
0.0,0.0,32.662,22.22,-23.067,0.0,150.0,400.0,-200.0
0.0,0.0,32.693,22.292,-23.153,0.0,150.0,400.0,-200.0
0.0,0.0,32.724,22.364,-23.239,0.0,150.0,400.0,-200.0
0.0,0.0,32.755,22.437,-23.325,0.0,150.0,400.0,-200.0
0.0,0.0,32.785,22.511,-23.411,0.0,150.0,400.0,-200.0
0.0,0.0,32.816,22.585,-23.497,0.0,150.0,400.0,-200.0
0.0,0.0,32.847,22.66,-23.583,0.0,150.0,400.0,-200.0
0.0,0.0,32.877,22.735,-23.669,0.0,150.0,400.0,-200.0
0.0,0.0,32.908,22.811,-23.755,0.0,150.0,400.0,-200.0
0.0,0.0,32.969,22.965,-23.928,0.0,150.0,400.0,-200.0
0.0,0.0,33.0,23.043,-24.014,0.0,150.0,400.0,-200.0
0.0,0.0,33.03,23.121,-24.1,0.0,150.0,400.0,-200.0
0.0,0.0,33.061,23.2,-24.187,0.0,150.0,400.0,-200.0
0.0,0.0,33.091,23.28,-24.273,0.0,150.0,400.0,-200.0
0.0,0.0,33.122,23.36,-24.36,0.0,150.0,400.0,-200.0
0.0,0.0,33.153,23.441,-24.447,0.0,150.0,400.0,-200.0
0.0,0.0,33.183,23.522,-24.533,0.0,150.0,400.0,-200.0
0.0,0.0,33.214,23.605,-24.62,0.0,150.0,400.0,-200.0
0.0,0.0,33.245,23.687,-24.707,0.0,150.0,400.0,-200.0
0.0,0.0,33.276,23.771,-24.793,0.0,150.0,400.0,-200.0
0.0,0.0,33.307,23.855,-24.88,0.0,150.0,400.0,-200.0
0.0,0.0,33.338,23.939,-24.967,0.0,150.0,400.0,-200.0
0.0,0.0,33.369,24.024,-25.054,0.0,150.0,400.0,-200.0
0.0,0.0,33.4,24.11,-25.141,0.0,150.0,400.0,-200.0
0.0,0.0,33.432,24.197,-25.228,0.0,150.0,400.0,-200.0
0.0,0.0,33.463,24.284,-25.316,0.0,150.0,400.0,-200.0
0.0,0.0,33.495,24.371,-25.403,0.0,150.0,400.0,-200.0
0.0,0.0,33.527,24.46,-25.49,0.0,150.0,400.0,-200.0
0.0,0.0,33.558,24.549,-25.578,0.0,150.0,400.0,-200.0
0.0,0.0,33.59,24.638,-25.665,0.0,150.0,400.0,-200.0
0.0,0.0,33.623,24.728,-25.752,0.0,150.0,400.0,-200.0
0.0,0.0,33.655,24.819,-25.84,0.0,150.0,400.0,-200.0
0.0,0.0,33.687,24.911,-25.928,0.0,150.0,400.0,-200.0
0.0,0.0,33.72,25.003,-26.015,0.0,150.0,400.0,-200.0
0.0,0.0,33.753,25.095,-26.103,0.0,150.0,400.0,-200.0
0.0,0.0,33.786,25.189,-26.191,0.0,150.0,400.0,-200.0
0.0,0.0,33.819,25.283,-26.279,0.0,150.0,400.0,-200.0
0.0,0.0,33.852,25.377,-26.367,0.0,150.0,400.0,-200.0
0.0,0.0,33.886,25.473,-26.455,0.0,150.0,400.0,-200.0
0.0,0.0,33.92,25.568,-26.543,0.0,150.0,400.0,-200.0
0.0,0.0,33.954,25.665,-26.631,0.0,150.0,400.0,-200.0
0.0,0.0,33.988,25.762,-26.719,0.0,150.0,400.0,-200.0
0.0,0.0,34.023,25.86,-26.807,0.0,150.0,400.0,-200.0
0.0,0.0,34.057,25.958,-26.896,0.0,150.0,400.0,-200.0
0.0,0.0,34.093,26.057,-26.984,0.0,150.0,400.0,-200.0
0.0,0.0,34.128,26.156,-27.073,0.0,150.0,400.0,-200.0
0.0,0.0,34.163,26.256,-27.161,0.0,150.0,400.0,-200.0
0.0,0.0,34.199,26.357,-27.25,0.0,150.0,400.0,-200.0
0.0,0.0,34.235,26.459,-27.339,0.0,150.0,400.0,-200.0
0.0,0.0,34.272,26.561,-27.428,0.0,150.0,400.0,-200.0
0.0,0.0,34.308,26.663,-27.516,0.0,150.0,400.0,-200.0
0.0,0.0,34.345,26.767,-27.605,0.0,150.0,400.0,-200.0
0.0,0.0,34.383,26.87,-27.695,0.0,150.0,400.0,-200.0
0.0,0.0,34.42,26.975,-27.784,0.0,150.0,400.0,-200.0
0.0,0.0,34.458,27.08,-27.873,0.0,150.0,400.0,-200.0
0.0,0.0,34.497,27.186,-27.962,0.0,150.0,400.0,-200.0
0.0,0.0,34.535,27.292,-28.052,0.0,150.0,400.0,-200.0
0.0,0.0,34.574,27.399,-28.141,0.0,150.0,400.0,-200.0
0.0,0.0,34.613,27.506,-28.23,0.0,150.0,400.0,-200.0
0.0,0.0,34.653,27.614,-28.32,0.0,150.0,400.0,-200.0
0.0,0.0,34.693,27.723,-28.41,0.0,150.0,400.0,-200.0
0.0,0.0,34.734,27.832,-28.5,0.0,150.0,400.0,-200.0
0.0,0.0,34.774,27.942,-28.589,0.0,150.0,400.0,-200.0
0.0,0.0,34.815,28.053,-28.679,0.0,150.0,400.0,-200.0
0.0,0.0,34.857,28.164,-28.769,0.0,150.0,400.0,-200.0
0.0,0.0,34.899,28.276,-28.86,0.0,150.0,400.0,-200.0
0.0,0.0,34.941,28.388,-28.95,0.0,150.0,400.0,-200.0
0.0,0.0,34.984,28.501,-29.04,0.0,150.0,400.0,-200.0
0.0,0.0,35.027,28.614,-29.131,0.0,150.0,400.0,-200.0
0.0,0.0,35.071,28.728,-29.221,0.0,150.0,400.0,-200.0
0.0,0.0,35.115,28.843,-29.312,0.0,150.0,400.0,-200.0
0.0,0.0,35.159,28.958,-29.402,0.0,150.0,400.0,-200.0
0.0,0.0,35.204,29.074,-29.493,0.0,150.0,400.0,-200.0
0.0,0.0,35.25,29.19,-29.584,0.0,150.0,400.0,-200.0
0.0,0.0,35.295,29.307,-29.675,0.0,150.0,400.0,-200.0
0.0,0.0,35.342,29.424,-29.766,0.0,150.0,400.0,-200.0
0.0,0.0,35.388,29.542,-29.857,0.0,150.0,400.0,-200.0
0.0,0.0,35.436,29.661,-29.948,0.0,150.0,400.0,-200.0
0.0,0.0,35.483,29.78,-30.039,0.0,150.0,400.0,-200.0
0.0,0.0,35.531,29.9,-30.131,0.0,150.0,400.0,-200.0
0.0,0.0,35.58,30.02,-30.222,0.0,150.0,400.0,-200.0
0.0,0.0,35.629,30.141,-30.314,0.0,150.0,400.0,-200.0
0.0,0.0,35.679,30.262,-30.406,0.0,150.0,400.0,-200.0
0.0,0.0,35.729,30.384,-30.497,0.0,150.0,400.0,-200.0
0.0,0.0,35.779,30.506,-30.589,0.0,150.0,400.0,-200.0
0.0,0.0,35.83,30.629,-30.681,0.0,150.0,400.0,-200.0
0.0,0.0,35.934,30.877,-30.865,0.0,150.0,400.0,-200.0
0.0,0.0,35.987,31.001,-30.958,0.0,150.0,400.0,-200.0
0.0,0.0,36.04,31.126,-31.05,0.0,150.0,400.0,-200.0
0.0,0.0,36.094,31.252,-31.142,0.0,150.0,400.0,-200.0
0.0,0.0,36.148,31.378,-31.235,0.0,150.0,400.0,-200.0
0.0,0.0,36.203,31.505,-31.327,0.0,150.0,400.0,-200.0
0.0,0.0,36.258,31.632,-31.42,0.0,150.0,400.0,-200.0
0.0,0.0,36.314,31.759,-31.513,0.0,150.0,400.0,-200.0
0.0,0.0,36.37,31.887,-31.606,0.0,150.0,400.0,-200.0
0.0,0.0,36.427,32.016,-31.699,0.0,150.0,400.0,-200.0
0.0,0.0,36.485,32.145,-31.792,0.0,150.0,400.0,-200.0
0.0,0.0,36.543,32.274,-31.885,0.0,150.0,400.0,-200.0
0.0,0.0,36.602,32.404,-31.978,0.0,150.0,400.0,-200.0
0.0,0.0,36.661,32.535,-32.072,0.0,150.0,400.0,-200.0
0.0,0.0,36.721,32.666,-32.165,0.0,150.0,400.0,-200.0
0.0,0.0,36.781,32.797,-32.259,0.0,150.0,400.0,-200.0
0.0,0.0,36.842,32.929,-32.352,0.0,150.0,400.0,-200.0
0.0,0.0,36.904,33.061,-32.446,0.0,150.0,400.0,-200.0
0.0,0.0,37.028,33.327,-32.634,0.0,150.0,400.0,-200.0
0.0,0.0,37.092,33.461,-32.728,0.0,150.0,400.0,-200.0
0.0,0.0,37.156,33.595,-32.822,0.0,150.0,400.0,-200.0
0.0,0.0,37.22,33.73,-32.916,0.0,150.0,400.0,-200.0
0.0,0.0,37.285,33.865,-33.01,0.0,150.0,400.0,-200.0
0.0,0.0,37.351,34.0,-33.104,0.0,150.0,400.0,-200.0
0.0,0.0,37.417,34.136,-33.199,0.0,150.0,400.0,-200.0
0.0,0.0,37.484,34.272,-33.293,0.0,150.0,400.0,-200.0
0.0,0.0,37.551,34.408,-33.388,0.0,150.0,400.0,-200.0
0.0,0.0,37.619,34.545,-33.482,0.0,150.0,400.0,-200.0
0.0,0.0,37.688,34.683,-33.577,0.0,150.0,400.0,-200.0
0.0,0.0,37.757,34.82,-33.672,0.0,150.0,400.0,-200.0
0.0,0.0,37.827,34.959,-33.767,0.0,150.0,400.0,-200.0
0.0,0.0,37.898,35.097,-33.862,0.0,150.0,400.0,-200.0
0.0,0.0,37.969,35.236,-33.957,0.0,150.0,400.0,-200.0
0.0,0.0,38.04,35.375,-34.052,0.0,150.0,400.0,-200.0
0.0,0.0,38.113,35.515,-34.147,0.0,150.0,400.0,-200.0
0.0,0.0,38.186,35.655,-34.242,0.0,150.0,400.0,-200.0
0.0,0.0,38.259,35.795,-34.338,0.0,150.0,400.0,-200.0
0.0,0.0,38.333,35.935,-34.433,0.0,150.0,400.0,-200.0
0.0,0.0,38.408,36.076,-34.529,0.0,150.0,400.0,-200.0
0.0,0.0,38.483,36.218,-34.624,0.0,150.0,400.0,-200.0
0.0,0.0,38.559,36.359,-34.72,0.0,150.0,400.0,-200.0
0.0,0.0,38.636,36.501,-34.815,0.0,150.0,400.0,-200.0
0.0,0.0,38.713,36.643,-34.911,0.0,150.0,400.0,-200.0
0.0,0.0,38.791,36.786,-35.007,0.0,150.0,400.0,-200.0
0.0,0.0,38.869,36.928,-35.102,0.0,150.0,400.0,-200.0
0.0,0.0,38.948,37.071,-35.198,0.0,150.0,400.0,-200.0
0.0,0.0,39.028,37.215,-35.294,0.0,150.0,400.0,-200.0
0.0,0.0,39.108,37.358,-35.39,0.0,150.0,400.0,-200.0
0.0,0.0,39.189,37.502,-35.486,0.0,150.0,400.0,-200.0
0.0,0.0,39.27,37.646,-35.582,0.0,150.0,400.0,-200.0
0.0,0.0,39.352,37.79,-35.678,0.0,150.0,400.0,-200.0
0.0,0.0,39.435,37.935,-35.774,0.0,150.0,400.0,-200.0
0.0,0.0,39.518,38.08,-35.87,0.0,150.0,400.0,-200.0
0.0,0.0,39.602,38.225,-35.967,0.0,150.0,400.0,-200.0
0.0,0.0,39.686,38.37,-36.063,0.0,150.0,400.0,-200.0
0.0,0.0,39.771,38.515,-36.159,0.0,150.0,400.0,-200.0
0.0,0.0,39.856,38.661,-36.255,0.0,150.0,400.0,-200.0
0.0,0.0,39.942,38.807,-36.352,0.0,150.0,400.0,-200.0
0.0,0.0,40.029,38.953,-36.448,0.0,150.0,400.0,-200.0
0.0,0.0,40.116,39.099,-36.544,0.0,150.0,400.0,-200.0
0.0,0.0,40.204,39.245,-36.641,0.0,150.0,400.0,-200.0
0.0,0.0,40.292,39.392,-36.737,0.0,150.0,400.0,-200.0
0.0,0.0,40.471,39.685,-36.93,0.0,150.0,400.0,-200.0
0.0,0.0,40.561,39.832,-37.026,0.0,150.0,400.0,-200.0
0.0,0.0,40.651,39.979,-37.122,0.0,150.0,400.0,-200.0
0.0,0.0,40.742,40.126,-37.219,0.0,150.0,400.0,-200.0
0.0,0.0,40.834,40.273,-37.315,0.0,150.0,400.0,-200.0
0.0,0.0,40.926,40.421,-37.411,0.0,150.0,400.0,-200.0
0.0,0.0,41.018,40.568,-37.507,0.0,150.0,400.0,-200.0
0.0,0.0,41.111,40.716,-37.604,0.0,150.0,400.0,-200.0
0.0,0.0,41.299,41.011,-37.796,0.0,150.0,400.0,-200.0
0.0,0.0,41.394,41.159,-37.892,0.0,150.0,400.0,-200.0
0.0,0.0,41.489,41.306,-37.988,0.0,150.0,400.0,-200.0
0.0,0.0,41.584,41.454,-38.085,0.0,150.0,400.0,-200.0
0.0,0.0,41.68,41.602,-38.181,0.0,150.0,400.0,-200.0
0.0,0.0,41.777,41.75,-38.277,0.0,150.0,400.0,-200.0
0.0,0.0,41.971,42.045,-38.468,0.0,150.0,400.0,-200.0
0.0,0.0,42.069,42.193,-38.564,0.0,150.0,400.0,-200.0
0.0,0.0,42.167,42.341,-38.66,0.0,150.0,400.0,-200.0
0.0,0.0,42.266,42.489,-38.756,0.0,150.0,400.0,-200.0
0.0,0.0,42.365,42.636,-38.851,0.0,150.0,400.0,-200.0
0.0,0.0,42.465,42.784,-38.947,0.0,150.0,400.0,-200.0
0.0,0.0,42.565,42.931,-39.042,0.0,150.0,400.0,-200.0
0.0,0.0,42.665,43.079,-39.137,0.0,150.0,400.0,-200.0
0.0,0.0,42.766,43.226,-39.232,0.0,150.0,400.0,-200.0
0.0,0.0,42.867,43.374,-39.328,0.0,150.0,400.0,-200.0
0.0,0.0,42.968,43.521,-39.423,0.0,150.0,400.0,-200.0
0.0,0.0,43.07,43.668,-39.517,0.0,150.0,400.0,-200.0
0.0,0.0,43.172,43.815,-39.612,0.0,150.0,400.0,-200.0
0.0,0.0,43.275,43.962,-39.707,0.0,150.0,400.0,-200.0
0.0,0.0,43.378,44.109,-39.801,0.0,150.0,400.0,-200.0
0.0,0.0,43.481,44.255,-39.896,0.0,150.0,400.0,-200.0
0.0,0.0,43.688,44.548,-40.084,0.0,150.0,400.0,-200.0
0.0,0.0,43.792,44.694,-40.178,0.0,150.0,400.0,-200.0
0.0,0.0,43.896,44.84,-40.272,0.0,150.0,400.0,-200.0
0.0,0.0,44.001,44.985,-40.365,0.0,150.0,400.0,-200.0
0.0,0.0,44.211,45.276,-40.552,0.0,150.0,400.0,-200.0
0.0,0.0,44.316,45.421,-40.645,0.0,150.0,400.0,-200.0
0.0,0.0,44.422,45.565,-40.738,0.0,150.0,400.0,-200.0
0.0,0.0,44.528,45.71,-40.831,0.0,150.0,400.0,-200.0
0.0,0.0,44.634,45.854,-40.923,0.0,150.0,400.0,-200.0
0.0,0.0,44.74,45.998,-41.016,0.0,150.0,400.0,-200.0
0.0,0.0,44.846,46.142,-41.108,0.0,150.0,400.0,-200.0
0.0,0.0,44.953,46.285,-41.2,0.0,150.0,400.0,-200.0
0.0,0.0,45.06,46.428,-41.292,0.0,150.0,400.0,-200.0
0.0,0.0,45.167,46.571,-41.383,0.0,150.0,400.0,-200.0
0.0,0.0,45.274,46.713,-41.474,0.0,150.0,400.0,-200.0
0.0,0.0,45.381,46.855,-41.565,0.0,150.0,400.0,-200.0
0.0,0.0,45.488,46.997,-41.656,0.0,150.0,400.0,-200.0
0.0,0.0,45.595,47.138,-41.747,0.0,150.0,400.0,-200.0
0.0,0.0,45.703,47.279,-41.837,0.0,150.0,400.0,-200.0
0.0,0.0,45.81,47.42,-41.927,0.0,150.0,400.0,-200.0
0.0,0.0,45.918,47.56,-42.017,0.0,150.0,400.0,-200.0
0.0,0.0,46.025,47.7,-42.106,0.0,150.0,400.0,-200.0
0.0,0.0,46.133,47.839,-42.195,0.0,150.0,400.0,-200.0
0.0,0.0,46.241,47.978,-42.284,0.0,150.0,400.0,-200.0
0.0,0.0,46.349,48.117,-42.373,0.0,150.0,400.0,-200.0
0.0,0.0,46.456,48.255,-42.461,0.0,150.0,400.0,-200.0
0.0,0.0,46.564,48.392,-42.549,0.0,150.0,400.0,-200.0
0.0,0.0,46.672,48.529,-42.637,0.0,150.0,400.0,-200.0
0.0,0.0,46.78,48.666,-42.725,0.0,150.0,400.0,-200.0
0.0,0.0,46.887,48.802,-42.812,0.0,150.0,400.0,-200.0
0.0,0.0,46.995,48.938,-42.899,0.0,150.0,400.0,-200.0
0.0,0.0,47.103,49.073,-42.985,0.0,150.0,400.0,-200.0
0.0,0.0,47.21,49.208,-43.071,0.0,150.0,400.0,-200.0
0.0,0.0,47.318,49.342,-43.157,0.0,150.0,400.0,-200.0
0.0,0.0,47.425,49.476,-43.242,0.0,150.0,400.0,-200.0
0.0,0.0,47.532,49.609,-43.328,0.0,150.0,400.0,-200.0
0.0,0.0,47.639,49.741,-43.412,0.0,150.0,400.0,-200.0
0.0,0.0,47.746,49.873,-43.497,0.0,150.0,400.0,-200.0
0.0,0.0,47.853,50.005,-43.581,0.0,150.0,400.0,-200.0
0.0,0.0,47.96,50.136,-43.664,0.0,150.0,400.0,-200.0
0.0,0.0,48.066,50.266,-43.748,0.0,150.0,400.0,-200.0
0.0,0.0,48.172,50.396,-43.831,0.0,150.0,400.0,-200.0
0.0,0.0,48.279,50.525,-43.913,0.0,150.0,400.0,-200.0
0.0,0.0,48.384,50.653,-43.995,0.0,150.0,400.0,-200.0
0.0,0.0,48.49,50.781,-44.077,0.0,150.0,400.0,-200.0
0.0,0.0,48.596,50.908,-44.158,0.0,150.0,400.0,-200.0
0.0,0.0,48.701,51.035,-44.239,0.0,150.0,400.0,-200.0
0.0,0.0,48.806,51.16,-44.32,0.0,150.0,400.0,-200.0
0.0,0.0,48.91,51.286,-44.4,0.0,150.0,400.0,-200.0
0.0,0.0,49.015,51.41,-44.479,0.0,150.0,400.0,-200.0
0.0,0.0,49.119,51.534,-44.558,0.0,150.0,400.0,-200.0
0.0,0.0,49.223,51.657,-44.637,0.0,150.0,400.0,-200.0
0.0,0.0,49.326,51.78,-44.715,0.0,150.0,400.0,-200.0
0.0,0.0,49.429,51.901,-44.793,0.0,150.0,400.0,-200.0
0.0,0.0,49.532,52.022,-44.871,0.0,150.0,400.0,-200.0
0.0,0.0,49.635,52.143,-44.948,0.0,150.0,400.0,-200.0
0.0,0.0,49.737,52.262,-45.024,0.0,150.0,400.0,-200.0
0.0,0.0,49.838,52.381,-45.1,0.0,150.0,400.0,-200.0
0.0,0.0,49.94,52.499,-45.175,0.0,150.0,400.0,-200.0
0.0,0.0,50.041,52.616,-45.25,0.0,150.0,400.0,-200.0
0.0,0.0,50.341,52.963,-45.473,0.0,150.0,400.0,-200.0
0.0,0.0,50.44,53.078,-45.546,0.0,150.0,400.0,-200.0
0.0,0.0,50.539,53.191,-45.618,0.0,150.0,400.0,-200.0
0.0,0.0,50.637,53.303,-45.69,0.0,150.0,400.0,-200.0
0.0,0.0,50.735,53.415,-45.762,0.0,150.0,400.0,-200.0
0.0,0.0,50.832,53.526,-45.833,0.0,150.0,400.0,-200.0
0.0,0.0,50.929,53.636,-45.903,0.0,150.0,400.0,-200.0
0.0,0.0,51.025,53.745,-45.973,0.0,150.0,400.0,-200.0
0.0,0.0,51.121,53.854,-46.043,0.0,150.0,400.0,-200.0
0.0,0.0,51.216,53.961,-46.111,0.0,150.0,400.0,-200.0
0.0,0.0,51.311,54.068,-46.18,0.0,150.0,400.0,-200.0
0.0,0.0,51.405,54.174,-46.247,0.0,150.0,400.0,-200.0
0.0,0.0,51.498,54.279,-46.315,0.0,150.0,400.0,-200.0
0.0,0.0,51.591,54.383,-46.381,0.0,150.0,400.0,-200.0
0.0,0.0,51.684,54.486,-46.447,0.0,150.0,400.0,-200.0
0.0,0.0,51.776,54.588,-46.513,0.0,150.0,400.0,-200.0
0.0,0.0,51.867,54.69,-46.578,0.0,150.0,400.0,-200.0
0.0,0.0,51.957,54.79,-46.642,0.0,150.0,400.0,-200.0
0.0,0.0,52.047,54.89,-46.706,0.0,150.0,400.0,-200.0
0.0,0.0,52.136,54.988,-46.769,0.0,150.0,400.0,-200.0
0.0,0.0,52.225,55.086,-46.832,0.0,150.0,400.0,-200.0
0.0,0.0,52.313,55.183,-46.894,0.0,150.0,400.0,-200.0
0.0,0.0,52.4,55.278,-46.956,0.0,150.0,400.0,-200.0
0.0,0.0,52.487,55.373,-47.016,0.0,150.0,400.0,-200.0
0.0,0.0,52.573,55.467,-47.077,0.0,150.0,400.0,-200.0
0.0,0.0,52.658,55.56,-47.136,0.0,150.0,400.0,-200.0
0.0,0.0,52.743,55.652,-47.195,0.0,150.0,400.0,-200.0
0.0,0.0,52.827,55.743,-47.254,0.0,150.0,400.0,-200.0
0.0,0.0,52.91,55.834,-47.312,0.0,150.0,400.0,-200.0
0.0,0.0,52.992,55.923,-47.369,0.0,150.0,400.0,-200.0
0.0,0.0,53.074,56.011,-47.426,0.0,150.0,400.0,-200.0
0.0,0.0,53.154,56.098,-47.482,0.0,150.0,400.0,-200.0
0.0,0.0,53.235,56.184,-47.537,0.0,150.0,400.0,-200.0
0.0,0.0,53.314,56.27,-47.592,0.0,150.0,400.0,-200.0
0.0,0.0,53.393,56.354,-47.646,0.0,150.0,400.0,-200.0
0.0,0.0,53.47,56.437,-47.699,0.0,150.0,400.0,-200.0
0.0,0.0,53.547,56.519,-47.752,0.0,150.0,400.0,-200.0
0.0,0.0,53.624,56.601,-47.804,0.0,150.0,400.0,-200.0
0.0,0.0,53.699,56.681,-47.856,0.0,150.0,400.0,-200.0
0.0,0.0,53.774,56.76,-47.907,0.0,150.0,400.0,-200.0
0.0,0.0,53.847,56.838,-47.957,0.0,150.0,400.0,-200.0
0.0,0.0,53.92,56.916,-48.007,0.0,150.0,400.0,-200.0
0.0,0.0,53.992,56.992,-48.056,0.0,150.0,400.0,-200.0
0.0,0.0,54.064,57.067,-48.104,0.0,150.0,400.0,-200.0
0.0,0.0,54.134,57.141,-48.152,0.0,150.0,400.0,-200.0
0.0,0.0,54.204,57.214,-48.199,0.0,150.0,400.0,-200.0
0.0,0.0,54.273,57.286,-48.245,0.0,150.0,400.0,-200.0
0.0,0.0,54.341,57.358,-48.291,0.0,150.0,400.0,-200.0
0.0,0.0,54.408,57.428,-48.336,0.0,150.0,400.0,-200.0
0.0,0.0,54.474,57.497,-48.381,0.0,150.0,400.0,-200.0
0.0,0.0,54.539,57.565,-48.425,0.0,150.0,400.0,-200.0
0.0,0.0,54.604,57.632,-48.468,0.0,150.0,400.0,-200.0
0.0,0.0,54.667,57.698,-48.51,0.0,150.0,400.0,-200.0
0.0,0.0,54.73,57.763,-48.552,0.0,150.0,400.0,-200.0
0.0,0.0,54.791,57.827,-48.593,0.0,150.0,400.0,-200.0
0.0,0.0,54.852,57.889,-48.634,0.0,150.0,400.0,-200.0
0.0,0.0,54.912,57.951,-48.674,0.0,150.0,400.0,-200.0
0.0,0.0,54.971,58.012,-48.713,0.0,150.0,400.0,-200.0
0.0,0.0,55.03,58.072,-48.751,0.0,150.0,400.0,-200.0
0.0,0.0,55.087,58.131,-48.789,0.0,150.0,400.0,-200.0
0.0,0.0,55.143,58.188,-48.827,0.0,150.0,400.0,-200.0
0.0,0.0,55.199,58.245,-48.863,0.0,150.0,400.0,-200.0
0.0,0.0,55.253,58.301,-48.899,0.0,150.0,400.0,-200.0
0.0,0.0,55.307,58.356,-48.934,0.0,150.0,400.0,-200.0
0.0,0.0,55.411,58.462,-49.003,0.0,150.0,400.0,-200.0
0.0,0.0,55.462,58.513,-49.036,0.0,150.0,400.0,-200.0
0.0,0.0,55.512,58.564,-49.069,0.0,150.0,400.0,-200.0
0.0,0.0,55.561,58.614,-49.101,0.0,150.0,400.0,-200.0
0.0,0.0,55.609,58.662,-49.132,0.0,150.0,400.0,-200.0
0.0,0.0,55.656,58.71,-49.163,0.0,150.0,400.0,-200.0
0.0,0.0,55.702,58.756,-49.193,0.0,150.0,400.0,-200.0
0.0,0.0,55.748,58.802,-49.223,0.0,150.0,400.0,-200.0
0.0,0.0,55.792,58.847,-49.252,0.0,150.0,400.0,-200.0
0.0,0.0,55.835,58.89,-49.28,0.0,150.0,400.0,-200.0
0.0,0.0,55.878,58.933,-49.307,0.0,150.0,400.0,-200.0
0.0,0.0,55.92,58.974,-49.334,0.0,150.0,400.0,-200.0
0.0,0.0,56.0,59.055,-49.386,0.0,150.0,400.0,-200.0
0.0,0.0,56.039,59.093,-49.411,0.0,150.0,400.0,-200.0
0.0,0.0,56.077,59.131,-49.436,0.0,150.0,400.0,-200.0
0.0,0.0,56.15,59.204,-49.483,0.0,150.0,400.0,-200.0
0.0,0.0,56.185,59.239,-49.505,0.0,150.0,400.0,-200.0
0.0,0.0,56.219,59.273,-49.527,0.0,150.0,400.0,-200.0
0.0,0.0,56.253,59.306,-49.549,0.0,150.0,400.0,-200.0
0.0,0.0,56.285,59.338,-49.57,0.0,150.0,400.0,-200.0
0.0,0.0,56.317,59.369,-49.59,0.0,150.0,400.0,-200.0
0.0,0.0,56.348,59.399,-49.609,0.0,150.0,400.0,-200.0
0.0,0.0,56.378,59.429,-49.628,0.0,150.0,400.0,-200.0
0.0,0.0,56.407,59.457,-49.647,0.0,150.0,400.0,-200.0
0.0,0.0,56.435,59.485,-49.665,0.0,150.0,400.0,-200.0
0.0,0.0,56.462,59.511,-49.682,0.0,150.0,400.0,-200.0
0.0,0.0,56.489,59.537,-49.699,0.0,150.0,400.0,-200.0
0.0,0.0,56.514,59.562,-49.715,0.0,150.0,400.0,-200.0
0.0,0.0,56.539,59.586,-49.731,0.0,150.0,400.0,-200.0
0.0,0.0,56.563,59.61,-49.746,0.0,150.0,400.0,-200.0
0.0,0.0,56.586,59.632,-49.761,0.0,150.0,400.0,-200.0
0.0,0.0,56.608,59.654,-49.775,0.0,150.0,400.0,-200.0
0.0,0.0,56.63,59.675,-49.788,0.0,150.0,400.0,-200.0
0.0,0.0,56.65,59.695,-49.801,0.0,150.0,400.0,-200.0
0.0,0.0,56.67,59.714,-49.814,0.0,150.0,400.0,-200.0
0.0,0.0,56.689,59.732,-49.826,0.0,150.0,400.0,-200.0
0.0,0.0,56.708,59.75,-49.837,0.0,150.0,400.0,-200.0
0.0,0.0,56.725,59.767,-49.848,0.0,150.0,400.0,-200.0
0.0,0.0,56.742,59.783,-49.859,0.0,150.0,400.0,-200.0
0.0,0.0,56.758,59.799,-49.869,0.0,150.0,400.0,-200.0
0.0,0.0,56.774,59.813,-49.878,0.0,150.0,400.0,-200.0
0.0,0.0,56.788,59.828,-49.888,0.0,150.0,400.0,-200.0
0.0,0.0,56.802,59.841,-49.896,0.0,150.0,400.0,-200.0
0.0,0.0,56.816,59.854,-49.905,0.0,150.0,400.0,-200.0
0.0,0.0,56.828,59.866,-49.912,0.0,150.0,400.0,-200.0
0.0,0.0,56.84,59.877,-49.92,0.0,150.0,400.0,-200.0
0.0,0.0,56.851,59.888,-49.927,0.0,150.0,400.0,-200.0
0.0,0.0,56.862,59.898,-49.933,0.0,150.0,400.0,-200.0
0.0,0.0,56.872,59.907,-49.94,0.0,150.0,400.0,-200.0
0.0,0.0,56.881,59.916,-49.945,0.0,150.0,400.0,-200.0
0.0,0.0,56.89,59.925,-49.951,0.0,150.0,400.0,-200.0
0.0,0.0,56.898,59.933,-49.956,0.0,150.0,400.0,-200.0
0.0,0.0,56.906,59.94,-49.961,0.0,150.0,400.0,-200.0
0.0,0.0,56.913,59.947,-49.965,0.0,150.0,400.0,-200.0
0.0,0.0,56.92,59.953,-49.969,0.0,150.0,400.0,-200.0
0.0,0.0,56.926,59.959,-49.973,0.0,150.0,400.0,-200.0
0.0,0.0,56.931,59.964,-49.976,0.0,150.0,400.0,-200.0
0.0,0.0,56.936,59.969,-49.979,0.0,150.0,400.0,-200.0
0.0,0.0,56.941,59.973,-49.982,0.0,150.0,400.0,-200.0
0.0,0.0,56.945,59.977,-49.985,0.0,150.0,400.0,-200.0
0.0,0.0,56.949,59.98,-49.987,0.0,150.0,400.0,-200.0
0.0,0.0,56.953,59.984,-49.989,0.0,150.0,400.0,-200.0
0.0,0.0,56.956,59.987,-49.991,0.0,150.0,400.0,-200.0
0.0,0.0,56.958,59.989,-49.993,0.0,150.0,400.0,-200.0
0.0,0.0,56.961,59.991,-49.994,0.0,150.0,400.0,-200.0
0.0,0.0,56.962,59.993,-49.995,0.0,150.0,400.0,-200.0
0.0,0.0,56.964,59.995,-49.996,0.0,150.0,400.0,-200.0
0.0,0.0,56.966,59.996,-49.997,0.0,150.0,400.0,-200.0
0.0,0.0,56.967,59.997,-49.998,0.0,150.0,400.0,-200.0
0.0,0.0,56.968,59.998,-49.999,0.0,150.0,400.0,-200.0
0.0,0.0,56.968,59.999,-49.999,0.0,150.0,400.0,-200.0
0.0,0.0,56.969,59.999,-49.999,0.0,150.0,400.0,-200.0
0.0,0.0,56.969,59.999,-50.0,0.0,150.0,400.0,-200.0
0.0,0.0,56.97,60.0,-50.0,0.0,150.0,400.0,-200.0
0.0,0.0,56.97,60.0,-50.0,0.0,150.0,400.0,-200.0
0.0,0.0,56.97,60.0,-50.0,0.0,150.0,400.0,-200.0
0.0,0.0,56.97,60.0,-50.0,0.0,150.0,400.0,-200.0
0.0,0.0,56.97,60.0,-50.0,0.0,150.0,400.0,-200.0
